ts,agent_id,cam0x,cam0y,cam1x,cam1y,cam2x,cam2y,cam3x,cam3y,world0x,world0y,world1x,world1y,world2x,world2y,world3x,world3y
1573360763,0,128.57470703125,114.6126937866211,128.26153564453125,95.48275756835938,128.23086547851562,88.41132354736328,128.1596221923828,84.53717041015625,0.0159388929605484,3.504939317703247,0.013162319548428059,6.686049938201904,0.016625167801976204,9.739340782165527,0.015046808868646622,12.872532844543457
1598360763,0,128.93463134765625,115.45144653320312,128.5160675048828,95.74614715576172,128.5567626953125,88.5566177368164,128.54739379882812,84.65679931640625,0.0254206545650959,3.4295616149902344,0.02568407915532589,6.607451915740967,0.03974194824695587,9.650362014770508,0.05111244320869446,12.74708366394043
1623360764,0,129.27194213867188,116.32862854003906,128.6292724609375,96.07844543457031,128.66403198242188,88.81239318847656,128.63967895507812,84.90916442871094,0.03391046077013016,3.3537814617156982,0.03088594786822796,6.510745048522949,0.04667777195572853,9.497461318969727,0.05856182053685188,12.490067481994629
1648360764,0,128.53408813476562,114.59370422363281,128.20034790039062,95.27163696289062,128.2342529296875,88.10884094238281,128.22882080078125,84.23033905029297,0.01481897383928299,3.5066802501678467,0.01017439179122448,6.7503342628479,0.017185863107442856,9.929731369018555,0.022110961377620697,13.205509185791016
1673360764,0,128.54124450683594,114.36521911621094,128.25088500976562,95.24629211425781,128.2611541748047,88.12224578857422,128.23573303222656,84.2623062133789,0.015098530799150467,3.527750015258789,0.012754742056131363,6.7581305503845215,0.01914353296160698,9.921142578125,0.022719506174325943,13.170040130615234
1698360765,0,128.68019104003906,114.3272705078125,128.36767578125,95.21891784667969,128.34657287597656,88.09912109375,128.29269409179688,84.23849487304688,0.018991587683558464,3.531271457672119,0.018714305013418198,6.766570091247559,0.025441521778702736,9.935968399047852,0.02826419286429882,13.196442604064941
1723360765,0,128.61318969726562,114.33253479003906,128.33203125,95.2087631225586,128.30963134765625,88.08300018310547,128.25314331054688,84.2147216796875,0.01711871661245823,3.530782461166382,0.016907431185245514,6.769705295562744,0.022752465680241585,9.946328163146973,0.024492524564266205,13.222906112670898
1748360766,0,128.63204956054688,114.35905456542969,128.3638916015625,95.21894836425781,128.34033203125,88.08964538574219,128.2841033935547,84.22348022460938,0.017634188756346703,3.5283215045928955,0.018521670252084732,6.766560077667236,0.024998100474476814,9.942055702209473,0.027468325570225716,13.213143348693848
1773360766,0,128.58651733398438,114.4548568725586,128.34375,95.2474594116211,128.32167053222656,88.09196472167969,128.2685546875,84.21597290039062,0.016326913610100746,3.5194571018218994,0.017475025728344917,6.757771015167236,0.023623967543244362,9.940564155578613,0.025980966165661812,13.22150993347168
1798360766,0,128.54505920410156,114.48573303222656,128.32017517089844,95.25338745117188,128.30563354492188,88.0843734741211,128.25506591796875,84.20423889160156,0.015161815099418163,3.516608715057373,0.016272416338324547,6.755946159362793,0.022456780076026917,9.94544506072998,0.02469974011182785,13.234606742858887
1823360767,0,128.47433471679688,114.4865493774414,128.30148315429688,95.25724029541016,128.2938232421875,88.08296203613281,128.24256896972656,84.2015609741211,0.013194231316447258,3.516533374786377,0.015319885686039925,6.754761219024658,0.021590901538729668,9.9463529586792,0.02349473163485527,13.23759937286377
1848360767,0,128.46337890625,114.44786071777344,128.2958984375,95.23855590820312,128.2834014892578,88.06543731689453,128.22923278808594,84.18173217773438,0.012901228852570057,3.5201029777526855,0.015048187226057053,6.760513782501221,0.020847799256443977,9.95763874053955,0.022239157930016518,13.259798049926758
1873360767,0,128.512939453125,114.50933074951172,128.33139038085938,95.27439880371094,128.31610107421875,88.09090423583984,128.25746154785156,84.20606231689453,0.014260425232350826,3.514434576034546,0.016827208921313286,6.749486446380615,0.02321646921336651,9.941246032714844,0.024927999824285507,13.232569694519043
1898360768,0,128.47030639648438,114.52291107177734,128.29327392578125,95.26737976074219,128.2802276611328,88.07951354980469,128.22659301757812,84.1934585571289,0.013070992194116116,3.5131845474243164,0.014896239154040813,6.751643180847168,0.020596275106072426,9.94857120513916,0.021961918100714684,13.246661186218262
1923360768,0,128.4285430908203,114.4771957397461,128.2850799560547,95.23463439941406,128.27841186523438,88.05299377441406,128.2284698486328,84.16716766357422,0.011923102661967278,3.5173957347869873,0.014500449411571026,6.761721611022949,0.02049662545323372,9.965667724609375,0.022191673517227173,13.276148796081543
1948360769,0,128.43321228027344,114.47745513916016,128.31336975097656,95.23677062988281,128.30809020996094,88.05184173583984,128.25624084472656,84.16529846191406,0.012052937410771847,3.517371892929077,0.015937931835651398,6.761063575744629,0.022683165967464447,9.966411590576172,0.02489294297993183,13.278250694274902
1973360769,0,128.40399169921875,114.45315551757812,128.294677734375,95.21361541748047,128.28854370117188,88.02903747558594,128.23634338378906,84.1417465209961,0.011246388778090477,3.5196142196655273,0.015002207830548286,6.768206596374512,0.021274277940392494,9.981160163879395,0.023004507645964622,13.30478286743164
1998360769,0,128.40841674804688,114.45059204101562,128.31301879882812,95.20611572265625,128.30494689941406,88.02101135253906,128.24954223632812,84.132080078125,0.011370260268449783,3.519850730895996,0.015941113233566284,6.770523548126221,0.02249494567513466,9.986360549926758,0.024308569729328156,13.315701484680176
2023360770,0,128.4112548828125,114.43919372558594,128.3451690673828,95.20738983154297,128.33119201660156,88.02311706542969,128.2628936767578,84.13887786865234,0.01145234890282154,3.5209035873413086,0.017577461898326874,6.770129203796387,0.0244277510792017,9.98499584197998,0.02559482865035534,13.308021545410156
2048360770,0,128.40771484375,114.43333435058594,128.3241424560547,95.20341491699219,128.3145751953125,88.01918029785156,128.25527954101562,84.13280487060547,0.01135533582419157,3.5214450359344482,0.0165095292031765,6.771358013153076,0.02320784702897072,9.987547874450684,0.024865970015525818,13.314882278442383
2073360770,0,128.33836364746094,114.39012908935547,128.28005981445312,95.18551635742188,128.27003479003906,88.00894927978516,128.2080078125,84.12550354003906,0.009433428756892681,3.525441884994507,0.014275281690061092,6.7768940925598145,0.019934600219130516,9.994186401367188,0.020273584872484207,13.323142051696777
2098360771,0,128.36415100097656,114.46605682373047,128.2888641357422,95.20923614501953,128.27821350097656,88.01461791992188,128.21737670898438,84.12512969970703,0.010134217329323292,3.518423557281494,0.014709008857607841,6.769558906555176,0.020531103014945984,9.990507125854492,0.021187379956245422,13.323564529418945
2123360771,0,128.39053344726562,114.45361328125,128.29624938964844,95.21627807617188,128.28280639648438,88.02159118652344,128.2211151123047,84.13007354736328,0.010871618054807186,3.5195717811584473,0.015080492943525314,6.7673845291137695,0.020860956981778145,9.985984802246094,0.021542971953749657,13.317970275878906
2148360772,0,128.37733459472656,114.44558715820312,128.29568481445312,95.20283508300781,128.28164672851562,88.0103759765625,128.2160186767578,84.12098693847656,0.010506178252398968,3.520313262939453,0.015060472302138805,6.771536827087402,0.020789967849850655,9.993260383605957,0.02106221206486225,13.328254699707031
2173360772,0,128.37205505371094,114.4471206665039,128.2966766357422,95.19613647460938,128.28610229492188,88.00285339355469,128.22503662109375,84.11331176757812,0.01035880483686924,3.520171642303467,0.015115354210138321,6.773608207702637,0.021128788590431213,9.998146057128906,0.021955378353595734,13.336953163146973
2198360772,0,128.36666870117188,114.45259857177734,128.30096435546875,95.19707489013672,128.2861328125,88.0017318725586,128.21681213378906,84.11157989501953,0.010207519866526127,3.5196657180786133,0.015333187766373158,6.773317813873291,0.021132521331310272,9.99887466430664,0.02115599438548088,13.33891773223877
2223360773,0,128.39132690429688,114.43852233886719,128.34031677246094,95.19886016845703,128.3244171142578,88.00721740722656,128.24844360351562,84.1220932006836,0.010897580534219742,3.520965576171875,0.017336737364530563,6.772765636444092,0.023951822891831398,9.99531078338623,0.02422148920595646,13.32700252532959
2248360773,0,128.3656768798828,114.44744873046875,128.3102569580078,95.21022033691406,128.29798889160156,88.01502227783203,128.22523498535156,84.12731170654297,0.010181142948567867,3.520141124725342,0.01579766534268856,6.7692551612854,0.021989896893501282,9.99024486541748,0.021949363872408867,13.321094512939453
2273360773,0,128.34909057617188,114.40502166748047,128.2982635498047,95.19175720214844,128.28524780273438,87.99984741210938,128.2125244140625,84.11210632324219,0.009729072451591492,3.5240631103515625,0.01519907545298338,6.774962425231934,0.021069638431072235,10.000099182128906,0.020736707374453545,13.3383207321167
2298360774,0,128.35305786132812,114.43370819091797,128.3075714111328,95.20968627929688,128.29405212402344,88.01044464111328,128.21876525878906,84.12033081054688,0.009832988493144512,3.5214104652404785,0.01566128246486187,6.769420146942139,0.021705590188503265,9.993215560913086,0.021331163123250008,13.328998565673828
2323360774,0,128.3677215576172,114.45321655273438,128.3031463623047,95.21440124511719,128.28453063964844,88.01280212402344,128.20379638671875,84.12156677246094,0.010236680507659912,3.519608736038208,0.015432828105986118,6.767963886260986,0.020999664440751076,9.99168586730957,0.019869565963745117,13.327598571777344
2348360775,0,128.34292602539062,114.42485046386719,128.28369140625,95.2009048461914,128.26820373535156,88.00289916992188,128.1890869140625,84.11419677734375,0.009552801959216595,3.5222291946411133,0.014450800605118275,6.772133827209473,0.019806914031505585,9.998116493225098,0.018446648493409157,13.335949897766113
2373360775,0,128.35853576660156,114.45661163330078,128.30252075195312,95.21038818359375,128.28599548339844,88.00775146484375,128.20700073242188,84.11582946777344,0.00998016633093357,3.5192949771881104,0.015403641387820244,6.769203186035156,0.02111443504691124,9.994963645935059,0.020191537216305733,13.334098815917969
2398360775,0,128.356201171875,114.46866607666016,128.2934112548828,95.20626068115234,128.27786254882812,88.00098419189453,128.20111083984375,84.10965728759766,0.009912366047501564,3.5181825160980225,0.014942464418709278,6.770478248596191,0.020522674545645714,9.999360084533691,0.01962701417505741,13.34109878540039
2423360776,0,128.33413696289062,114.4566650390625,128.28350830078125,95.20423126220703,128.26727294921875,88.00457763671875,128.18690490722656,84.11626434326172,0.009300991892814636,3.519289970397949,0.01443940307945013,6.771105766296387,0.01973610371351242,9.997025489807129,0.01823066920042038,13.333605766296387
2448360776,0,128.34532165527344,114.44570922851562,128.30838012695312,95.21280670166016,128.2945556640625,88.0121841430664,128.21432495117188,84.12226104736328,0.009614809416234493,3.5203018188476562,0.01570034958422184,6.768455982208252,0.021740395575761795,9.992086410522461,0.020894872024655342,13.326811790466309
2473360776,0,128.3135528564453,114.41219329833984,128.2887420654297,95.20101165771484,128.2744903564453,88.00361633300781,128.1930389404297,84.11354064941406,0.008737168274819851,3.523399829864502,0.014708003960549831,6.772100448608398,0.020270273089408875,9.997650146484375,0.018833214417099953,13.33669376373291
2498360777,0,128.34259033203125,114.4798812866211,128.3063507080078,95.2239761352539,128.2912139892578,88.01741027832031,128.20851135253906,84.12826538085938,0.00953108724206686,3.517148017883301,0.015589527785778046,6.765008926391602,0.021486742421984673,9.988696098327637,0.020318031311035156,13.320015907287598
2523360777,0,128.3464813232422,114.4405517578125,128.31484985351562,95.20938873291016,128.29942321777344,88.00922393798828,128.21505737304688,84.12134552001953,0.009648269973695278,3.520778179168701,0.016032099723815918,6.769511699676514,0.022103743627667427,9.99400806427002,0.020967861637473106,13.327849388122559
2548360778,0,128.32904052734375,114.45614624023438,128.28822326660156,95.21086883544922,128.269287109375,88.00677490234375,128.1826629638672,84.11579132080078,0.009159240871667862,3.5193381309509277,0.014675343409180641,6.769054889678955,0.01988210529088974,9.995597839355469,0.017817607149481773,13.334142684936523
2573360778,0,128.3387451171875,114.46153259277344,128.2864227294922,95.20982360839844,128.2700653076172,88.00502014160156,128.18902587890625,84.11284637451172,0.009428183548152447,3.518841028213501,0.014584323391318321,6.769378185272217,0.019941749051213264,9.99673843383789,0.018442749977111816,13.337480545043945
2598360778,0,128.3024139404297,114.46317291259766,128.2499237060547,95.19873809814453,128.23751831054688,87.99665832519531,128.1611785888672,84.10769653320312,0.008416663855314255,3.5186893939971924,0.012731914408504963,6.77280330657959,0.01754762977361679,10.002172470092773,0.015732452273368835,13.343323707580566
2623360779,0,128.30577087402344,114.45784759521484,128.26429748535156,95.20034790039062,128.2517547607422,87.99966430664062,128.17344665527344,84.11249542236328,0.008511160500347614,3.5191810131073,0.013463226146996021,6.772305488586426,0.01859591156244278,10.000218391418457,0.016923217102885246,13.337879180908203
2648360779,0,128.31053161621094,114.47467041015625,128.28091430664062,95.22476959228516,128.26528930664062,88.01934814453125,128.18138122558594,84.12881469726562,0.00864025205373764,3.5176286697387695,0.014294636435806751,6.764764308929443,0.019571565091609955,9.987439155578613,0.017673583701252937,13.319395065307617
2673360779,0,128.29666137695312,114.45692443847656,128.26304626464844,95.21131134033203,128.24887084960938,88.00672912597656,128.1667938232422,84.11740112304688,0.008257776498794556,3.519266128540039,0.01339316088706255,6.768918037414551,0.01837477833032608,9.995628356933594,0.016267510131001472,13.332317352294922
2698360780,0,128.3218536376953,114.4428482055664,128.29576110839844,95.21150207519531,128.28330993652344,88.01043701171875,128.20013427734375,84.12422943115234,0.008961991406977177,3.520565986633301,0.015058732591569424,6.768858909606934,0.02091265842318535,9.993220329284668,0.01950823701918125,13.324584007263184
2723360780,0,128.31723022460938,114.46075439453125,128.28292846679688,95.22188568115234,128.26710510253906,88.017333984375,128.18092346191406,84.12796783447266,0.008829527534544468,3.5189125537872314,0.014398916624486446,6.765653610229492,0.019708003848791122,9.98874568939209,0.017630212008953094,13.320353507995605
2748360780,0,128.3127899169922,114.42467498779297,128.27735900878906,95.20048522949219,128.26441955566406,88.00005340576172,128.18113708496094,84.11148071289062,0.008713344112038612,3.522245407104492,0.014128493145108223,6.772263526916504,0.019530924037098885,9.99996566772461,0.01767505519092083,13.339030265808105
2773360781,0,128.30519104003906,114.42118835449219,128.26181030273438,95.19120788574219,128.2501220703125,87.99496459960938,128.1712646484375,84.10814666748047,0.008502361364662647,3.5225677490234375,0.013341786339879036,6.775132179260254,0.01848074048757553,10.003273963928223,0.01671632193028927,13.342813491821289
2798360781,0,128.2947235107422,114.44081115722656,128.24203491210938,95.19638061523438,128.23277282714844,87.99551391601562,128.1605987548828,84.10698699951172,0.008206949569284916,3.520754337310791,0.012331287376582623,6.773532390594482,0.017198270186781883,10.002917289733887,0.015676775947213173,13.34412956237793
2823360782,0,128.28033447265625,114.42947387695312,128.24729919433594,95.19493103027344,128.23721313476562,87.99713134765625,128.1598358154297,84.11023712158203,0.007808354217559099,3.5218019485473633,0.012600281275808811,6.773980617523193,0.017524564638733864,10.001864433288574,0.015598115511238575,13.340441703796387
2848360782,0,128.29318237304688,114.45755767822266,128.2635040283203,95.2186279296875,128.25308227539062,88.0159912109375,128.17312622070312,84.1269302368164,0.008160813711583614,3.519207715988159,0.013412241823971272,6.766659259796143,0.018674911931157112,9.989616394042969,0.016871845349669456,13.321526527404785
2873360782,0,128.26852416992188,114.40089416503906,128.25057983398438,95.18985748291016,128.24044799804688,87.9941635131836,128.15972900390625,84.10913848876953,0.007484434638172388,3.5244452953338623,0.012770229019224644,6.775550365447998,0.017766842618584633,10.00379467010498,0.015589104034006596,13.341687202453613
2898360783,0,128.29507446289062,114.45352935791016,128.27426147460938,95.2142333984375,128.26629638671875,88.01072692871094,128.18557739257812,84.12351989746094,0.008214260451495647,3.5195796489715576,0.013962432742118835,6.7680158615112305,0.019656440243124962,9.993032455444336,0.018090350553393364,13.325387001037598
2923360783,0,128.3119354248047,114.42861938476562,128.27969360351562,95.21109008789062,128.26785278320312,88.01104736328125,128.18576049804688,84.12301635742188,0.008688732981681824,3.521880865097046,0.01424090564250946,6.768986225128174,0.019770929589867592,9.99282455444336,0.018108952790498734,13.325957298278809
2948360783,0,128.28402709960938,114.40624237060547,128.2545928955078,95.19249725341797,128.24496459960938,87.99669647216797,128.16453552246094,84.11102294921875,0.007915541529655457,3.5239503383636475,0.012973268516361713,6.774734020233154,0.018097711727023125,10.002147674560547,0.01605570875108242,13.33954906463623
2973360784,0,128.29470825195312,114.4050521850586,128.2574005126953,95.18424224853516,128.25003051757812,87.99040985107422,128.1765899658203,84.10441589355469,0.008213444612920284,3.5240604877471924,0.013121006079018116,6.777288436889648,0.0184792373329401,10.006237030029297,0.01724141277372837,13.347049713134766
2998360784,0,128.28135681152344,114.423828125,128.2337188720703,95.19024658203125,128.224365234375,87.991943359375,128.15078735351562,84.10401916503906,0.007837872952222824,3.5223238468170166,0.011910748668015003,6.775429725646973,0.01658077910542488,10.005239486694336,0.01472264900803566,13.34749984741211
3023360785,0,128.27615356445312,114.42253875732422,128.24600219726562,95.19139862060547,128.24002075195312,87.99401092529297,128.16641235351562,84.10749816894531,0.007693157996982336,3.5224430561065674,0.012536107562482357,6.775073528289795,0.017735442146658897,10.003893852233887,0.01624358259141445,13.343549728393555
3048360785,0,128.28599548339844,114.41461181640625,128.25485229492188,95.20386505126953,128.2454376220703,88.00767517089844,128.1664581298828,84.12169647216797,0.007968825288116932,3.5231761932373047,0.012980124913156033,6.771219253540039,0.01812022179365158,9.995013236999512,0.016229016706347466,13.3274507522583
3073360785,0,128.26658630371094,114.41695404052734,128.24253845214844,95.19697570800781,128.23619079589844,87.99950408935547,128.158935546875,84.11302185058594,0.007427608594298363,3.5229594707489014,0.012356624938547611,6.773348331451416,0.017446450889110565,10.000322341918945,0.015506693162024021,13.337282180786133
3098360786,0,128.29522705078125,114.43960571289062,128.26852416992188,95.20660400390625,128.26123046875,88.00618743896484,128.18301391601562,84.1189956665039,0.00822120439261198,3.5208654403686523,0.013674845919013023,6.77037239074707,0.019287973642349243,9.995980262756348,0.017847120761871338,13.330511093139648
3123360786,0,128.2960662841797,114.40180206298828,128.2693328857422,95.19696044921875,128.26255798339844,88.00450134277344,128.1846923828125,84.1201400756836,0.008251924999058247,3.5243613719940186,0.013721732422709465,6.773353099822998,0.01938803307712078,9.997075080871582,0.01800909824669361,13.329214096069336
3148360786,0,128.29598999023438,114.41001892089844,128.2680206298828,95.18936157226562,128.2622833251953,87.99411010742188,128.18699645996094,84.1094970703125,0.00824820064008236,3.5236010551452637,0.013659350574016571,6.7757039070129395,0.01938033476471901,10.003829956054688,0.018249792978167534,13.341280937194824
3173360787,0,128.2941131591797,114.37287902832031,128.260986328125,95.17816162109375,128.2548065185547,87.99079132080078,128.18231201171875,84.10575103759766,0.008203083649277687,3.5270400047302246,0.013307282701134682,6.779170989990234,0.018831772729754448,10.005989074707031,0.017798123881220818,13.34553337097168
3198360787,0,128.27366638183594,114.41836547851562,128.2308349609375,95.18931579589844,128.22531127929688,87.99088287353516,128.15406799316406,84.10294342041016,0.007624619174748659,3.522829055786133,0.011764251627027988,6.7757182121276855,0.016651799902319908,10.005929946899414,0.01504430454224348,13.348722457885742
3223360788,0,128.26963806152344,114.40121459960938,128.23681640625,95.18479919433594,128.23175048828125,87.99159240722656,128.16033935546875,84.1072769165039,0.007515424862504005,3.5244154930114746,0.012071439996361732,6.777115821838379,0.017126932740211487,10.005467414855957,0.015651080757379532,13.34380054473877
3248360788,0,128.2765350341797,114.42853546142578,128.2461700439453,95.20852661132812,128.2420196533203,88.01107788085938,128.16549682617188,84.12342834472656,0.0077026961371302605,3.5218887329101562,0.012535401619970798,6.769778251647949,0.017864082008600235,9.992804527282715,0.016132989898324013,13.32548999786377
3273360788,0,128.26145935058594,114.38414001464844,128.236083984375,95.18635559082031,128.22943115234375,87.99369049072266,128.15188598632812,84.10726928710938,0.007290401961654425,3.525996685028076,0.012033297680318356,6.776634216308594,0.016953304409980774,10.00410270690918,0.01482593733817339,13.343809127807617
3298360789,0,128.27520751953125,114.41561889648438,128.25294494628906,95.20150756835938,128.24951171875,88.00816345214844,128.17312622070312,84.12350463867188,0.007668053265661001,3.523082733154297,0.012884289026260376,6.771947383880615,0.018420442938804626,9.994696617126465,0.016876613721251488,13.325404167175293
3323360789,0,128.29605102539062,114.4068603515625,128.2681427001953,95.19998931884766,128.2635955810547,88.00638580322266,128.1878662109375,84.12279510498047,0.008250515908002853,3.523893117904663,0.013659311458468437,6.772416591644287,0.019462360069155693,9.995851516723633,0.01831456460058689,13.326208114624023
3348360789,0,128.2875213623047,114.40474700927734,128.26177978515625,95.18634796142578,128.25596618652344,87.9917221069336,128.1813507080078,84.10746765136719,0.008013205602765083,3.5240886211395264,0.013343027792870998,6.776636123657227,0.018916379660367966,10.005383491516113,0.0177017655223608,13.343584060668945
3373360790,0,128.28759765625,114.40232849121094,128.2476806640625,95.18437957763672,128.2420196533203,87.98971557617188,128.1696319580078,84.10319519042969,0.008015789091587067,3.5243124961853027,0.01262546144425869,6.77724552154541,0.017887946218252182,10.006688117980957,0.016563735902309418,13.348435401916504
3398360790,0,128.26849365234375,114.39659881591797,128.2202606201172,95.17778015136719,128.2168731689453,87.98464965820312,128.1506805419922,84.09888458251953,0.0074843429028987885,3.5248429775238037,0.011230927892029285,6.779289245605469,0.016034424304962158,10.009987831115723,0.014718464575707912,13.353334426879883
3423360791,0,128.2705841064453,114.4107666015625,128.23837280273438,95.18551635742188,128.2364501953125,87.99079895019531,128.1670684814453,84.10508728027344,0.007540094666182995,3.523531675338745,0.012150400318205357,6.7768940925598145,0.01747511886060238,10.00598430633545,0.01631087437272072,13.34628677368164
3448360791,0,128.27783203125,114.40400695800781,128.24612426757812,95.2006607055664,128.2398681640625,88.00613403320312,128.163330078125,84.1189956665039,0.0077432990074157715,3.5241570472717285,0.012537321075797081,6.772209167480469,0.017710745334625244,9.996014595031738,0.015927596017718315,13.330511093139648
3473360791,0,128.24571228027344,114.3975830078125,128.22259521484375,95.18993377685547,128.21925354003906,87.99807739257812,128.14523315429688,84.1131591796875,0.006849145982414484,3.524751901626587,0.011344018392264843,6.775526523590088,0.016196807846426964,10.001249313354492,0.014169646427035332,13.337126731872559
3498360792,0,128.27540588378906,114.42118835449219,128.25816345214844,95.19701385498047,128.2565460205078,88.00051879882812,128.18287658691406,84.11663055419922,0.007672572508454323,3.5225677490234375,0.013152651488780975,6.773336410522461,0.018948806449770927,9.999662399291992,0.01783720776438713,13.333189964294434
3523360792,0,128.29029846191406,114.41043853759766,128.26158142089844,95.20440673828125,128.2539520263672,88.00852966308594,128.1749725341797,84.12285614013672,0.008089517243206501,3.523561954498291,0.013322540558874607,6.771050930023193,0.018747825175523758,9.99445915222168,0.01705750823020935,13.326138496398926
3548360792,0,128.28504943847656,114.4234619140625,128.25668334960938,95.19338989257812,128.2503662109375,87.99322509765625,128.17298889160156,84.10723114013672,0.007940808311104774,3.52235746383667,0.01307928841561079,6.7744574546813965,0.018500791862607002,10.004405975341797,0.016885891556739807,13.343852043151855
3573360793,0,128.28721618652344,114.41443634033203,128.25120544433594,95.19012451171875,128.2457733154297,87.99266052246094,128.17312622070312,84.10612487792969,0.00800287164747715,3.5231921672821045,0.012801963835954666,6.775467872619629,0.018162041902542114,10.004773139953613,0.016900841146707535,13.345108032226562
3598360793,0,128.2748260498047,114.39881896972656,128.23062133789062,95.1810073852539,128.22613525390625,87.98627471923828,128.15611267089844,84.0994644165039,0.007660458795726299,3.524637460708618,0.01175757683813572,6.778290271759033,0.016717512160539627,10.008929252624512,0.015248342417180538,13.35267448425293
3623360794,0,128.26341247558594,114.38829040527344,128.23565673828125,95.17875671386719,128.23330688476562,87.98696899414062,128.16378784179688,84.10147094726562,0.007344142533838749,3.5256123542785645,0.01201545912772417,6.778986930847168,0.017246941104531288,10.008477210998535,0.015995364636182785,13.350394248962402
3648360794,0,128.2664031982422,114.43458557128906,128.24534606933594,95.21066284179688,128.2432403564453,88.01337432861328,128.16754150390625,84.12687683105469,0.007419422268867493,3.521329402923584,0.012492293491959572,6.769118309020996,0.017951611429452896,9.991313934326172,0.016327664256095886,13.321586608886719
3673360794,0,128.25335693359375,114.41785430908203,128.2378387451172,95.19469451904297,128.2352294921875,87.99673461914062,128.1609344482422,84.1121826171875,0.007058862596750259,3.522876024246216,0.012118379585444927,6.774053573608398,0.01737845130264759,10.00212287902832,0.015702804550528526,13.338233947753906
3698360795,0,128.27207946777344,114.4057846069336,128.25291442871094,95.1998291015625,128.24932861328125,88.00611114501953,128.17376708984375,84.12110900878906,0.007582655642181635,3.5239927768707275,0.012883665971457958,6.77246618270874,0.018409283831715584,9.996028900146484,0.01694243587553501,13.328117370605469
3723360795,0,128.29150390625,114.40837860107422,128.26768493652344,95.20537567138672,128.2625274658203,88.00819396972656,128.18394470214844,84.12226104736328,0.008123503066599369,3.5237526893615723,0.013632828369736671,6.770751476287842,0.01938130520284176,9.99467658996582,0.017933055758476257,13.326811790466309
3748360795,0,128.27476501464844,114.40257263183594,128.24978637695312,95.1874008178711,128.24468994140625,87.99168395996094,128.16883850097656,84.10751342773438,0.007658079732209444,3.524290084838867,0.012731141410768032,6.776310920715332,0.018083086237311363,10.00540828704834,0.016480378806591034,13.34353256225586
3773360796,0,128.281494140625,114.4024429321289,128.2504425048828,95.18167114257812,128.24598693847656,87.98681640625,128.17262268066406,84.10105895996094,0.007845653221011162,3.524301767349243,0.012767737731337547,6.7780842781066895,0.018184471875429153,10.008576393127441,0.016858741641044617,13.350863456726074
3798360796,0,128.27102661132812,114.38865661621094,128.23385620117188,95.17664337158203,128.22891235351562,87.98298645019531,128.15731811523438,84.0972900390625,0.007556364871561527,3.525578260421753,0.011924742721021175,6.779641628265381,0.016926296055316925,10.011070251464844,0.015368846245110035,13.355146408081055
3823360797,0,128.25741577148438,114.42536926269531,128.2341766357422,95.18877410888672,128.23240661621094,87.99281311035156,128.1610870361328,84.10781860351562,0.0071706767193973064,3.522181272506714,0.011934834532439709,6.775885581970215,0.017174111679196358,10.004673957824707,0.01572335883975029,13.343185424804688
3848360797,0,128.27517700195312,114.427734375,128.25152587890625,95.2054443359375,128.24978637695312,88.0080337524414,128.17648315429688,84.12247467041016,0.007665013894438744,3.5219626426696777,0.012809831649065018,6.770730495452881,0.018440868705511093,9.994780540466309,0.017205312848091125,13.326569557189941
3873360797,0,128.25587463378906,114.4019546508789,128.23521423339844,95.18925476074219,128.23001098632812,87.99504089355469,128.15391540527344,84.1099624633789,0.007131682708859444,3.5243470668792725,0.011987467296421528,6.7757368087768555,0.016994714736938477,10.00322437286377,0.01502069178968668,13.340752601623535
3898360798,0,128.27764892578125,114.45425415039062,128.25640869140625,95.21316528320312,128.25181579589844,88.01007843017578,128.1739959716797,84.1225814819336,0.007729037664830685,3.51951265335083,0.013054163195192814,6.768345832824707,0.018588319420814514,9.993453025817871,0.01696269027888775,13.326449394226074
3923360798,0,128.2779541015625,114.43480682373047,128.25531005859375,95.2198715209961,128.24964904785156,88.01751708984375,128.1730194091797,84.12883758544922,0.0077410792000591755,3.5213091373443604,0.012994475662708282,6.766275405883789,0.018419818952679634,9.988626480102539,0.016858786344528198,13.319369316101074
3948360798,0,128.25527954101562,114.40782928466797,128.24005126953125,95.20405578613281,128.242431640625,88.00530242919922,128.17343139648438,84.1175308227539,0.007114110514521599,3.523803472518921,0.012226179242134094,6.771159648895264,0.017900947481393814,9.996554374694824,0.016914697363972664,13.332171440124512
3973360799,0,128.24713134765625,114.40442657470703,128.22610473632812,95.2049789428711,128.22784423828125,88.00315856933594,128.1620330810547,84.11254119873047,0.006887590046972036,3.524118423461914,0.011515402235090733,6.770874500274658,0.016826082020998,9.997947692871094,0.01580953225493431,13.3378267288208
3998360799,0,128.2281494140625,114.43185424804688,128.1796875,95.21253204345703,128.1743621826172,88.00656127929688,128.1016082763672,84.11913299560547,0.00635445024818182,3.5215818881988525,0.009148417972028255,6.76854133605957,0.01287374459207058,9.995737075805664,0.009908505715429783,13.330354690551758
4023360799,0,128.2399139404297,114.37602233886719,128.22433471679688,95.19544982910156,128.22474670410156,87.99418640136719,128.15423583984375,84.10994720458984,0.006690921727567911,3.5267486572265625,0.011429950594902039,6.773820877075195,0.016606643795967102,10.003780364990234,0.01505198236554861,13.34076976776123
4048360800,0,128.17184448242188,114.32911682128906,128.16592407226562,95.19158935546875,128.17376708984375,87.99488830566406,128.11251831054688,84.10816192626953,0.004797853995114565,3.531099796295166,0.008455310016870499,6.775014400482178,0.012839170172810555,10.003323554992676,0.010982358828186989,13.342796325683594
4073360800,0,128.17567443847656,114.4228515625,128.1420440673828,95.23699951171875,128.15328979492188,88.01931762695312,128.1014404296875,84.1268539428711,0.00489394785836339,3.522413969039917,0.007224265020340681,6.760992527008057,0.011308886110782623,9.987458229064941,0.009885840117931366,13.321613311767578
4098360801,0,128.20384216308594,114.40296936035156,128.14773559570312,95.21881103515625,128.16151428222656,88.00416564941406,128.1185760498047,84.11146545410156,0.005681308452039957,3.5242531299591064,0.007519618608057499,6.766602516174316,0.011926925741136074,9.997292518615723,0.011570467613637447,13.339046478271484
4123360801,0,128.21871948242188,114.41081237792969,128.1641845703125,95.21623229980469,128.1887664794922,88.00144958496094,128.16012573242188,84.10726165771484,0.006094829179346561,3.5235276222229004,0.008357786573469639,6.767398834228516,0.01394171454012394,9.99905776977539,0.015630247071385384,13.343817710876465
4148360801,0,128.2387237548828,114.34840393066406,128.18955993652344,95.18981170654297,128.21861267089844,87.9899673461914,128.19174194335938,84.09883117675781,0.006662070285528898,3.5293095111846924,0.0096605084836483,6.775564670562744,0.01615765690803528,10.006525039672852,0.018729420378804207,13.353394508361816
4173360802,0,128.2664031982422,114.22825622558594,128.20510864257812,95.1462173461914,128.2381134033203,87.96212005615234,128.2170867919922,84.07202911376953,0.0074556744657456875,3.5404891967773438,0.010472601279616356,6.789079189300537,0.017629658803343773,10.024680137634277,0.021252192556858063,13.383929252624512
4198360802,0,128.27398681640625,114.1380615234375,128.20919799804688,95.12637329101562,128.24351501464844,87.96420288085938,128.2227783203125,84.08536529541016,0.00768432579934597,3.5489237308502197,0.01069056335836649,6.795247554779053,0.018027236685156822,10.023320198059082,0.0217853095382452,13.368718147277832
4223360802,0,128.25299072265625,114.19694519042969,128.20350646972656,95.14665222167969,128.23629760742188,87.96879577636719,128.2150115966797,84.08795166015625,0.007085561286658049,3.5434134006500244,0.010390601120889187,6.788944244384766,0.017487907782197,10.020322799682617,0.02102131024003029,13.365772247314453
4248360803,0,128.2028045654297,114.0659408569336,128.1917724609375,95.08830261230469,128.22898864746094,87.93238067626953,128.20816040039062,84.06188201904297,0.005697675980627537,3.5556938648223877,0.009816233068704605,6.807112216949463,0.01698571816086769,10.04413890838623,0.020395467057824135,13.395524978637695
4273360803,0,128.27145385742188,114.09601593017578,128.1984100341797,95.08419799804688,128.23428344726562,87.92571258544922,128.22479248046875,84.05661010742188,0.0076208896934986115,3.552867889404297,0.010157795622944832,6.808393955230713,0.01738574728369713,10.04851245880127,0.02203470468521118,13.401557922363281
4298360804,0,128.26278686523438,114.12446594238281,128.23220825195312,95.07525634765625,128.26658630371094,87.91543579101562,128.25094604492188,84.04309844970703,0.007372586987912655,3.5501983165740967,0.01189273502677679,6.811186790466309,0.01979565992951393,10.055259704589844,0.02462593838572502,13.41704273223877
4323360804,0,128.30345153808594,114.23383331298828,128.25607299804688,95.1178970336914,128.2906494140625,87.93707275390625,128.2742462158203,84.05723571777344,0.008491403423249722,3.539968967437744,0.013090796768665314,6.797885894775391,0.02155318856239319,10.041064262390137,0.026880880817770958,13.400840759277344
4348360804,0,128.37745666503906,114.32299041748047,128.35035705566406,95.17362213134766,128.38710021972656,87.97027587890625,128.36387634277344,84.09356689453125,0.010540018789470196,3.5316689014434814,0.01786765642464161,6.780577659606934,0.028645846992731094,10.019356727600098,0.035559043288230896,13.359381675720215
4373360805,0,128.37391662597656,114.34719848632812,128.37242126464844,95.16786193847656,128.41799926757812,87.9530029296875,128.3992156982422,84.07559204101562,0.010435199365019798,3.52942156791687,0.018997618928551674,6.782362937927246,0.030965901911258698,10.030638694763184,0.039070576429367065,13.379862785339355
4398360805,0,128.325927734375,114.3772964477539,128.33660888671875,95.17301940917969,128.374267578125,87.94776153564453,128.35076904296875,84.06964111328125,0.009089472703635693,3.526630401611328,0.017166968435049057,6.780764102935791,0.02773531712591648,10.034066200256348,0.03434610739350319,13.386656761169434
4423360805,0,128.2573699951172,114.43252563476562,128.28054809570312,95.17884826660156,128.31417846679688,87.94709777832031,128.2911834716797,84.07186126708984,0.007168192882090807,3.521519899368286,0.014304283075034618,6.778958320617676,0.023283345624804497,10.034500122070312,0.0285064484924078,13.38412094116211
4448360806,0,128.2498016357422,114.58778381347656,128.24459838867188,95.20256042480469,128.27281188964844,87.94876098632812,128.2582550048828,84.06918334960938,0.00693203741684556,3.507223606109619,0.012458574026823044,6.771622180938721,0.02021561563014984,10.033411979675293,0.025288410484790802,13.38718032836914
4473360806,0,128.28492736816406,114.87258911132812,128.286376953125,95.27560424804688,128.3236541748047,87.9747543334961,128.3116455078125,84.09466552734375,0.00785425677895546,3.4812676906585693,0.014540781266987324,6.749115467071533,0.023944051936268806,10.016435623168945,0.03045213222503662,13.358132362365723
4498360807,0,128.1935577392578,114.86549377441406,128.17152404785156,95.30331420898438,128.17868041992188,87.99649047851562,128.14022827148438,84.10948181152344,0.0053364611230790615,3.481909990310669,0.008698772639036179,6.740615367889404,0.013200879096984863,10.002281188964844,0.01368549931794405,13.34129810333252
4523360807,0,128.14024353027344,114.84281921386719,128.1131591796875,95.30352783203125,128.11216735839844,88.00198364257812,128.06675720214844,84.1161880493164,0.003868614323437214,3.483964443206787,0.00573876965790987,6.740549564361572,0.008284061215817928,9.998710632324219,0.006511525716632605,13.33369255065918
4548360807,0,128.06211853027344,114.76117706298828,128.0240020751953,95.27536010742188,128.02740478515625,87.97987365722656,127.98819732666016,84.09764862060547,0.0017168096965178847,3.491379976272583,0.001218717428855598,6.749190807342529,0.0020267663057893515,10.013097763061523,-0.0011530019110068679,13.354738235473633
4573360808,0,128.03866577148438,114.55812072753906,128.02481079101562,95.2274398803711,128.03515625,87.96791076660156,127.99410247802734,84.08460235595703,0.0010737294796854258,3.509946823120117,0.0012623794609680772,6.763940334320068,0.00260198675096035,10.020899772644043,-0.0005767503171227872,13.369588851928711
4598360808,0,128.11849975585938,115.01776123046875,128.06179809570312,95.29179382324219,128.0841827392578,87.9748306274414,128.06275939941406,84.102783203125,0.0032555193174630404,3.4681694507598877,0.0031356154941022396,6.744146823883057,0.006227840203791857,10.016386032104492,0.006128358189016581,13.348902702331543
4623360808,0,128.1250457763672,115.05999755859375,128.0464630126953,95.3067626953125,128.0699920654297,87.99175262451172,128.05691528320312,84.11741638183594,0.0034319874830543995,3.4643754959106445,0.0023560042027384043,6.739558219909668,0.005172534380108118,10.005363464355469,0.005550978239625692,13.332300186157227
4648360809,0,128.1363983154297,114.87168884277344,128.00538635253906,95.25666809082031,128.00958251953125,87.97842407226562,127.98046112060547,84.10443878173828,0.00376001070253551,3.481349229812622,0.0002737145987339318,6.754937171936035,0.000708755396772176,10.014042854309082,-0.0019076805328950286,13.347023963928223
4673360809,0,128.11265563964844,114.80076599121094,127.93621826171875,95.22737884521484,127.919189453125,87.97425842285156,127.87360382080078,84.09963989257812,0.0031106562819331884,3.4877805709838867,-0.003245239844545722,6.763958930969238,-0.0059785787016153336,10.016758918762207,-0.012345598079264164,13.3524751663208
4698360810,0,128.092041015625,114.68140411376953,127.93804168701172,95.18848419189453,127.93630981445312,87.95477294921875,127.89537048339844,84.07377624511719,0.0025485511869192123,3.4986531734466553,-0.0031577509362250566,6.775975227355957,-0.004717724397778511,10.029480934143066,-0.01024145632982254,13.38193416595459
4723360810,0,128.02505493164062,114.58424377441406,127.8944320678711,95.14035034179688,127.90312194824219,87.92680358886719,127.87664794921875,84.04532623291016,0.0006953363190405071,3.5075483322143555,-0.005391538608819246,6.7909016609191895,-0.007188651245087385,10.047796249389648,-0.01210259459912777,13.4144868850708
4748360810,0,128.11920166015625,114.68765258789062,127.90705108642578,95.20887756347656,127.91098022460938,87.99182891845703,127.88864135742188,84.10900115966797,0.0033001271076500416,3.498082399368286,-0.004733046982437372,6.769670009613037,-0.006578683387488127,10.005313873291016,-0.010868416167795658,13.341843605041504
4773360811,0,128.14102172851562,114.5510025024414,127.92933654785156,95.15933227539062,127.94621276855469,87.96724700927734,127.94525146484375,84.0939712524414,0.003916759043931961,3.5106008052825928,-0.00360594829544425,6.785008430480957,-0.003981069661676884,10.021332740783691,-0.005350005347281694,13.358922004699707
4798360811,0,128.20651245117188,114.71636199951172,127.91091918945312,95.23770141601562,127.90583801269531,88.02995300292969,127.89318084716797,84.15278625488281,0.0057135047391057014,3.495462417602539,-0.004530453123152256,6.760776996612549,-0.006942150183022022,9.98056697845459,-0.010387808084487915,13.292333602905273
4823360811,0,128.2393035888672,114.78294372558594,127.9163589477539,95.25213623046875,127.89148712158203,88.03974914550781,127.85591888427734,84.16705322265625,0.006610422395169735,3.4894003868103027,-0.0042511578649282455,6.756330966949463,-0.00799529254436493,9.974226951599121,-0.013994980603456497,13.276278495788574
4848360812,0,128.42092895507812,114.66197204589844,128.0476531982422,95.32327270507812,128.03219604492188,88.14109802246094,128.009521484375,84.27042388916016,0.01166053581982851,3.5004289150238037,0.0024146444629877806,6.734504222869873,0.0023573285434395075,9.909088134765625,0.0009170557023026049,13.161063194274902
4873360812,0,128.4300537109375,114.66219329833984,128.085205078125,95.3552017211914,128.07615661621094,88.16914367675781,128.06002807617188,84.29341125488281,0.011913247406482697,3.50040864944458,0.004311541095376015,6.724750995635986,0.005566359963268042,9.891206741333008,0.005770755000412464,13.135705947875977
4898360813,0,128.40016174316406,114.84239196777344,128.1187744140625,95.42726135253906,128.13145446777344,88.217529296875,128.13150024414062,84.32625579833984,0.011038562282919884,3.4840033054351807,0.005991727113723755,6.702836036682129,0.00957946665585041,9.860503196716309,0.012607994489371777,13.099638938903809
4923360813,0,128.35687255859375,114.56757354736328,128.1385040283203,95.25525665283203,128.17086791992188,88.08554077148438,128.1876220703125,84.21412658691406,0.009907974861562252,3.5090787410736084,0.007038691081106663,6.75537109375,0.012553809210658073,9.944694519042969,0.018153991550207138,13.2235689163208
4948360813,0,128.36705017089844,114.62440490722656,128.1671905517578,95.25289154052734,128.2066650390625,88.0994873046875,128.2239532470703,84.23905944824219,0.010176952928304672,3.503866672515869,0.008497387170791626,6.756098747253418,0.01517069898545742,9.9357328414917,0.02162518911063671,13.195815086364746
4973360814,0,128.2398223876953,114.43070983886719,128.13186645507812,95.16807556152344,128.1632843017578,88.03697204589844,128.1632843017578,84.17296600341797,0.006679747719317675,3.5216875076293945,0.006726590916514397,6.782296657562256,0.012032966129481792,9.97602367401123,0.015852533280849457,13.269634246826172
4998360814,0,128.1335906982422,114.58688354492188,128.0287322998047,95.21955108642578,128.04872131347656,88.07420349121094,128.04266357421875,84.20685577392578,0.0037072424311190844,3.5073060989379883,0.0014624034520238638,6.766374111175537,0.0035821201745420694,9.951990127563477,0.004130513407289982,13.231683731079102
5023360814,0,128.13265991210938,114.69905090332031,128.0380401611328,95.252685546875,128.06024169921875,88.10291290283203,128.0623016357422,84.23910522460938,0.0036717418115586042,3.497041940689087,0.0019333919044584036,6.756162643432617,0.004421233665198088,9.933534622192383,0.006015897262841463,13.195764541625977
5048360815,0,128.168212890625,115.03309631347656,128.135009765625,95.36415100097656,128.14389038085938,88.1722640991211,128.12612915039062,84.30314636230469,0.004619631450623274,3.4667911529541016,0.006829136982560158,6.722021579742432,0.010515055619180202,9.88922119140625,0.012115738354623318,13.124995231628418
5073360815,0,128.2567138671875,114.90711975097656,128.22837829589844,95.34451293945312,128.21641540527344,88.13578033447266,128.178466796875,84.24801635742188,0.007070833817124367,3.4781441688537598,0.011561672203242779,6.728013038635254,0.015850713476538658,9.912485122680664,0.01722036488354206,13.185873985290527
5098360816,0,128.26657104492188,114.96917724609375,128.32225036621094,95.4283447265625,128.3201141357422,88.2182846069336,128.28707885742188,84.33869934082031,0.00733173219487071,3.4725430011749268,0.016255579888820648,6.702507495880127,0.023326553404331207,9.860024452209473,0.0274968184530735,13.086024284362793
5123360816,0,128.34608459472656,114.76043701171875,128.3620147705078,95.35274505615234,128.34396362304688,88.18630981445312,128.30043029785156,84.32185363769531,0.00956512801349163,3.4914474487304688,0.01832057163119316,6.725500583648682,0.025113968178629875,9.880292892456055,0.028814980760216713,13.104461669921875
5148360816,0,128.2061767578125,115.21347045898438,128.32730102539062,95.46351623535156,128.31773376464844,88.22116088867188,128.26104736328125,84.32860565185547,0.0056385984644293785,3.450650691986084,0.016485607251524925,6.691861152648926,0.02314899116754532,9.858205795288086,0.02502395771443844,13.097065925598145
5173360817,0,128.21917724609375,115.11552429199219,128.25694274902344,95.45431518554688,128.25282287597656,88.22001647949219,128.21438598632812,84.32554626464844,0.006007758434861898,3.4593987464904785,0.01294685434550047,6.694643020629883,0.018421106040477753,9.858928680419922,0.02055610716342926,13.10041618347168
5198360817,0,128.16676330566406,114.95282745361328,128.17166137695312,95.37508392333984,128.1651153564453,88.15679168701172,128.1223907470703,84.27882385253906,0.004588379990309477,3.4740171432495117,0.008679007180035114,6.718690872192383,0.012077665887773037,9.89907455444336,0.011779922991991043,13.151785850524902
5223360817,0,128.1810760498047,115.06903839111328,128.17112731933594,95.35394287109375,128.15802001953125,88.11732482910156,128.11215209960938,84.24813842773438,0.004968741908669472,3.463563919067383,0.008659837767481804,6.72513484954834,0.011586968787014484,9.924294471740723,0.010821511968970299,13.185737609863281
5248360818,0,128.24986267089844,115.18889617919922,128.1842498779297,95.35150909423828,128.16879272460938,88.0699234008789,128.12313842773438,84.18770599365234,0.0068372259847819805,3.4528419971466064,0.009324871934950352,6.725877285003662,0.012413394637405872,9.954747200012207,0.011940494179725647,13.253103256225586
5273360818,0,128.2824249267578,115.27599334716797,128.1853790283203,95.39305114746094,128.161376953125,88.09882354736328,128.12017822265625,84.22872161865234,0.007712703198194504,3.4450876712799072,0.009365357458591461,6.713222980499268,0.011846717447042465,9.936159133911133,0.011614362709224224,13.20730972290039
5298360818,0,128.31784057617188,115.03364562988281,128.27171325683594,95.31904602050781,128.25364685058594,88.05247497558594,128.2096710205078,84.18596649169922,0.008728745393455029,3.4667415618896484,0.013770530931651592,6.73579740524292,0.018674032762646675,9.966002464294434,0.020334294065833092,13.255051612854004
5323360819,0,128.2933349609375,114.94316864013672,128.22726440429688,95.29354095458984,128.19351196289062,88.03633880615234,128.1319122314453,84.1763916015625,0.008072728291153908,3.474888324737549,0.011530457995831966,6.743610858917236,0.01426110602915287,9.976432800292969,0.012803156860172749,13.265788078308105
5348360819,0,128.25953674316406,114.94085693359375,128.20326232910156,95.29788208007812,128.18417358398438,88.01766204833984,128.13421630859375,84.14762878417969,0.007142968941479921,3.4750969409942627,0.010310770012438297,6.742279529571533,0.013588729314506054,9.988532066345215,0.013057632371783257,13.29814624786377
5373360820,0,128.11691284179688,114.61597442626953,128.10964965820312,95.2137680053711,128.10104370117188,87.99108123779297,128.05645751953125,84.12979125976562,0.00324220466427505,3.504638910293579,0.00558228837326169,6.76815938949585,0.007467618212103844,10.0058012008667,0.005500714294612408,13.318290710449219
5398360820,0,128.15997314453125,114.99583435058594,128.16639709472656,95.35306549072266,128.15228271484375,88.05753326416016,128.08853149414062,84.1824722290039,0.004397150594741106,3.470142126083374,0.008420783095061779,6.725402355194092,0.011207852512598038,9.962737083435059,0.008588414639234543,13.258968353271484
5423360820,0,128.11376953125,115.03119659423828,128.0951385498047,95.35002136230469,128.0819091796875,88.0497817993164,128.024658203125,84.1761474609375,0.003124590963125229,3.466961622238159,0.00481526181101799,6.72633171081543,0.006031343713402748,9.967741966247559,0.0023933276534080505,13.26606273651123
5448360821,0,128.16452026367188,115.19062042236328,128.09910583496094,95.39825439453125,128.08128356933594,88.05570983886719,128.02444458007812,84.16815948486328,0.004501741845160723,3.452687978744507,0.005005718674510717,6.711641788482666,0.0059830681420862675,9.96391487121582,0.002374151023104787,13.27503490447998
5473360821,0,128.13021850585938,115.30999755859375,128.03077697753906,95.41571044921875,127.9982681274414,88.05603790283203,127.92855834960938,84.16693115234375,0.00355332694016397,3.4420688152313232,0.0015533498954027891,6.7063398361206055,-0.00012747592700179666,9.963702201843262,-0.0069393860176205635,13.27641487121582
5498360821,0,128.09783935546875,115.17646026611328,128.01747131347656,95.40587615966797,127.98515319824219,88.0821762084961,127.91423797607422,84.21086883544922,0.002678040647879243,3.453951597213745,0.0008821680094115436,6.709325790405273,-0.0010910351993516088,9.946858406066895,-0.008300401270389557,13.227204322814941
5523360822,0,128.02896118164062,115.50749969482422,127.9410171508789,95.4692153930664,127.9052505493164,88.08357238769531,127.83814239501953,84.20484924316406,0.0007866885280236602,3.4246277809143066,-0.0029701460152864456,6.690138816833496,-0.006962173152714968,9.94596004486084,-0.015672970563173294,13.233924865722656
5548360822,0,127.90270233154297,115.79439544677734,127.80172729492188,95.56892395019531,127.75403594970703,88.11508178710938,127.68142700195312,84.2300033569336,-0.0026256360579282045,3.3995726108551025,-0.009942001663148403,6.660143852233887,-0.018038058653473854,9.925731658935547,-0.030784567818045616,13.205883979797363
5573360823,0,127.83405303955078,115.7093276977539,127.7467269897461,95.54924011230469,127.71544647216797,88.11183166503906,127.65982055664062,84.22335815429688,-0.0044868942350149155,3.4069676399230957,-0.01271050050854683,6.666045188903809,-0.020872272551059723,9.927814483642578,-0.03289032727479935,13.213279724121094
5598360823,0,127.74948120117188,115.5225830078125,127.60277557373047,95.50052642822266,127.5472412109375,88.08462524414062,127.48580932617188,84.2054672241211,-0.0068026212975382805,3.423302173614502,-0.019976021721959114,6.680691719055176,-0.03326645866036415,9.945282936096191,-0.04978751018643379,13.233234405517578
5623360823,0,127.81676483154297,115.25881958007812,127.62026977539062,95.39823913574219,127.53945922851562,88.0126953125,127.4670639038086,84.13011932373047,-0.005005930084735155,3.4466140270233154,-0.01917973719537258,6.71164608001709,-0.033990245312452316,9.991754531860352,-0.05192311480641365,13.317919731140137
5648360824,0,127.74118041992188,115.19754791259766,127.48661041259766,95.38607025146484,127.38290405273438,87.99981689453125,127.30818176269531,84.10760498046875,-0.007080903276801109,3.4520702362060547,-0.025944212451577187,6.715346813201904,-0.04558147117495537,10.00011920928955,-0.06752808392047882,13.343428611755371
5673360824,0,127.84825897216797,115.04442596435547,127.61347961425781,95.30258178710938,127.52652740478516,87.94200897216797,127.45528411865234,84.05487060546875,-0.0041661676950752735,3.465773344039917,-0.019602840766310692,6.74083948135376,-0.03509962186217308,10.03783130645752,-0.053402069956064224,13.403548240661621
5698360824,0,127.83750915527344,115.33085632324219,127.55793762207031,95.39436340332031,127.48424530029297,87.98072814941406,127.43204498291016,84.08606719970703,-0.004431821871548891,3.4402194023132324,-0.022331761196255684,6.71282434463501,-0.03814145550131798,10.012541770935059,-0.05553663522005081,13.367918968200684
5723360825,0,127.77698516845703,115.493896484375,127.55824279785156,95.40158081054688,127.5073013305664,87.9848861694336,127.46734619140625,84.0986099243164,-0.0060597690753638744,3.425823926925659,-0.02230946160852909,6.710630416870117,-0.03642692044377327,10.009832382202148,-0.052030764520168304,13.353646278381348
5748360825,0,127.6760025024414,115.57102966308594,127.4569091796875,95.43667602539062,127.38782501220703,88.01811981201172,127.339599609375,84.11821746826172,-0.008788089267909527,3.419050931930542,-0.027385905385017395,6.699982643127441,-0.045166317373514175,9.988235473632812,-0.06440494954586029,13.331392288208008
5773360826,0,127.63430786132812,115.62958526611328,127.4780502319336,95.48381042480469,127.4217300415039,88.05799865722656,127.38916778564453,84.15106964111328,-0.009905700571835041,3.4139254093170166,-0.026267018169164658,6.685731887817383,-0.04255885258316994,9.962437629699707,-0.059409793466329575,13.294267654418945
5798360826,0,127.64593505859375,115.958740234375,127.54309844970703,95.6534423828125,127.49993896484375,88.17237854003906,127.46947479248047,84.23396301269531,-0.009518934413790703,3.3853676319122314,-0.022828582674264908,6.63491678237915,-0.0365426279604435,9.889148712158203,-0.051249485462903976,13.2014799118042
5823360826,0,127.78096771240234,115.71001434326172,127.71072387695312,95.58695983886719,127.68948364257812,88.16165924072266,127.66188049316406,84.23683166503906,-0.0059221284464001656,3.406907796859741,-0.014494099654257298,6.654745101928711,-0.022706447169184685,9.895973205566406,-0.03265516459941864,13.198290824890137
5848360827,0,127.89095306396484,115.55079650878906,127.90070343017578,95.56278991699219,127.91371154785156,88.17391204833984,127.8836441040039,84.25164794921875,-0.002959157107397914,3.420825481414795,-0.0049803308211266994,6.661981582641602,-0.006305046379566193,9.88817310333252,-0.01122391875833273,13.181845664978027
5873360827,0,127.85517120361328,115.98765563964844,127.94300842285156,95.77242279052734,127.97844696044922,88.31564331054688,127.9511947631836,84.3559799194336,-0.003891120897606015,3.3828792572021484,-0.0028332695364952087,6.599707126617432,-0.001561187207698822,9.79880142211914,-0.004668097011744976,13.067163467407227
5898360827,0,127.85863494873047,116.29066467285156,127.9869155883789,95.91922760009766,128.03135681152344,88.39671325683594,128.00515747070312,84.4146728515625,-0.0037720766849815845,3.356999397277832,-0.0006464837933890522,6.556745529174805,0.00226009008474648,9.74837589263916,0.0004909667768515646,13.003494262695312
5923360828,0,127.85880279541016,116.06864929199219,127.98847961425781,95.84648895263672,128.03118896484375,88.37405395507812,128.00167846679688,84.40337371826172,-0.0037865787744522095,3.3759267330169678,-0.0005709436372853816,6.577966213226318,0.0022511028219014406,9.762418746948242,0.00015992765838745981,13.015704154968262
5948360828,0,127.93800354003906,116.02890014648438,128.0313720703125,95.81745147705078,128.0469970703125,88.37047576904297,127.98523712158203,84.41116333007812,-0.0016641011461615562,3.379335641860962,0.001556676928885281,6.586472988128662,0.003392814425751567,9.764639854431152,-0.0014057536609470844,13.007285118103027
5973360829,0,128.11570739746094,116.43783569335938,128.0760040283203,96.13572692871094,128.0801239013672,88.61611938476562,128.00404357910156,84.62124633789062,0.00307722226716578,3.3445565700531006,0.0037215757183730602,6.494343280792236,0.005698796361684799,9.614372253417969,0.00037862942554056644,12.784117698669434
5998360829,0,128.25930786132812,117.57837677001953,128.26353454589844,96.88323974609375,128.2548828125,89.17244720458984,128.14320373535156,85.08109283447266,0.006723686121404171,3.2508535385131836,0.012516453862190247,6.287231922149658,0.0175411868840456,9.28994083404541,0.0129378167912364,12.320650100708008
6023360829,0,128.18368530273438,117.52586364746094,128.302734375,96.73542785644531,128.29029846191406,89.03224182128906,128.1651611328125,84.94779205322266,0.004768336191773415,3.2550649642944336,0.014464152045547962,6.327193260192871,0.020142972469329834,9.369706153869629,0.015075190924108028,12.45161247253418
6048360830,0,128.29281616210938,117.91343688964844,128.37454223632812,96.95610046386719,128.3260040283203,89.20539855957031,128.16928100585938,85.09929656982422,0.0075371284037828445,3.2242112159729004,0.017736777663230896,6.267707824707031,0.022392824292182922,9.271383285522461,0.015272527001798153,12.302971839904785
6073360830,0,128.3096923828125,117.31817626953125,128.330078125,96.80858612060547,128.2714385986328,89.16854095458984,128.1072235107422,85.109130859375,0.008076230995357037,3.271815776824951,0.01572408527135849,6.307354927062988,0.018684817478060722,9.292145729064941,0.0096664447337389,12.293442726135254
6098360830,0,128.34027099609375,116.8797836303711,128.19418334960938,96.50422668457031,128.14248657226562,88.90265655517578,127.99905395507812,84.8658676147461,0.008960346691310406,3.307682514190674,0.009365297853946686,6.390664577484131,0.009962528944015503,9.444605827331543,-8.690070535521954e-05,12.533445358276367
6123360831,0,128.333251953125,117.06448364257812,128.23959350585938,96.61246490478516,128.18101501464844,88.98096466064453,128.02993774414062,84.94749450683594,0.008739546872675419,3.2924861907958984,0.011504575610160828,6.360801696777344,0.012598036788403988,9.399208068847656,0.0027326499111950397,12.45190715789795
6148360831,0,128.2305450439453,116.42774963378906,128.1212158203125,96.26371765136719,128.029052734375,88.76342010498047,127.85536193847656,84.80003356933594,0.006132706068456173,3.3454067707061768,0.005904085002839565,6.4579758644104,0.002048212569206953,9.526375770568848,-0.013354331254959106,12.599966049194336
6173360832,0,128.20126342773438,115.77255249023438,128.11085510253906,95.90851593017578,128.00843811035156,88.50225830078125,127.83061218261719,84.57798767089844,0.005433924961835146,3.4014687538146973,0.0054796612821519375,6.5598626136779785,0.0006042997702024877,9.683467864990234,-0.01591555029153824,12.829461097717285
6198360832,0,128.1106414794922,115.40818786621094,128.076416015625,95.6207504272461,127.98406219482422,88.250244140625,127.81229400634766,84.35443115234375,0.00301229115575552,3.433377981185913,0.003823326202109456,6.6446533203125,-0.0011590957874432206,9.83984661102295,-0.017955852672457695,13.068851470947266
6223360832,0,128.02371215820312,115.32235717773438,127.9923095703125,95.55310821533203,127.9041748046875,88.1859130859375,127.747802734375,84.29199981689453,0.0006468590581789613,3.4409728050231934,-0.0003858806740026921,6.664884567260742,-0.0069966986775398254,9.880544662475586,-0.024247583001852036,13.137259483337402
6248360833,0,127.96539306640625,115.84219360351562,127.94849395751953,95.73530578613281,127.87085723876953,88.2867660522461,127.72241973876953,84.36994171142578,-0.000932870723772794,3.395430088043213,-0.0025645666755735874,6.610652923583984,-0.009370997548103333,9.81688404083252,-0.026519879698753357,13.051962852478027
6273360833,0,127.8956069946289,116.00215148925781,127.87371063232422,95.8094482421875,127.79365539550781,88.30758666992188,127.65196228027344,84.37481689453125,-0.002803807146847248,3.3816330432891846,-0.006268564611673355,6.588821887969971,-0.014953886158764362,9.803839683532715,-0.0332382507622242,13.046663284301758
6298360833,0,127.91614532470703,116.09963989257812,127.8742446899414,95.93798065185547,127.79338073730469,88.42694854736328,127.6484146118164,84.47724914550781,-0.002247205935418606,3.3732731342315674,-0.006208539940416813,6.551296234130859,-0.014864988625049591,9.729696273803711,-0.03330140933394432,12.936273574829102
6323360834,0,127.96592712402344,116.3164291381836,127.91643524169922,96.03707885742188,127.82664489746094,88.49488067626953,127.66490173339844,84.53269958496094,-0.0009086458594538271,3.3548147678375244,-0.004108583554625511,6.522637844085693,-0.012420471757650375,9.687978744506836,-0.03159935399889946,12.877266883850098
6348360834,0,128.031494140625,116.24311065673828,127.95068359375,95.93641662597656,127.85826873779297,88.42613983154297,127.6978759765625,84.47224426269531,0.0008412687457166612,3.361037254333496,-0.0024349100422114134,6.551750183105469,-0.010197196155786514,9.730195045471191,-0.028628015890717506,12.94162368774414
6373360835,0,127.92203521728516,116.55905151367188,127.86396789550781,96.10415649414062,127.7812728881836,88.52802276611328,127.63091278076172,84.54776000976562,-0.0020678220316767693,3.3343698978424072,-0.0066696046851575375,6.503373146057129,-0.015639841556549072,9.667749404907227,-0.03476269543170929,12.86133098602295
6398360835,0,127.76746368408203,116.56754302978516,127.75407409667969,96.0036849975586,127.67778778076172,88.3948974609375,127.55024719238281,84.41880798339844,-0.006166272796690464,3.3336586952209473,-0.012108128517866135,6.53226900100708,-0.023226508870720863,9.749499320983887,-0.04280008748173714,12.999032020568848
6423360835,0,127.71730041503906,116.64114379882812,127.72293853759766,96.01870727539062,127.6493911743164,88.39036560058594,127.52809143066406,84.41826629638672,-0.007484115660190582,3.327502727508545,-0.013632550835609436,6.527932643890381,-0.025280453264713287,9.75230598449707,-0.04491046071052551,12.999615669250488
6448360836,0,127.55489349365234,116.62885284423828,127.58428955078125,95.9427261352539,127.49911499023438,88.3210220336914,127.380126953125,84.3603286743164,-0.01178687997162342,3.3285293579101562,-0.02051955834031105,6.549918174743652,-0.036269478499889374,9.795439720153809,-0.05926842615008354,13.06242561340332
6473360836,0,127.36837768554688,117.08430480957031,127.36810302734375,96.1145248413086,127.25311279296875,88.3988037109375,127.12910461425781,84.40999603271484,-0.016557039692997932,3.290862798690796,-0.030968360602855682,6.500405311584473,-0.05382617190480232,9.747081756591797,-0.0829363688826561,13.008545875549316
6498360836,0,127.41111755371094,117.37312316894531,127.44181060791016,96.38446044921875,127.31442260742188,88.59246063232422,127.16361999511719,84.55570220947266,-0.015338419005274773,3.267369031906128,-0.02705322578549385,6.424017906188965,-0.04883107915520668,9.628650665283203,-0.07872511446475983,12.85294246673584
6523360837,0,127.65099334716797,116.77041625976562,127.72271728515625,96.04605102539062,127.67929077148438,88.40187072753906,127.6005859375,84.4316635131836,-0.009212832897901535,3.316739797592163,-0.013627922162413597,6.520054340362549,-0.023108337074518204,9.745183944702148,-0.03797036409378052,12.985176086425781
6548360837,0,127.69703674316406,116.53263854980469,127.68511962890625,95.90736389160156,127.6416015625,88.29471588134766,127.57532501220703,84.34662628173828,-0.008040113374590874,3.33658504486084,-0.01556555274873972,6.5601983070373535,-0.02599381096661091,9.811899185180664,-0.04064985737204552,13.07736587524414
6573360837,0,127.50728607177734,117.0276107788086,127.4782485961914,96.32206726074219,127.43560028076172,88.67756652832031,127.38609313964844,84.65900421142578,-0.012932025827467442,3.2955100536346436,-0.02535209245979786,6.441523551940918,-0.03999491035938263,9.577474594116211,-0.05731305480003357,12.744792938232422
6598360838,0,127.37773895263672,117.19969940185547,127.26537322998047,96.41676330566406,127.1912841796875,88.76261138916016,127.15101623535156,84.71942138671875,-0.016270006075501442,3.281440258026123,-0.0355573408305645,6.414989471435547,-0.05701707676053047,9.526854515075684,-0.0788828656077385,12.682355880737305
6623360838,0,127.48472595214844,116.40071868896484,127.26972961425781,96.12066650390625,127.1800765991211,88.59597778320312,127.1345443725586,84.60260772705078,-0.013715097680687904,3.347686767578125,-0.03578038513660431,6.498648166656494,-0.05838765949010849,9.62652587890625,-0.08115868270397186,12.80361557006836
6648360839,0,127.72120666503906,115.19640350341797,127.46959686279297,95.43251037597656,127.36412048339844,88.08785247802734,127.31417083740234,84.17855834960938,-0.007627556566148996,3.45217227935791,-0.026750870048999786,6.701244831085205,-0.046711888164281845,9.943207740783691,-0.06655346602201462,13.263357162475586
6673360839,0,127.80614471435547,115.23161315917969,127.61910247802734,95.41331481933594,127.5272216796875,88.05199432373047,127.46833801269531,84.15440368652344,-0.005299401469528675,3.4490349292755127,-0.019226308912038803,6.707067012786865,-0.03480800986289978,9.966313362121582,-0.051695484668016434,13.290511131286621
6698360839,0,127.79871368408203,115.32070922851562,127.65283203125,95.43988037109375,127.56209564208984,88.0530014038086,127.48869323730469,84.15862274169922,-0.0054912264458835125,3.4411187171936035,-0.017503902316093445,6.69901180267334,-0.03223841264843941,9.965662956237793,-0.04969901219010353,13.285759925842285
6723360840,0,127.7328109741211,115.34774017333984,127.56978607177734,95.4216079711914,127.50325012207031,88.03394317626953,127.44287872314453,84.13168334960938,-0.00728455139324069,3.438723564147949,-0.0217079296708107,6.704550266265869,-0.0366140753030777,9.977983474731445,-0.05427243560552597,13.316150665283203
6748360840,0,127.84059143066406,115.13512420654297,127.63216400146484,95.31462097167969,127.56562805175781,87.96343231201172,127.51469421386719,84.06556701660156,-0.00436748331412673,3.4576449394226074,-0.018645605072379112,6.737151622772217,-0.032157786190509796,10.023823738098145,-0.04753553494811058,13.391311645507812
6773360840,0,128.02593994140625,114.9058837890625,127.84669494628906,95.2669906616211,127.78581237792969,87.96261596679688,127.71659088134766,84.0743408203125,0.0007145009003579617,3.4782557487487793,-0.00778694124892354,6.751762390136719,-0.015857728198170662,10.024356842041016,-0.02773965522646904,13.381291389465332
6798360841,0,128.2068634033203,114.75233459472656,128.0725860595703,95.23945617675781,128.01499938964844,87.95833587646484,127.93773651123047,84.07337951660156,0.005718399304896593,3.49218487739563,0.0036912874784320593,6.760235786437988,0.0011108019389212132,10.027152061462402,-0.006094740703701973,13.3823881149292
6823360841,0,128.26426696777344,115.4540023803711,128.10972595214844,95.54208374023438,128.04873657226562,88.13849639892578,127.95706939697266,84.21185302734375,0.007187266368418932,3.4293363094329834,0.005508268252015114,6.6681928634643555,0.003568967105820775,9.910749435424805,-0.004154665395617485,13.226105690002441
6848360842,0,128.1796417236328,115.59148406982422,128.0962677001953,95.59134674072266,128.03329467773438,88.18412780761719,127.92800903320312,84.25833892822266,0.004870305303484201,3.4172592163085938,0.0048225694335997105,6.653433322906494,0.002431286731734872,9.881678581237793,-0.006940599996596575,13.174432754516602
6873360842,0,128.03909301757812,116.00146484375,127.96002960205078,95.720458984375,127.87998962402344,88.23992919921875,127.74197387695312,84.2992172241211,0.0010499840136617422,3.3816919326782227,-0.0019914344884455204,6.6150407791137695,-0.00873343925923109,9.846349716186523,-0.024793442338705063,13.129316329956055
6898360842,0,128.1055908203125,116.53314208984375,128.04029846191406,95.9793930053711,127.95389556884766,88.44580078125,127.79944610595703,84.45791625976562,0.0028021633625030518,3.3365426063537598,0.001986099174246192,6.539290904998779,-0.0033131286036223173,9.718084335327148,-0.019025512039661407,12.956968307495117
6923360843,0,128.22315979003906,115.58161163330078,128.09498596191406,95.69133758544922,128.00718688964844,88.34351348876953,127.85918426513672,84.40320587158203,0.006051503587514162,3.418123722076416,0.004738277290016413,6.623663902282715,0.0005196921993046999,9.78140926361084,-0.013417384587228298,13.015886306762695
6948360843,0,128.15621948242188,115.221435546875,127.99939727783203,95.48436737060547,127.93667602539062,88.19908905029297,127.80506896972656,84.27886199951172,0.004271561745554209,3.449941396713257,-3.0331155357998796e-05,6.685564041137695,-0.00461985357105732,9.872182846069336,-0.018761755898594856,13.15174388885498
6973360843,0,128.2722625732422,115.5468978881836,128.05958557128906,95.64958190917969,128.0267333984375,88.32101440429688,127.93769073486328,84.38589477539062,0.007388926576822996,3.4211673736572266,0.0029776133596897125,6.6360650062561035,0.0019357873825356364,9.79544448852539,-0.005945329088717699,13.034637451171875
6998360844,0,128.33541870117188,115.71324157714844,128.1574249267578,95.77334594726562,128.1275634765625,88.44610595703125,128.02810668945312,84.4920883178711,0.009068280458450317,3.4066267013549805,0.007825891487300396,6.599434852600098,0.00916671846061945,9.717896461486816,0.0026590425986796618,12.920431137084961
7023360844,0,128.31787109375,116.5667724609375,128.10986328125,96.50279235839844,128.07473754882812,89.20052337646484,127.98977661132812,85.22991943359375,0.00842928048223257,3.3337230682373047,0.00529892323538661,6.3910627365112305,0.005135087296366692,9.274124145507812,-0.0009132471168413758,12.177552223205566
7048360845,0,128.36358642578125,116.03117370605469,128.051025390625,96.34326171875,127.98848724365234,89.13683319091797,127.8797836303711,85.23414611816406,0.009758836589753628,3.3791403770446777,0.0024771837051957846,6.4355669021606445,-0.0007939614006318152,9.310078620910645,-0.010735401883721352,12.173535346984863
7073360845,0,128.29690551757812,115.3487319946289,128.03042602539062,95.77999114990234,127.95079803466797,88.56370544433594,127.82391357421875,84.67024230957031,0.008094546385109425,3.43863582611084,0.001512112794443965,6.597479343414307,-0.003510553389787674,9.646060943603516,-0.016424478963017464,12.733134269714355
7098360845,0,128.28482055664062,115.6326675415039,127.93236541748047,95.99422454833984,127.85791015625,88.74018859863281,127.75831604003906,84.81903076171875,0.007714543025940657,3.413656234741211,-0.003331292187795043,6.535001754760742,-0.010031210258603096,9.54015064239502,-0.02228143997490406,12.580699920654297
7123360846,0,128.4482421875,115.74933624267578,127.95500183105469,96.0543212890625,127.86918640136719,88.82106018066406,127.76011657714844,84.93589782714844,0.012108542956411839,3.4034860134124756,-0.0022108149714767933,6.517675399780273,-0.009190733544528484,9.492361068725586,-0.021915646269917488,12.463428497314453
7148360846,0,128.26492309570312,115.23062896728516,127.95037841796875,95.6692886352539,127.8870620727539,88.47545623779297,127.77963256835938,84.6203842163086,0.007242339663207531,3.449122428894043,-0.0024776277132332325,6.630207061767578,-0.008101268671452999,9.699872016906738,-0.020635997876524925,12.785017967224121
7173360846,0,128.3357696533203,115.0853271484375,128.01268005371094,95.5465316772461,127.93804168701172,88.34815979003906,127.80724334716797,84.51190185546875,0.009210065007209778,3.4621036052703857,0.000636421435046941,6.666857719421387,-0.0044790031388401985,9.778515815734863,-0.018206927925348282,12.899336814880371
7198360847,0,128.2044677734375,115.64094543457031,127.91677856445312,95.78346252441406,127.83564758300781,88.47359466552734,127.69984436035156,84.60751342773438,0.005537087097764015,3.4129326343536377,-0.0041353353299200535,6.596457481384277,-0.011790666729211807,9.701013565063477,-0.028136346489191055,12.798478126525879
7223360847,0,128.05062866210938,115.85932922363281,127.76961517333984,95.83686828613281,127.704345703125,88.44713592529297,127.58840942382812,84.5499038696289,0.00136422214563936,3.3939473628997803,-0.011422346346080303,6.580782413482666,-0.021244404837489128,9.717263221740723,-0.038759276270866394,12.859066009521484
7248360848,0,128.30844116210938,116.12349700927734,127.74517059326172,95.98187255859375,127.60279083251953,88.5519790649414,127.45930480957031,84.61559295654297,0.008261389099061489,3.3712332248687744,-0.012557901442050934,6.538573741912842,-0.028360901400446892,9.653179168701172,-0.05065186694264412,12.79002571105957
7273360848,0,128.40850830078125,116.0822982788086,127.68836975097656,96.01782989501953,127.49337768554688,88.62503051757812,127.32575225830078,84.69304656982422,0.010951844975352287,3.3747575283050537,-0.015334037132561207,6.528186321258545,-0.036014094948768616,9.609004020690918,-0.06277754157781601,12.709540367126465
7298360848,0,128.70770263671875,116.65654754638672,127.81278991699219,96.305419921875,127.56859588623047,88.77359771728516,127.36761474609375,84.78174591064453,0.0187290757894516,3.3262171745300293,-0.00910283625125885,6.446208953857422,-0.03039545752108097,9.520352363586426,-0.05847122520208359,12.618565559387207
7323360849,0,128.6968536376953,116.70103454589844,127.79953002929688,96.45266723632812,127.5775146484375,88.90375518798828,127.41590118408203,84.8970718383789,0.01842360757291317,3.3225088119506836,-0.00968888308852911,6.4049835205078125,-0.02953786589205265,9.44396686553955,-0.05352366715669632,12.502153396606445
7348360849,0,128.29754638671875,116.97843933105469,127.58673858642578,96.43856811523438,127.40554809570312,88.84944915771484,127.2535171508789,84.83889770507812,0.00781809538602829,3.2995502948760986,-0.01998479664325714,6.408909320831299,-0.041694775223731995,9.475693702697754,-0.06871360540390015,12.560614585876465
7373360849,0,128.0839385986328,117.01823425292969,127.3233642578125,96.4011001586914,127.1174545288086,88.79540252685547,126.9716796875,84.78733825683594,0.002203555079177022,3.2962796688079834,-0.03277149051427841,6.4193644523620605,-0.062100816518068314,9.50747299194336,-0.09503835439682007,12.612872123718262
7398360850,0,127.68138122558594,117.26724243164062,127.14485168457031,96.45059967041016,126.97990417480469,88.82418823242188,126.88032531738281,84.8263931274414,-0.00831836462020874,3.275947093963623,-0.04133353754878044,6.4055585861206055,-0.07165680825710297,9.490521430969238,-0.10316631942987442,12.573248863220215
7423360850,0,127.49365234375,116.90505981445312,126.96988677978516,96.31046295166016,126.78323364257812,88.76634979248047,126.68519592285156,84.81041717529297,-0.013326134532690048,3.305595636367798,-0.050077468156814575,6.444788932800293,-0.08576682955026627,9.524641036987305,-0.12129653245210648,12.589427947998047
7448360851,0,127.58943939208984,116.76152801513672,127.07185363769531,96.28467559814453,126.87561798095703,88.7260513305664,126.7496337890625,84.76506805419922,-0.01083984412252903,3.3174779415130615,-0.04516841098666191,6.452057361602783,-0.07944583147764206,9.548552513122559,-0.1157616600394249,12.635575294494629
7473360851,0,127.85946655273438,116.35415649414062,127.41830444335938,96.1035385131836,127.2889175415039,88.6337661743164,127.18895721435547,84.71605682373047,-0.0037445188499987125,3.351621150970459,-0.028521055355668068,6.503550052642822,-0.05052193999290466,9.603747367858887,-0.07537753134965897,12.685816764831543
7498360851,0,127.87675476074219,116.03939056396484,127.51007843017578,95.87985229492188,127.41215515136719,88.44090270996094,127.32772827148438,84.55018615722656,-0.003307345090433955,3.3784353733062744,-0.024246305227279663,6.568216800689697,-0.042255934327840805,9.721098899841309,-0.06330607086420059,12.85876750946045
7523360852,0,127.96268463134766,115.91062927246094,127.60517120361328,95.74958801269531,127.49142456054688,88.28319549560547,127.39220428466797,84.38481903076172,-0.001004312071017921,3.389514923095703,-0.019647322595119476,6.6064372062683105,-0.036911897361278534,9.819124221801758,-0.05799875035881996,13.03580379486084
7548360852,0,128.2809295654297,116.3052749633789,127.58866882324219,96.00525665283203,127.42301177978516,88.5005874633789,127.31343841552734,84.5613784790039,0.007493636570870876,3.355760097503662,-0.020250506699085236,6.5318145751953125,-0.04132550582289696,9.684489250183105,-0.0645940974354744,12.846953392028809
7573360852,0,129.10189819335938,121.96661376953125,127.52101135253906,99.2166976928711,127.2796630859375,90.7281265258789,127.25770568847656,86.20658111572266,0.026062266901135445,2.9302234649658203,-0.020798902958631516,5.713893413543701,-0.04545607790350914,8.485032081604004,-0.061750032007694244,11.312881469726562
7598360853,0,128.8538360595703,121.04156494140625,127.65234375,98.84407043457031,127.50921630859375,90.65586853027344,127.48814392089844,86.28038787841797,0.02057599276304245,2.993039846420288,-0.01530566904693842,5.798761367797852,-0.031090326607227325,8.519445419311523,-0.04236024618148804,11.252344131469727
7623360853,0,127.84999084472656,122.00857543945312,127.06031799316406,99.42340850830078,127.05915069580078,91.10261535644531,127.10523986816406,86.6600341796875,-0.0035450628492981195,2.92742919921875,-0.04049581289291382,5.667808532714844,-0.05820735916495323,8.3108491897583,-0.07213105261325836,10.950587272644043
7648360854,0,127.89385986328125,129.33741760253906,126.43962097167969,103.83928680419922,126.49063110351562,94.17816162109375,126.79243469238281,88.80570983886719,-0.002187722362577915,2.5021188259124756,-0.05791851878166199,4.826247692108154,-0.08043045550584793,7.10287618637085,-0.08491890132427216,9.501396179199219
7673360854,0,128.28427124023438,128.46246337890625,126.9233627319336,103.10071563720703,126.95948791503906,93.68826293945312,127.25709533691406,88.4970703125,0.005950092803686857,2.547090530395508,-0.04091190546751022,4.950359344482422,-0.05669868737459183,7.27235221862793,-0.053220249712467194,9.686639785766602
7698360854,0,129.33273315429688,125.7505874633789,127.27001190185547,101.44155883789062,127.09734344482422,92.51451873779297,127.23187255859375,87.66252136230469,0.02930290438234806,2.695780038833618,-0.029302561655640602,5.251873970031738,-0.052001018077135086,7.711328029632568,-0.0579591765999794,10.22408676147461
7723360855,0,130.06124877929688,121.41727447509766,128.06288146972656,98.83078002929688,127.89096069335938,90.61849975585938,127.88848876953125,86.23656463623047,0.04929492995142937,2.967243194580078,0.002769746584817767,5.80183219909668,-0.006921321619302034,8.537347793579102,-0.009256868623197079,11.288213729858398
7748360855,0,130.01588439941406,123.38685607910156,127.9853515625,99.75724792480469,127.74996948242188,91.28675842285156,127.71067810058594,86.74634552001953,0.046362221240997314,2.838181972503662,-0.0006236853660084307,5.594830513000488,-0.015320905484259129,8.227681159973145,-0.02318715862929821,10.884151458740234
7773360855,0,128.9318389892578,116.685546875,128.11453247070312,96.18757629394531,127.98509216308594,88.72168731689453,127.87507629394531,84.80844116210938,0.024644751101732254,3.323798894882202,0.00559611851349473,6.479564666748047,-0.0010536228073760867,9.551148414611816,-0.011526547372341156,12.59143352508545
7798360856,0,128.51246643066406,115.66802978515625,128.11361694335938,95.80726623535156,128.0345458984375,88.48958587646484,127.93125915527344,84.63790893554688,0.013869233429431915,3.4105677604675293,0.0056400662288069725,6.5894622802734375,0.0024759245570749044,9.691217422485352,-0.00642821379005909,12.766735076904297
7823360856,0,128.4622344970703,115.21776580810547,128.120849609375,95.56329345703125,128.07473754882812,88.30763244628906,128.00303649902344,84.47795104980469,0.012640105560421944,3.450268268585205,0.006061217747628689,6.661830902099609,0.005416248459368944,9.803811073303223,0.0002875944774132222,12.93552303314209
7848360856,0,128.5491485595703,114.97770690917969,128.183837890625,95.4666748046875,128.13711547851562,88.23191833496094,128.0709228515625,84.40577697753906,0.015100705437362194,3.4717743396759033,0.009258361533284187,6.690906524658203,0.009983142837882042,9.851407051086426,0.006756361108273268,13.013105392456055
7873360857,0,128.603759765625,115.23367309570312,128.17739868164062,95.66681671142578,128.1022491455078,88.39777374267578,128.017822265625,84.55121612548828,0.016504131257534027,3.4488515853881836,0.008858520537614822,6.630940914154053,0.007369286846369505,9.747718811035156,0.0016781381564214826,12.857678413391113
7898360857,0,128.67320251464844,114.93097686767578,128.14309692382812,95.4656982421875,128.05445861816406,88.24402618408203,127.9698715209961,84.41748046875,0.01853214204311371,3.4759891033172607,0.007206882815808058,6.691201210021973,0.003962083254009485,9.843766212463379,-0.0028674399945884943,13.000463485717773
7923360858,0,128.504150390625,114.79248809814453,128.04257202148438,95.36953735351562,127.97541809082031,88.18394470214844,127.92386627197266,84.37274932861328,0.013923333957791328,3.488532781600952,0.002152904635295272,6.7203803062438965,-0.0017950719920918345,9.881794929504395,-0.007272128015756607,13.048910140991211
7948360858,0,128.33526611328125,114.74396514892578,128.0851593017578,95.32798767089844,128.042724609375,88.1330795288086,127.99615478515625,84.32469177246094,0.009269695729017258,3.4929471015930176,0.004314251244068146,6.733062267303467,0.0031297632958739996,9.914212226867676,-0.0003687187272589654,13.101351737976074
7973360858,0,128.1960906982422,114.86203002929688,128.0198516845703,95.32929992675781,127.98719024658203,88.07544708251953,127.95108795166016,84.26087188720703,0.0054067326709628105,3.4822237491607666,0.0010056487517431378,6.732661247253418,-0.0009417341789230704,9.951189041137695,-0.004714603070169687,13.171628952026367
7998360859,0,128.04420471191406,115.18126678466797,127.9599838256836,95.44084167480469,127.95220184326172,88.12850952148438,127.93132781982422,84.29263305664062,0.0012098285369575024,3.4535226821899414,-0.002017497317865491,6.698720455169678,-0.0035024145618081093,9.917134284973145,-0.006602167617529631,13.13656234741211
8023360859,0,127.94605255126953,115.0561752319336,127.89530944824219,95.39140319824219,127.89422607421875,88.1176986694336,127.8858871459961,84.29286193847656,-0.0014807647094130516,3.4647181034088135,-0.005289345048367977,6.713724613189697,-0.007755792699754238,9.924054145812988,-0.0109706474468112,13.136311531066895
8048360859,0,127.965087890625,114.88697052001953,127.89385223388672,95.25133514404297,127.898193359375,87.98745727539062,127.90156555175781,84.16159057617188,-0.0009620581986382604,3.479965925216675,-0.005395275540649891,6.756577968597412,-0.007525707129389048,10.008158683776855,-0.009565494023263454,13.282421112060547
8073360860,0,127.90495300292969,115.18428802490234,127.82066345214844,95.36791229248047,127.814697265625,88.04986572265625,127.80388641357422,84.2237548828125,-0.0026011373847723007,3.4532530307769775,-0.009069838561117649,6.720875263214111,-0.013644607737660408,9.967687606811523,-0.01896067149937153,13.212839126586914
8098360860,0,127.72474670410156,115.47504425048828,127.59326934814453,95.49371337890625,127.59162139892578,88.09266662597656,127.58948516845703,84.2301025390625,-0.0074824383482337,3.427483081817627,-0.020460011437535286,6.682745456695557,-0.029990633949637413,9.94011402130127,-0.03966883197426796,13.20577335357666
8123360861,0,127.75297546386719,115.58590698242188,127.601318359375,95.50434112548828,127.60002899169922,88.07357788085938,127.6022720336914,84.21211242675781,-0.006697992328554392,3.4177474975585938,-0.0200460497289896,6.6795430183410645,-0.029408074915409088,9.952393531799316,-0.03848982974886894,13.225815773010254
8148360861,0,127.76249694824219,115.39192962646484,127.56892395019531,95.37538146972656,127.55329895019531,87.99639892578125,127.55440521240234,84.14330291748047,-0.006468608509749174,3.434814214706421,-0.02179444395005703,6.718599796295166,-0.03300238773226738,10.002340316772461,-0.0433664545416832,13.30302619934082
8173360861,0,127.79622650146484,115.37737274169922,127.63459014892578,95.39324188232422,127.62383270263672,88.01578521728516,127.59577941894531,84.16020965576172,-0.005551815964281559,3.436100959777832,-0.01846037246286869,6.713165283203125,-0.02775769867002964,9.989749908447266,-0.03928511589765549,13.283974647521973
8198360862,0,127.66253662109375,115.65508270263672,127.45142364501953,95.5250244140625,127.43386840820312,88.11124420166016,127.41531372070312,84.24520111083984,-0.009135713800787926,3.4116978645324707,-0.02755863219499588,6.673318862915039,-0.041527800261974335,9.928190231323242,-0.056429680436849594,13.188996315002441
8223360862,0,127.56094360351562,115.61910247802734,127.27965545654297,95.51632690429688,127.26765441894531,88.10918426513672,127.27847290039062,84.25074768066406,-0.011895814910531044,3.414841890335083,-0.03620107099413872,6.675934791564941,-0.05372706800699234,9.929511070251465,-0.06960504502058029,13.182845115661621
8248360862,0,127.35755157470703,115.64668273925781,127.05121612548828,95.52909088134766,127.03521728515625,88.13160705566406,127.07251739501953,84.2842788696289,-0.01739552989602089,3.412431478500366,-0.04765547066926956,6.672095775604248,-0.07068097591400146,9.915153503417969,-0.08922914415597916,13.145768165588379
8273360863,0,127.26138305664062,115.8824234008789,126.97993469238281,95.7021484375,126.951904296875,88.25651550292969,127.00667572021484,84.39271545410156,-0.01989203877747059,3.391950845718384,-0.05086170881986618,6.620460510253906,-0.07619458436965942,9.835895538330078,-0.09472731500864029,13.027242660522461
8298360863,0,127.5008773803711,115.18121337890625,127.25071716308594,95.4060287475586,127.20730590820312,88.08839416503906,127.19379425048828,84.25584411621094,-0.013660388067364693,3.4535274505615234,-0.03783281520009041,6.7092790603637695,-0.05822956934571266,9.942859649658203,-0.07774157077074051,13.177196502685547
8323360864,0,127.70011901855469,115.1550064086914,127.50263977050781,95.41707611083984,127.46561431884766,88.13202667236328,127.41831970214844,84.32064819335938,-0.008212367072701454,3.4558675289154053,-0.025100884959101677,6.705924987792969,-0.03914862498641014,9.914884567260742,-0.05579578876495361,13.105782508850098
8348360864,0,127.78096008300781,115.07050323486328,127.57905578613281,95.38668060302734,127.54673767089844,88.10885620117188,127.49839782714844,84.30148315429688,-0.006010269280523062,3.463432550430298,-0.02127191610634327,6.715160846710205,-0.03325336426496506,9.92972183227539,-0.048189517110586166,13.126824378967285
8373360864,0,128.0208740234375,115.21321105957031,127.81785583496094,95.4783935546875,127.83387756347656,88.15422058105469,127.83145904541016,84.33702087402344,0.000570874020922929,3.450674057006836,-0.00916848424822092,6.687366962432861,-0.0121532641351223,9.900713920593262,-0.016145287081599236,13.087859153747559
8398360865,0,128.10198974609375,115.3126449584961,127.98687744140625,95.52253723144531,127.98149108886719,88.15766906738281,127.94606018066406,84.32220458984375,0.0027828672900795937,3.4418342113494873,-0.000659302924759686,6.674066543579102,-0.0013537945924326777,9.898514747619629,-0.005173348356038332,13.104077339172363
8423360865,0,128.28125,115.5516357421875,128.02874755859375,95.72471618652344,127.99152374267578,88.33441925048828,127.94287109375,84.4710464477539,0.007632006425410509,3.4207518100738525,0.001432024990208447,6.6137824058532715,-0.0006132691050879657,9.787077903747559,-0.005413818173110485,12.942906379699707
8448360865,0,128.5693359375,115.41282653808594,128.25881958007812,95.6942367553711,128.2161865234375,88.36892700195312,128.14450073242188,84.53140258789062,0.01549891009926796,3.4329683780670166,0.012909370474517345,6.622804641723633,0.015608423389494419,9.765602111816406,0.013627651147544384,12.878641128540039
8473360866,0,128.87632751464844,115.7445297241211,128.4214630126953,96.16207885742188,128.32395935058594,88.90806579589844,128.18838500976562,85.08247375488281,0.023675182834267616,3.4039039611816406,0.020614640787243843,6.486824035644531,0.022643690928816795,9.44145679473877,0.017017945647239685,12.319307327270508
8498360866,0,129.27919006347656,117.20585632324219,128.55322265625,97.36787414550781,128.45664978027344,89.88749694824219,128.3419647216797,85.91989135742188,0.03344190493226051,3.2809386253356934,0.02577309124171734,6.159477233886719,0.0301706250756979,8.902586936950684,0.029033279046416283,11.554115295410156
8523360867,0,129.35252380371094,119.39213562011719,128.2064208984375,98.97499084472656,128.09632873535156,91.11943817138672,128.01849365234375,86.86905670166016,0.033727895468473434,3.111130714416504,0.009043633937835693,5.768676280975342,0.0059543089009821415,8.303184509277344,0.0014699072344228625,10.79102611541748
8548360867,0,129.08090209960938,118.70049285888672,128.18527221679688,98.3548812866211,128.1749267578125,90.58793640136719,128.1437530517578,86.42587280273438,0.027353666722774506,3.1631314754486084,0.008308065123856068,5.913820743560791,0.01112181693315506,8.552042961120605,0.011776753701269627,11.134830474853516
8573360867,0,129.21234130859375,119.00515747070312,128.12811279296875,98.58250427246094,128.0265350341797,90.80156707763672,128.0059814453125,86.61632537841797,0.03048105724155903,3.1400368213653564,0.005695701576769352,5.859755992889404,0.0016679239924997091,8.450325965881348,0.0004836359294131398,10.984530448913574
8598360868,0,129.15966796875,116.21347045898438,128.35189819335938,96.4547119140625,128.2512664794922,89.10955810546875,128.192138671875,85.23487854003906,0.030997714027762413,3.363558530807495,0.01700611598789692,6.404414176940918,0.017355870455503464,9.325557708740234,0.017157161608338356,12.17283821105957
8623360868,0,129.0751190185547,115.96495819091797,128.4236602783203,96.24603271484375,128.3409881591797,88.9356460571289,128.27859497070312,85.09852600097656,0.028900180011987686,3.3848323822021484,0.020650364458560944,6.462978363037109,0.02379513718187809,9.425430297851562,0.02513630874454975,12.303719520568848
8648360868,0,129.13839721679688,116.30210876464844,128.4669647216797,96.51213073730469,128.3722381591797,89.15396881103516,128.29736328125,85.29351806640625,0.030368270352482796,3.3560285568237305,0.02251405268907547,6.38847541809082,0.025645246729254723,9.300378799438477,0.02643614076077938,12.117378234863281
8673360869,0,129.31271362304688,116.3492431640625,128.55502319335938,96.36156463623047,128.42919921875,88.95507049560547,128.32115173339844,85.08771514892578,0.034981176257133484,3.352036714553833,0.02692505344748497,6.430430889129639,0.029916442930698395,9.414173126220703,0.02899993769824505,12.314212799072266
8698360869,0,129.3355712890625,116.94944763183594,128.54116821289062,96.6535415649414,128.39187622070312,89.11772155761719,128.25521850585938,85.19917297363281,0.03511505573987961,3.301936149597168,0.025942007079720497,6.349536895751953,0.027055377140641212,9.32091999053955,0.022851573303341866,12.2068510055542
8723360870,0,129.2871856689453,117.14453125,128.46498107910156,96.65741729736328,128.29856872558594,89.0901107788086,128.15921020507812,85.16439056396484,0.033696647733449936,3.2859389781951904,0.022286318242549896,6.348476409912109,0.020646672695875168,9.336625099182129,0.014292914420366287,12.24015998840332
8748360870,0,129.2901611328125,117.11911010742188,128.43124389648438,96.69868469238281,128.2750701904297,89.18873596191406,128.15110778808594,85.27195739746094,0.03379356861114502,3.288015604019165,0.02063477784395218,6.33720064163208,0.018912557512521744,9.28075885772705,0.013455582782626152,12.137713432312012
8773360870,0,129.1949462890625,117.16133880615234,128.27706909179688,96.66979217529297,128.1370086669922,89.13066101074219,128.03785705566406,85.20145416259766,0.031270310282707214,3.28456711769104,0.013273126445710659,6.345090866088867,0.00945201888680458,9.313577651977539,0.003389032557606697,12.204672813415527
8798360871,0,128.8924560546875,117.02925109863281,128.1468963623047,96.62590789794922,128.02171325683594,89.12281036376953,127.9173355102539,85.21717834472656,0.02342301420867443,3.2953755855560303,0.007049679756164551,6.357110500335693,0.001498651341535151,9.318031311035156,-0.007391470950096846,12.189676284790039
8823360871,0,128.62664794921875,117.0516357421875,128.01535034179688,96.59913635253906,127.90534210205078,89.0560073852539,127.80393981933594,85.13485717773438,0.0164385586977005,3.293539524078369,0.000737477617803961,6.364465236663818,-0.0065588862635195255,9.356093406677246,-0.017640653997659683,12.268580436706543
8848360871,0,128.3251495361328,116.53167724609375,127.93968200683594,96.16165924072266,127.85327911376953,88.67378234863281,127.7485580444336,84.8022232055664,0.008629084564745426,3.336665630340576,-0.0029503311961889267,6.48694372177124,-0.010399403981864452,9.579739570617676,-0.023211488500237465,12.597742080688477
8873360872,0,128.20050048828125,116.59186553955078,127.84339904785156,96.08019256591797,127.76779174804688,88.52706146240234,127.66374969482422,84.64569854736328,0.005313863977789879,3.3316218852996826,-0.007685729768127203,6.5102434158325195,-0.01660476252436638,9.668335914611816,-0.03142465278506279,12.758624076843262
8898360872,0,127.87681579589844,116.38573455810547,127.60540008544922,95.90633392333984,127.54264831542969,88.33628845214844,127.45245361328125,84.46200561523438,-0.0032799122855067253,3.348951816558838,-0.019507186487317085,6.560497760772705,-0.033086251467466354,9.78591251373291,-0.05192584916949272,12.95258617401123
8923360873,0,127.6125717163086,116.41724395751953,127.1846923828125,95.95587158203125,127.05973815917969,88.33023834228516,126.93292999267578,84.44918060302734,-0.010308378376066685,3.346292495727539,-0.0402216799557209,6.546104907989502,-0.0680466815829277,9.78968620300293,-0.10129844397306442,12.966341018676758
8948360873,0,127.64466857910156,116.85005187988281,127.31365966796875,96.0838394165039,127.20809173583984,88.39305877685547,127.1011734008789,84.50375366210938,-0.009363135322928429,3.310140371322632,-0.033679407089948654,6.509197235107422,-0.05709071829915047,9.750638008117676,-0.08495445549488068,12.908003807067871
8973360873,0,127.52668762207031,117.06102752685547,126.9454345703125,96.30892181396484,126.73045349121094,88.56315612792969,126.56346893310547,84.6345443725586,-0.012413591146469116,3.29276967048645,-0.05126942694187164,6.445222854614258,-0.09058497101068497,9.646394729614258,-0.13437116146087646,12.770240783691406
8998360874,0,127.6982421875,116.59437561035156,127.28141021728516,96.03082275390625,127.15459442138672,88.38103485107422,127.07006072998047,84.48271942138672,-0.007997036911547184,3.3314120769500732,-0.03533971682190895,6.524440288543701,-0.06099221855401993,9.758089065551758,-0.08804323524236679,12.930428504943848
9023360874,0,127.39360046386719,116.83741760253906,127.00813293457031,96.03910064697266,126.88475799560547,88.34237670898438,126.8125991821289,84.44523620605469,-0.01598338969051838,3.311185836791992,-0.0487624928355217,6.522055625915527,-0.08065003156661987,9.782116889953613,-0.11275734752416611,12.97057819366455
9048360874,0,126.93161010742188,117.41021728515625,126.33645629882812,96.17102813720703,126.09992218017578,88.38423919677734,125.95757293701172,84.47348022460938,-0.027805252000689507,3.264373302459717,-0.08133729547262192,6.484274387359619,-0.13705527782440186,9.756101608276367,-0.19351273775100708,12.940302848815918
9073360875,0,127.08219909667969,117.788818359375,126.61522674560547,96.19332122802734,126.40491485595703,88.35905456542969,126.31137084960938,84.46342468261719,-0.02368861623108387,3.234074831008911,-0.06764470040798187,6.477930545806885,-0.11523285508155823,9.771737098693848,-0.16012071073055267,12.951065063476562
9098360875,0,127.33645629882812,117.6884536743164,126.80474853515625,96.24557495117188,126.61869812011719,88.40179443359375,126.55371856689453,84.5010757446289,-0.01716381125152111,3.2420578002929688,-0.05826093629002571,6.463108062744141,-0.09952860325574875,9.745231628417969,-0.13672755658626556,12.91085433959961
9123360875,0,127.50064849853516,117.38776397705078,126.95195770263672,96.16175079345703,126.82567596435547,88.36016845703125,126.80905151367188,84.47319030761719,-0.013002241030335426,3.266185998916626,-0.05126265436410904,6.486917972564697,-0.08483026921749115,9.771044731140137,-0.11284078657627106,12.94061279296875
9148360876,0,127.57318115234375,117.04573822021484,127.1277847290039,96.03427124023438,127.05744934082031,88.30913543701172,127.08070373535156,84.42853546142578,-0.01119800191372633,3.294023036956787,-0.04288874566555023,6.523446559906006,-0.06830058246850967,9.802870750427246,-0.08741504698991776,12.988544464111328
9173360876,0,127.57206726074219,116.49984741210938,127.27098846435547,95.87435913085938,127.23880767822266,88.2591552734375,127.282958984375,84.37828826904297,-0.01136495266109705,3.3393383026123047,-0.03608721122145653,6.569820404052734,-0.05532826855778694,9.834234237670898,-0.06845955550670624,13.042892456054688
9198360877,0,127.63898468017578,116.36619567871094,127.3450927734375,95.80789184570312,127.30496215820312,88.2322998046875,127.34855651855469,84.35227966308594,-0.009616655297577381,3.350602865219116,-0.03250943869352341,6.589278697967529,-0.05060332268476486,9.851165771484375,-0.062327586114406586,13.071198463439941
9223360877,0,127.58662414550781,116.0311279296875,127.25956726074219,95.71088409423828,127.19242858886719,88.19027709960938,127.20772552490234,84.30034637451172,-0.011095221154391766,3.3791444301605225,-0.036905281245708466,6.617873668670654,-0.05894911289215088,9.87777328491211,-0.07612178474664688,13.128073692321777
9248360877,0,127.70115661621094,116.38818359375,127.18164825439453,95.94894409179688,127.10678100585938,88.37690734863281,127.12146759033203,84.47008514404297,-0.00795658864080906,3.348745107650757,-0.040383532643318176,6.548113822937012,-0.0644579827785492,9.760648727416992,-0.08326050639152527,12.94393539428711
9273360878,0,128.22840881347656,117.99309539794922,127.54656219482422,96.85099029541016,127.4519271850586,89.04952239990234,127.4574203491211,85.01692199707031,0.005869091022759676,3.2179341316223145,-0.02156376838684082,6.295909881591797,-0.03799064829945564,9.359804153442383,-0.04926129803061485,12.383359909057617
9298360878,0,128.2496795654297,119.9361572265625,127.53663635253906,97.73479461669922,127.4662094116211,89.60697937011719,127.49222564697266,85.3899917602539,0.006155600771307945,3.0712835788726807,-0.02127903327345848,6.065953731536865,-0.03582916781306267,9.050797462463379,-0.04481682926416397,12.027192115783691
9323360878,0,128.38441467285156,120.27395629882812,127.7338638305664,98.08553314208984,127.67762756347656,89.93440246582031,127.70044708251953,85.68540954589844,0.009411041624844074,3.046992778778076,-0.012057431973516941,5.9790143966674805,-0.02124328352510929,8.878257751464844,-0.025868209078907967,11.758934020996094
9348360879,0,128.0552978515625,120.96562194824219,127.42779541015625,98.4217300415039,127.39187622070312,90.11518859863281,127.43794250488281,85.79428100585938,0.0013346507912501693,2.998302459716797,-0.02559415064752102,5.897846221923828,-0.03967343270778656,8.785661697387695,-0.04815399646759033,11.662970542907715
9373360879,0,128.32752990722656,119.30402374267578,127.81678771972656,97.38591766357422,127.74504852294922,89.39696502685547,127.71878051757812,85.27655029296875,0.008182830177247524,3.117671012878418,-0.008529280312359333,6.154815196990967,-0.01731947250664234,9.164886474609375,-0.025032879784703255,12.133376121520996
9398360880,0,128.34925842285156,117.97127532958984,127.83699035644531,96.53838348388672,127.75910949707031,88.7574234008789,127.72105407714844,84.76029205322266,0.008978648111224174,3.219651222229004,-0.007850874215364456,6.3812127113342285,-0.016988813877105713,9.529927253723145,-0.02583509311079979,12.640453338623047
9423360880,0,128.33164978027344,117.12132263183594,127.87944030761719,96.09864807128906,127.79939270019531,88.4346923828125,127.73456573486328,84.49710083007812,0.008686574175953865,3.287834882736206,-0.005912349559366703,6.504951477050781,-0.014425663277506828,9.724923133850098,-0.025101423263549805,12.915087699890137
9448360880,0,128.2730255126953,116.17156219482422,127.98761749267578,95.65634155273438,127.96440887451172,88.14149475097656,127.92608642578125,84.26094055175781,0.007304847240447998,3.3671295642852783,-0.000618602498434484,6.634054660797119,-0.0026058449875563383,9.908834457397461,-0.007124445401132107,13.171552658081055
9473360881,0,128.21527099609375,116.23313903808594,127.9964828491211,95.65077209472656,127.99456787109375,88.13097381591797,127.9704818725586,84.25059509277344,0.005751596298068762,3.3618853092193604,-0.00017575039237271994,6.635710716247559,-0.0003979789325967431,9.915557861328125,-0.0028476216830313206,13.183013916015625
9498360881,0,128.11415100097656,116.34502410888672,127.95230102539062,95.70750427246094,127.97288513183594,88.1706314086914,127.97906494140625,84.2902603149414,0.00304218428209424,3.352393865585327,-0.0023777917958796024,6.6188740730285645,-0.00198166910558939,9.890259742736816,-0.002013092627748847,13.139176368713379
9523360881,0,128.06655883789062,116.27076721191406,128.0017547607422,95.65728759765625,128.03514099121094,88.13802337646484,128.03887939453125,84.27487182617188,0.0017768032848834991,3.3586878776550293,8.766043174546212e-05,6.633772850036621,0.0025734417140483856,9.911052703857422,0.003743287641555071,13.156149864196777
9548360882,0,128.0519256591797,116.21939086914062,127.99612426757812,95.58126831054688,128.035888671875,88.06964874267578,128.04559326171875,84.24185943603516,0.0013877777382731438,3.3630547523498535,-0.00019423937192186713,6.656447887420654,0.002639378421008587,9.954924583435059,0.004401532467454672,13.192706108093262
9573360882,0,128.3307647705078,116.50980377197266,128.1959228515625,95.67070007324219,128.24546813964844,88.08639526367188,128.26901245117188,84.20403289794922,0.008782420307397842,3.3385021686553955,0.009781932458281517,6.629787921905518,0.018033791333436966,9.944145202636719,0.026050716638565063,13.234837532043457
9598360883,0,128.27476501464844,115.93046569824219,128.17239379882812,95.49091339111328,128.21372985839844,87.99883270263672,128.23764038085938,84.1455307006836,0.007391733583062887,3.3878040313720703,0.008673060685396194,6.683589935302734,0.015788016840815544,10.00075912475586,0.023123543709516525,13.30051326751709
9623360883,0,128.15440368652344,115.53524780273438,128.0693359375,95.38976287841797,128.0882110595703,87.9637680053711,128.09478759765625,84.12300109863281,0.004191479180008173,3.4221901893615723,0.003503347747027874,6.714223384857178,0.006530377548187971,10.023604393005371,0.009240427054464817,13.325974464416504
9648360883,0,128.1409912109375,115.2557601928711,128.05581665039062,95.28964233398438,128.0928497314453,87.91206359863281,128.1178741455078,84.08716583251953,0.0038521105889230967,3.4468863010406494,0.0028323805890977383,6.74480676651001,0.0068961200304329395,10.057475090026855,0.011525100097060204,13.366667747497559
9673360884,0,128.02960205078125,115.2215805053711,128.05294799804688,95.30023193359375,128.10125732421875,87.93449401855469,128.12332153320312,84.1054458618164,0.0008094160002656281,3.4499282836914062,0.002685591345652938,6.741559028625488,0.007509979885071516,10.042753219604492,0.01203950960189104,13.345879554748535
9698360884,0,128.00347900390625,115.349609375,128.05166625976562,95.37389373779297,128.1127166748047,87.99087524414062,128.14157104492188,84.16140747070312,9.484629845246673e-05,3.4385581016540527,0.0026123211719095707,6.719052791595459,0.008330414071679115,10.005934715270996,0.013757554814219475,13.28262710571289
9723360884,0,128.0401611328125,115.22914123535156,128.0672149658203,95.35380554199219,128.1170196533203,87.98832702636719,128.1345672607422,84.16212463378906,0.001097943400964141,3.4492549896240234,0.003401409834623337,6.725176811218262,0.00864980649203062,10.00759220123291,0.013076172210276127,13.281820297241211
9748360885,0,128.0789031982422,115.27310180664062,128.010986328125,95.42784881591797,128.05520629882812,88.03426361083984,128.08551025390625,84.1862564086914,0.002154900226742029,3.4453444480895996,0.0005542054423131049,6.702657699584961,0.004069024231284857,9.977776527404785,0.008292748592793941,13.254725456237793
9773360885,0,127.95536804199219,115.93718719482422,127.96685791015625,95.67395782470703,128.00152587890625,88.18353271484375,128.0199432373047,84.31067657470703,-0.0012005059979856014,3.3872244358062744,-0.0016544729005545378,6.628819942474365,0.00011142878065584227,9.88205623626709,0.0019145398400723934,13.11672306060791
9798360886,0,128.00071716308594,115.8729476928711,128.06182861328125,95.48062133789062,128.12855529785156,88.03575897216797,128.17835998535156,84.18692016601562,1.9318425984238274e-05,3.3927695751190186,0.003111935220658779,6.686694622039795,0.009474387392401695,9.976808547973633,0.017296336591243744,13.253983497619629
9823360886,0,128.02517700195312,115.6214828491211,128.08563232421875,95.34664916992188,128.1775360107422,87.96110534667969,128.27490234375,84.13319396972656,0.000682109675835818,3.4146339893341064,0.004334747791290283,6.727360725402832,0.013145411387085915,10.025343894958496,0.02677650935947895,13.314443588256836
9848360886,0,128.06561279296875,115.75363159179688,128.18206787109375,95.44707489013672,128.28887939453125,88.01473999023438,128.376953125,84.17460632324219,0.0017722503980621696,3.4031128883361816,0.009176884777843952,6.696833610534668,0.021318040788173676,9.99042797088623,0.03659173846244812,13.267792701721191
9873360887,0,128.13705444335938,115.34901428222656,128.188232421875,95.33857727050781,128.2685089111328,87.95044708251953,128.3247833251953,84.1216812133789,0.003736496204510331,3.438610792160034,0.009531707502901554,6.729825973510742,0.019894657656550407,10.032309532165527,0.031665150076150894,13.327468872070312
9898360887,0,128.08279418945312,115.43475341796875,128.16139221191406,95.33445739746094,128.25132751464844,87.94586181640625,128.30055236816406,84.11885070800781,0.0022527507971972227,3.4310333728790283,0.008174016140401363,6.73108434677124,0.018626989796757698,10.035308837890625,0.02930956333875656,13.330674171447754
9923360887,0,128.12918090820312,115.38717651367188,128.2197265625,95.34712982177734,128.32470703125,87.95600128173828,128.3815460205078,84.12196350097656,0.0035187434405088425,3.435234546661377,0.011122430674731731,6.7272138595581055,0.02405017800629139,10.028678894042969,0.03719842806458473,13.3271484375
9948360888,0,128.12242126464844,115.18201446533203,128.22348022460938,95.32853698730469,128.31219482421875,87.96033477783203,128.3346405029297,84.12486267089844,0.0033504613675177097,3.453456163406372,0.01132145430892706,6.732894420623779,0.023117152974009514,10.025846481323242,0.03261762484908104,13.323866844177246
9973360888,0,128.21478271484375,114.89537811279297,128.3729705810547,95.27574157714844,128.46800231933594,87.96902465820312,128.47972106933594,84.14454650878906,0.00591751653701067,3.47920560836792,0.018937459215521812,6.749073505401611,0.03463540971279144,10.020174026489258,0.0466829314827919,13.301623344421387
9998360889,0,128.2986297607422,115.94741821289062,128.533935546875,95.77882385253906,128.61952209472656,88.28343963623047,128.58934020996094,84.40032196044922,0.008030644617974758,3.386343002319336,0.026536835357546806,6.597822666168213,0.04496362432837486,9.818970680236816,0.056167326867580414,13.01900577545166
10023360889,0,128.22572326660156,116.50358581542969,128.4175262451172,95.87873077392578,128.45803833007812,88.29093170166016,128.38682556152344,84.40509796142578,0.00599421001970768,3.339024305343628,0.02066441811621189,6.568543910980225,0.033228177577257156,9.814271926879883,0.036852385848760605,13.013839721679688
10048360889,0,128.2958984375,116.35791778564453,128.39834594726562,95.94451141357422,128.4628448486328,88.39706420898438,128.432861328125,84.50423431396484,0.007883556187152863,3.3513031005859375,0.01966097392141819,6.5493998527526855,0.03335953503847122,9.74815845489502,0.04091120883822441,12.907491683959961
10073360890,0,128.25296020507812,117.3594741821289,128.3194122314453,96.64404296875,128.3378448486328,88.93472290039062,128.2920684814453,84.93814086914062,0.006590750068426132,3.268472671508789,0.0153175825253129,6.352138519287109,0.023577071726322174,9.425965309143066,0.026678625494241714,12.461197853088379
10098360890,0,128.26205444335938,116.50399780273438,128.1519317626953,96.11897277832031,128.16659545898438,88.60221862792969,128.13877868652344,84.64896392822266,0.006958940997719765,3.338989734649658,0.007444583810865879,6.4991326332092285,0.011858989484608173,9.622756958007812,0.012966371141374111,12.755227088928223
10123360890,0,127.87876892089844,118.56854248046875,128.15390014648438,97.24951934814453,128.23106384277344,89.46479797363281,128.24642944335938,85.35105895996094,-0.0030766066629439592,3.173227310180664,0.007203383836895227,6.1902241706848145,0.015635762363672256,9.127737045288086,0.021813608705997467,12.063430786132812
10148360891,0,127.91297912597656,118.68284606933594,128.201171875,97.04882049560547,128.28440856933594,89.2652359008789,128.31361389160156,85.16142272949219,-0.00220301141962409,3.164478063583374,0.009491407312452793,6.243027210235596,0.019467977806925774,9.23786449432373,0.02816067636013031,12.243009567260742
10173360891,0,128.02670288085938,118.48182678222656,128.17050170898438,96.67118835449219,128.23719787597656,88.88774871826172,128.25442504882812,84.82291412353516,0.0006789308972656727,3.1798934936523438,0.008167503401637077,6.344709396362305,0.016599295660853386,9.453296661376953,0.023448968306183815,12.57676887512207
10198360892,0,128.37754821777344,117.56256103515625,128.27806091308594,96.12879180908203,128.30926513671875,88.5071029663086,128.325439453125,84.55956268310547,0.009792981669306755,3.2521209716796875,0.01361930649727583,6.4963250160217285,0.02214168757200241,9.680508613586426,0.030622901394963264,12.848869323730469
10223360892,0,128.40635681152344,117.22169494628906,128.29795837402344,96.02691650390625,128.33306884765625,88.43733978271484,128.34567260742188,84.4991226196289,0.010619678534567356,3.2796497344970703,0.014655755832791328,6.525566101074219,0.023947110399603844,9.723292350769043,0.03268406540155411,12.912934303283691
10248360892,0,128.4454345703125,116.74397277832031,128.34988403320312,95.74015045166016,128.36709594726562,88.18533325195312,128.34576416015625,84.27449798583984,0.011765219271183014,3.318936347961426,0.017417719587683678,6.609222412109375,0.026804553344845772,9.880912780761719,0.03329100459814072,13.156562805175781
10273360893,0,128.2845458984375,116.28446197509766,128.1682586669922,95.53960418701172,128.18112182617188,88.0438003540039,128.15182495117188,84.15735626220703,0.007593668065965176,3.35752534866333,0.008447513915598392,6.668937683105469,0.013341791927814484,9.971607208251953,0.014758922159671783,13.287185668945312
10298360893,0,128.21856689453125,115.68933868408203,128.13369750976562,95.35530090332031,128.14378356933594,87.9502944946289,128.11386108398438,84.0801010131836,0.005912342108786106,3.4087095260620117,0.006765322294086218,6.724720478057861,0.010653472505509853,10.032408714294434,0.011139234527945518,13.37471866607666
10323360893,0,128.22677612304688,115.6309814453125,128.12319946289062,95.33928680419922,128.13381958007812,87.96365356445312,128.11204528808594,84.08480072021484,0.006142610218375921,3.4138033390045166,0.0062383804470300674,6.72960901260376,0.009906905703246593,10.02367877960205,0.010957329533994198,13.369361877441406
10348360894,0,128.20587158203125,115.44778442382812,128.0767822265625,95.3070068359375,128.1070556640625,87.95423126220703,128.11636352539062,84.08920288085938,0.005599888972938061,3.429884433746338,0.003893362358212471,6.73948335647583,0.007930205203592777,10.029834747314453,0.011375483125448227,13.364348411560059
10373360894,0,128.1822052001953,115.75221252441406,128.07244873046875,95.368408203125,128.10487365722656,87.9722671508789,128.099365234375,84.11613464355469,0.004921657498925924,3.403236150741577,0.0036639729514718056,6.720724105834961,0.007759799249470234,10.018056869506836,0.009692169725894928,13.333752632141113
10398360894,0,128.18389892578125,115.59442901611328,128.0548095703125,95.35166931152344,128.09597778320312,87.97522735595703,128.1086883544922,84.11834716796875,0.004985386971384287,3.417001485824585,0.002773888874799013,6.725828170776367,0.007100260816514492,10.01612663269043,0.010599618777632713,13.331244468688965
10423360895,0,128.27133178710938,115.66984558105469,128.16302490234375,95.42668914794922,128.20480346679688,88.02273559570312,128.20591735839844,84.16609954833984,0.007342934608459473,3.410409450531006,0.008224200457334518,6.703009605407715,0.015106063336133957,9.98524284362793,0.02000286616384983,13.277349472045898
10448360895,0,128.19158935546875,115.78707885742188,128.08560180664062,95.482666015625,128.1069793701172,88.04359436035156,128.09059143066406,84.17656707763672,0.005171018186956644,3.400207757949829,0.004308104049414396,6.68607759475708,0.00788041390478611,9.97174072265625,0.008792511187493801,13.265592575073242
10473360896,0,128.19259643554688,115.74735260009766,128.11505126953125,95.46276092529297,128.14259338378906,88.03074645996094,128.1173095703125,84.17139434814453,0.005202919710427523,3.403658628463745,0.005795126780867577,6.692089080810547,0.010512263514101505,9.980052947998047,0.011390524916350842,13.27139949798584
10498360896,0,128.09921264648438,115.5992431640625,128.0456085205078,95.42794799804688,128.0883026123047,88.00798797607422,128.06954956054688,84.1510238647461,0.0026892968453466892,3.4165799617767334,0.002300712512806058,6.702627658843994,0.006519096903502941,9.994810104370117,0.00676444498822093,13.294319152832031
10523360896,0,128.12921142578125,115.67570495605469,128.00746154785156,95.411865234375,128.02838134765625,87.99920654296875,127.99851989746094,84.13712310791016,0.0034963234793394804,3.409898042678833,0.0003766548470593989,6.707507133483887,0.0020964534487575293,10.000515937805176,-0.00014412081509362906,13.310004234313965
10548360897,0,128.08834838867188,115.61370849609375,127.9675521850586,95.38313293457031,127.97069549560547,87.97830963134766,127.92825317382812,84.116943359375,0.0023940117098391056,3.415313959121704,-0.001639960566535592,6.716240406036377,-0.0021674754098057747,10.014117240905762,-0.006997779943048954,13.332837104797363
10573360897,0,128.04275512695312,115.751953125,127.92953491210938,95.41449737548828,127.92536163330078,87.98933410644531,127.8790283203125,84.12325286865234,0.00115489203017205,3.4032585620880127,-0.00355663918890059,6.706707954406738,-0.005516739096492529,10.006937980651855,-0.011792752891778946,13.325689315795898
10598360897,0,128.0954132080078,116.03150177001953,127.94983673095703,95.4759292602539,127.94252014160156,88.00595092773438,127.90711975097656,84.1419677734375,0.002560917753726244,3.3791122436523438,-0.0025253042113035917,6.688111305236816,-0.004244092386215925,9.996132850646973,-0.009040343575179577,13.304533004760742
10623360898,0,128.1506805419922,116.27034759521484,128.0433807373047,95.51785278320312,128.05352783203125,88.03086853027344,128.03842163085938,84.16261291503906,0.0040224893018603325,3.3587234020233154,0.0021799670066684484,6.675475597381592,0.0039461469277739525,9.979973793029785,0.0037333571817725897,13.281270980834961
10648360898,0,128.1834259033203,115.9699478149414,128.10072326660156,95.48748779296875,128.13873291015625,88.04386901855469,128.14346313476562,84.17101287841797,0.004930096212774515,3.3844027519226074,0.005068084225058556,6.684622287750244,0.010219298303127289,9.971563339233398,0.013930420391261578,13.271828651428223
10673360899,0,128.11441040039062,115.74150085449219,128.05735778808594,95.47215270996094,128.0963897705078,88.06051635742188,128.0804443359375,84.17855072021484,0.0030911669600754976,3.404167413711548,0.002887953072786331,6.68925142288208,0.0070928712375462055,9.96081256866455,0.007806394249200821,13.263365745544434
10698360899,0,128.1098175048828,115.63494873046875,128.0645294189453,95.45962524414062,128.1168670654297,88.05521392822266,128.10838317871094,84.18172454833984,0.002974320435896516,3.413456916809082,0.0032507781870663166,6.693037033081055,0.008602539077401161,9.964234352111816,0.010514865629374981,13.259806632995605
10723360899,0,128.13536071777344,115.70999908447266,128.08168029785156,95.46821594238281,128.1371612548828,88.05145263671875,128.13900756835938,84.1853256225586,0.003659843234345317,3.4069089889526367,0.0041132764890789986,6.690440654754639,0.010098753497004509,9.966663360595703,0.013481926172971725,13.255769729614258
10748360900,0,128.1672821044922,115.52896118164062,128.1331787109375,95.42971801757812,128.19117736816406,88.0428695678711,128.1918182373047,84.1684799194336,0.004541735630482435,3.4227421283721924,0.006717665586620569,6.702090740203857,0.014083320274949074,9.972208976745605,0.01862962730228901,13.274673461914062
10773360900,0,128.11573791503906,115.39739227294922,128.1228485107422,95.38011169433594,128.19174194335938,88.02754974365234,128.20001220703125,84.16297912597656,0.0031518293544650078,3.4343316555023193,0.006209747865796089,6.717159748077393,0.014138411730527878,9.982123374938965,0.01943422481417656,13.280858993530273
10798360900,0,128.12376403808594,115.37421417236328,128.168701171875,95.40277099609375,128.23606872558594,88.03755950927734,128.22276306152344,84.1784896850586,0.003372201230376959,3.436380624771118,0.008519251830875874,6.710268497467041,0.01739605702459812,9.975643157958984,0.02161724679172039,13.263434410095215
10823360901,0,128.08261108398438,115.42921447753906,128.10601806640625,95.44996643066406,128.15704345703125,88.05570983886719,128.13272094726562,84.17525482177734,0.002248055301606655,3.4315218925476074,0.005343038588762283,6.695958614349365,0.011559552513062954,9.96391487121582,0.012882853858172894,13.267065048217773
10848360901,0,128.14190673828125,115.4405746459961,128.18710327148438,95.47718811035156,128.21617126464844,88.08096313476562,128.1676483154297,84.20094299316406,0.003860629163682461,3.4305198192596436,0.009418590925633907,6.68773078918457,0.015886804088950157,9.947638511657715,0.016238894313573837,13.238289833068848
10873360902,0,128.16781616210938,115.87068939208984,128.1322784423828,95.60983276367188,128.1371612548828,88.15618896484375,128.08712768554688,84.24888610839844,0.004520744550973177,3.3929648399353027,0.0066213542595505714,6.647911071777344,0.01003328524529934,9.899458885192871,0.008406403474509716,13.184908866882324
10898360902,0,128.22422790527344,115.87620544433594,128.16366577148438,95.6538314819336,128.16253662109375,88.18316650390625,128.12181091308594,84.25563049316406,0.006039642728865147,3.3924882411956787,0.008177245035767555,6.634800910949707,0.011869663372635841,9.88228988647461,0.011746303178369999,13.177433013916016
10923360902,0,128.25244140625,115.57584381103516,128.11996459960938,95.55077362060547,128.13514709472656,88.12496185302734,128.1271209716797,84.2046890258789,0.006846449803560972,3.4186291694641113,0.006020029075443745,6.665585041046143,0.009905095212161541,9.919404029846191,0.012309519574046135,13.234103202819824
10948360903,0,128.269775390625,115.62964630126953,128.17446899414062,95.51171875,128.20010375976562,88.0881576538086,128.19921875,84.17794799804688,0.007307541556656361,3.4139201641082764,0.008769695647060871,6.677321434020996,0.014699399471282959,9.943012237548828,0.019333334639668465,13.264042854309082
10973360903,0,128.2938690185547,115.8735122680664,128.17823791503906,95.5633544921875,128.21051025390625,88.09989166259766,128.22352600097656,84.17185974121094,0.00791593175381422,3.392720937728882,0.00893950741738081,6.6618123054504395,0.015452578663825989,9.935473442077637,0.021703097969293594,13.27087688446045
10998360903,0,128.185546875,115.84484100341797,128.115966796875,95.51034545898438,128.1226806640625,88.06195831298828,128.11599731445312,84.12995147705078,0.005001333076506853,3.3952012062072754,0.005829419009387493,6.677734851837158,0.009026684798300266,9.959882736206055,0.011301589198410511,13.318109512329102
11023360904,0,128.1189727783203,116.01913452148438,128.1156768798828,95.60081481933594,128.1103057861328,88.12454223632812,128.07911682128906,84.18790435791016,0.003194160759449005,3.380174160003662,0.005792555864900351,6.650603771209717,0.008084655739367008,9.919672966003418,0.007671679370105267,13.252880096435547
11048360904,0,128.4130859375,116.55398559570312,128.14962768554688,95.83072662353516,128.103271484375,88.27471923828125,128.06407165527344,84.30902099609375,0.010957323014736176,3.334794521331787,0.007420365698635578,6.582581520080566,0.007499245461076498,9.824446678161621,0.006151670590043068,13.118539810180664
11073360905,0,128.15585327148438,116.3113021850586,128.04656982421875,95.64326477050781,128.0386962890625,88.14799499511719,128.028564453125,84.22489166259766,0.004156732466071844,3.3552494049072266,0.002327811438590288,6.63794469833374,0.0028320529963821173,9.904685020446777,0.0027614140417426825,13.211572647094727
11098360905,0,128.13262939453125,116.16754150390625,128.0122528076172,95.61782836914062,128.0052490234375,88.13924407958984,127.98214721679688,84.21913146972656,0.0035488465800881386,3.3674724102020264,0.0006131211994215846,6.645524978637695,0.000384366896469146,9.910272598266602,-0.0017266974318772554,13.217988967895508
11123360905,0,128.05245971679688,115.7708511352539,127.89139556884766,95.50127410888672,127.8824462890625,88.07273864746094,127.86923217773438,84.1672134399414,0.00141641846857965,3.401616334915161,-0.005461434833705425,6.680466651916504,-0.008643648587167263,9.952933311462402,-0.012701657600700855,13.276097297668457
11148360906,0,127.94974517822266,115.90624237060547,127.82763671875,95.51776885986328,127.7935562133789,88.06089782714844,127.73583221435547,84.1618423461914,-0.001352702034637332,3.3898937702178955,-0.008661623112857342,6.675500869750977,-0.015190869569778442,9.960566520690918,-0.025670310482382774,13.282136917114258
11173360906,0,127.99882507324219,116.02178955078125,127.84187316894531,95.50004577636719,127.83340454101562,88.03400421142578,127.8082046508789,84.16532897949219,-3.15423276333604e-05,3.379945993423462,-0.00795220397412777,6.6808366775512695,-0.012279248796403408,9.977944374084473,-0.018632231280207634,13.278216361999512
11198360906,0,128.06130981445312,116.3473892211914,127.90667724609375,95.60494995117188,127.88545227050781,88.06885528564453,127.840087890625,84.18788146972656,0.0016338515561074018,3.352193593978882,-0.004672347102314234,6.649368762969971,-0.008424656465649605,9.955435752868652,-0.015506141819059849,13.25290584564209
11223360907,0,128.11029052734375,116.33894348144531,127.92012786865234,95.61470031738281,127.92945861816406,88.06700134277344,127.91879272460938,84.17686462402344,0.002939703408628702,3.3529083728790283,-0.003997269552201033,6.646457672119141,-0.005188714247196913,9.95663070678711,-0.007881522178649902,13.265257835388184
11248360907,0,128.16534423828125,115.90428161621094,127.84738159179688,95.58297729492188,127.86438751220703,88.08747100830078,127.86774444580078,84.19255828857422,0.00445074588060379,3.3900628089904785,-0.007648194674402475,6.6559367179870605,-0.00996236689388752,9.943452835083008,-0.012819459661841393,13.247669219970703
11273360908,0,128.09580993652344,115.64368438720703,127.88880157470703,95.508544921875,127.9079818725586,88.04740142822266,127.89173889160156,84.16582489013672,0.0025944169610738754,3.412693500518799,-0.005590150598436594,6.678276538848877,-0.006776716560125351,9.969280242919922,-0.010516750626266003,13.277658462524414
11298360908,0,127.99150085449219,115.61759185791016,127.83786010742188,95.4759521484375,127.8521728515625,88.01202392578125,127.8324203491211,84.14038848876953,-0.00023028426221571863,3.4149744510650635,-0.008162388578057289,6.688103675842285,-0.010910850018262863,9.99219036102295,-0.016313206404447556,13.306315422058105
11323360908,0,127.96449279785156,115.4952163696289,127.87854766845703,95.4267807006836,127.883056640625,87.98600006103516,127.8529281616211,84.12020874023438,-0.0009647740516811609,3.4257078170776367,-0.006126943975687027,6.702981948852539,-0.00864542555063963,10.00910758972168,-0.014340690337121487,13.32913589477539
11348360909,0,127.85301971435547,115.51821899414062,127.855712890625,95.38400268554688,127.8678970336914,87.95780181884766,127.84151458740234,84.10455322265625,-0.003991522826254368,3.4236855506896973,-0.0072922129184007645,6.715975761413574,-0.009783407673239708,10.027502059936523,-0.015473593957722187,13.346893310546875
11373360909,0,127.87519836425781,115.50958251953125,127.85739135742188,95.39371490478516,127.86898803710938,87.97501373291016,127.8475570678711,84.13066864013672,-0.0033898933324962854,3.4244446754455566,-0.007204391527920961,6.713021278381348,-0.00969215389341116,10.016265869140625,-0.014851599000394344,13.317298889160156
11398360909,0,127.9618911743164,115.48822784423828,127.90713500976562,95.32537841796875,127.9278335571289,87.93770599365234,127.92684173583984,84.09334564208984,-0.0010356296552345157,3.4263226985931396,-0.0047051552683115005,6.733860015869141,-0.005351310130208731,10.0406494140625,-0.007149366661906242,13.359633445739746
11423360910,0,127.90281677246094,115.46054077148438,127.88190460205078,95.34776306152344,127.91436767578125,87.94862365722656,127.92364501953125,84.09898376464844,-0.0026426936965435743,3.428760290145874,-0.005977758672088385,6.727021217346191,-0.006345489993691444,10.033502578735352,-0.0074582877568900585,13.35322093963623
11448360910,0,127.9327621459961,115.47547912597656,127.91754150390625,95.3773422241211,127.96415710449219,87.97311401367188,127.96319580078125,84.11410522460938,-0.001827763975597918,3.4274446964263916,-0.004168606363236904,6.718002796173096,-0.0026519426610320807,10.017505645751953,-0.0035905144177377224,13.336053848266602
11473360911,0,128.07894897460938,115.38032531738281,128.06710815429688,95.3380126953125,128.1015625,87.94268798828125,128.07339477539062,84.08847045898438,0.002150821266695857,3.435840129852295,0.0033983024768531322,6.7299981117248535,0.007528743240982294,10.037386894226074,0.007175372447818518,13.365182876586914
11498360911,0,128.18923950195312,115.3483657836914,128.1993865966797,95.32308197021484,128.26515197753906,87.94647216796875,128.25820922851562,84.0984878540039,0.0051592872478067875,3.4386680126190186,0.010103239677846432,6.734562397003174,0.01965082809329033,10.03490924835205,0.02522268518805504,13.353785514831543
11523360911,0,128.29689025878906,115.25640869140625,128.37210083007812,95.25050354003906,128.4598388671875,87.905517578125,128.450439453125,84.06859588623047,0.008111406117677689,3.446828603744507,0.01891380548477173,6.756834030151367,0.034167129546403885,10.06177806854248,0.044109318405389786,13.387850761413574
11548360912,0,128.2729034423828,114.91227722167969,128.33607482910156,95.1819076538086,128.38075256347656,87.88993835449219,128.3157196044922,84.0471420288086,0.007515850011259317,3.477677822113037,0.017133159562945366,6.778011322021484,0.02831856720149517,10.072035789489746,0.030971921980381012,13.41240406036377
11573360912,0,128.23236083984375,114.75975036621094,128.2541961669922,95.1797866821289,128.281494140625,87.8952407836914,128.21717834472656,84.0238037109375,0.006422120146453381,3.4915096759796143,0.012960155494511127,6.778668403625488,0.020929213613271713,10.06854248046875,0.021346431225538254,13.439214706420898
11598360912,0,128.29605102539062,114.69778442382812,128.20152282714844,95.15802001953125,128.1692352294922,87.8995361328125,128.08135986328125,84.02879333496094,0.008194300346076488,3.497157573699951,0.010284269228577614,6.785415172576904,0.012579314410686493,10.065713882446289,0.007993534207344055,13.43347454071045
11623360913,0,128.1639862060547,114.50473022460938,128.04974365234375,95.08460998535156,128.02349853515625,87.87337493896484,127.95735168457031,84.00543212890625,0.004559536464512348,3.5148582458496094,0.002546629635617137,6.808265209197998,0.0017495329957455397,10.082962989807129,-0.004198312293738127,13.460391998291016
11648360913,0,128.06277465820312,114.57122039794922,127.95765686035156,95.06595611572266,127.94368743896484,87.83763885498047,127.89716339111328,83.99436950683594,0.0017426848644390702,3.5087435245513916,-0.0021695129107683897,6.8140950202941895,-0.004202091600745916,10.106616973876953,-0.010132601484656334,13.473176002502441
11673360913,0,128.09877014160156,114.47309112548828,127.97672271728516,95.03765106201172,127.9673080444336,87.8418960571289,127.92488861083984,84.01581573486328,0.002748289378359914,3.5177743434906006,-0.0011941109551116824,6.822957992553711,-0.002438846044242382,10.103793144226074,-0.007387596648186445,13.44841480255127
11698360914,0,128.16207885742188,114.39010620117188,128.01223754882812,94.98770904541016,127.99824523925781,87.80655670166016,127.96327209472656,83.9823226928711,0.004518689587712288,3.5254440307617188,0.0006291430909186602,6.838650703430176,-0.0001311992236878723,10.127276420593262,-0.0036224781069904566,13.487123489379883
11723360914,0,128.13198852539062,114.21550750732422,127.95933532714844,94.92744445800781,127.97726440429688,87.77658081054688,127.98968505859375,83.94213104248047,0.0036950029898434877,3.5416791439056396,-0.0020961014088243246,6.857677459716797,-0.0017031155293807387,10.147278785705566,-0.0010207879822701216,13.53386116027832
11748360915,0,128.11663818359375,114.59317016601562,127.93772888183594,95.06298065185547,127.93036651611328,87.8429183959961,127.90296936035156,84.0079345703125,0.003236319636926055,3.5067293643951416,-0.003190963761880994,6.815025329589844,-0.005194378551095724,10.103116035461426,-0.009549732320010662,13.457503318786621
11773360915,0,128.21031188964844,114.88702392578125,127.97413635253906,95.15909576416016,127.94332885742188,87.88037872314453,127.88114166259766,84.04557800292969,0.0057954685762524605,3.4799611568450928,-0.0013198325177654624,6.785081386566162,-0.004217467270791531,10.078338623046875,-0.011661452241241932,13.41419792175293
11798360915,0,128.2208709716797,114.7145767211914,128.01950073242188,95.11827087402344,128.005126953125,87.86882019042969,127.9666519165039,84.03433990478516,0.006111012771725655,3.4956254959106445,0.0009968876838684082,6.797770023345947,0.0003818258992396295,10.08597183227539,-0.0032749089878052473,13.427098274230957
11823360916,0,128.12661743164062,114.813720703125,127.96224212646484,95.13131713867188,127.9061508178711,87.8649673461914,127.81895446777344,84.0420913696289,0.0034951125271618366,3.4866042137145996,-0.0019291136413812637,6.793710231781006,-0.006991043221205473,10.088519096374512,-0.01776791736483574,13.418197631835938
11848360916,0,128.22930908203125,114.97057342529297,128.113525390625,95.16020965576172,128.0419464111328,87.86762237548828,127.92506408691406,84.04834747314453,0.006306679453700781,3.472417116165161,0.005792968440800905,6.784735679626465,0.003124162321910262,10.086763381958008,-0.007350436877459288,13.411022186279297
11873360916,0,128.14747619628906,115.03841400146484,127.98464965820312,95.18475341796875,127.93992614746094,87.86692810058594,127.86743927001953,84.06001281738281,0.004049638751894236,3.466313123703003,-0.0007824673666618764,6.777130126953125,-0.004474487155675888,10.0872220993042,-0.012990256771445274,13.397663116455078
11898360917,0,128.04844665527344,115.1452865600586,127.94304656982422,95.20552825927734,127.86848449707031,87.87133026123047,127.75782775878906,84.07292938232422,0.001327031059190631,3.4567363262176514,-0.002900541527196765,6.770704746246338,-0.009792966768145561,10.08431339263916,-0.02370622009038925,13.382901191711426
11923360917,0,128.09237670898438,115.29441833496094,127.99357604980469,95.28311157226562,127.94383239746094,87.91728210449219,127.8460464477539,84.10374450683594,0.002521629212424159,3.443451404571533,-0.0003260707308072597,6.7468109130859375,-0.004170302767306566,10.054045677185059,-0.015032133087515831,13.347811698913574
11948360918,0,128.05882263183594,115.31482696533203,128.02749633789062,95.29595947265625,127.99882507324219,87.9260482788086,127.91215515136719,84.11781311035156,0.001604938879609108,3.4416403770446777,0.0013949057320132852,6.742868900299072,-8.718733442947268e-05,10.04829216003418,-0.008567274548113346,13.331850051879883
11973360918,0,127.87566375732422,115.64596557617188,127.82640075683594,95.4091796875,127.79756927490234,87.97515106201172,127.72332763671875,84.16850280761719,-0.003366698743775487,3.41249418258667,-0.008764199912548065,6.708322048187256,-0.014975525438785553,10.016176223754883,-0.026870716363191605,13.27464771270752
11998360918,0,127.88510131835938,115.84716796875,127.81465148925781,95.43841552734375,127.79590606689453,87.96760559082031,127.7333755493164,84.16305541992188,-0.003096878295764327,3.3949997425079346,-0.009345692582428455,6.699455738067627,-0.015105701982975006,10.021098136901855,-0.025906451046466827,13.28077220916748
12023360919,0,127.96067810058594,115.90689086914062,127.88510131835938,95.45154571533203,127.86045837402344,87.95941925048828,127.79788970947266,84.15148162841797,-0.0010584063129499555,3.3898375034332275,-0.005790208466351032,6.6954803466796875,-0.010333259589970112,10.026444435119629,-0.01965666562318802,13.293803215026855
12048360919,0,127.9493408203125,116.25057220458984,127.83924102783203,95.54922485351562,127.79375457763672,88.0013656616211,127.72850799560547,84.18120574951172,-0.0013529753778129816,3.360403060913086,-0.008067690767347813,6.666049480438232,-0.015232736244797707,9.999112129211426,-0.026340099051594734,13.260388374328613
12073360919,0,127.99158477783203,116.23628234863281,127.89191436767578,95.55012512207031,127.85005187988281,87.99952697753906,127.81098937988281,84.16995239257812,-0.0002248213713755831,3.3616178035736084,-0.005424071568995714,6.6657795906066895,-0.01107604056596756,10.000307083129883,-0.01835472881793976,13.273019790649414
12098360920,0,127.87445831298828,116.56167602539062,127.69813537597656,95.65261840820312,127.63470458984375,88.05154418945312,127.59799194335938,84.21265411376953,-0.003329485422000289,3.3341503143310547,-0.015082857571542263,6.635161399841309,-0.026895401999354362,9.966604232788086,-0.03890230506658554,13.225212097167969
12123360920,0,127.78718566894531,116.07044219970703,127.56259155273438,95.48209381103516,127.5098876953125,87.96773529052734,127.51188659667969,84.144775390625,-0.005706950556486845,3.3757731914520264,-0.022014103829860687,6.68625020980835,-0.03627462312579155,10.021014213562012,-0.04749871790409088,13.30136489868164
12148360921,0,127.8707046508789,116.12216186523438,127.6438217163086,95.49777221679688,127.57272338867188,87.97901153564453,127.54261779785156,84.15108489990234,-0.003463193541392684,3.371347188949585,-0.017913950607180595,6.681521892547607,-0.03160165622830391,10.013659477233887,-0.044485125690698624,13.294249534606934
12173360921,0,127.77385711669922,116.0149917602539,127.67593383789062,95.48164367675781,127.59707641601562,87.96473693847656,127.54100799560547,84.15042114257812,-0.006072016432881355,3.3805298805236816,-0.0163100715726614,6.6863861083984375,-0.029827138409018517,10.022972106933594,-0.04464413970708847,13.294999122619629
12198360921,0,127.80694580078125,116.1707534790039,127.70313262939453,95.55581665039062,127.64263153076172,88.00923156738281,127.6224136352539,84.18107604980469,-0.005165294278413057,3.3671982288360596,-0.014894124120473862,6.664072513580322,-0.026381313800811768,9.994003295898438,-0.03663374111056328,13.260533332824707
12223360922,0,127.83975982666016,115.78549194335938,127.70774841308594,95.45040130615234,127.6170425415039,87.97405242919922,127.5755844116211,84.12812805175781,-0.004325056914240122,3.4003453254699707,-0.014728456735610962,6.695827007293701,-0.028332578018307686,10.01689338684082,-0.04135691747069359,13.320171356201172
12248360922,0,127.71197509765625,115.90141296386719,127.50668334960938,95.45038604736328,127.40934753417969,87.95211791992188,127.35457611083984,84.1157455444336,-0.00775357848033309,3.390310525894165,-0.024861447513103485,6.695831775665283,-0.04375869035720825,10.031216621398926,-0.06295721977949142,13.33419418334961
12273360922,0,127.57861328125,115.73344421386719,127.34668731689453,95.40986633300781,127.23991394042969,87.94172668457031,127.18086242675781,84.1044692993164,-0.01138722337782383,3.4048683643341064,-0.03298168256878853,6.708113670349121,-0.05634794384241104,10.038016319274902,-0.07997637987136841,13.346988677978516
12298360923,0,127.66191101074219,115.40983581542969,127.50858306884766,95.29080963134766,127.42643737792969,87.88020324707031,127.3660888671875,84.06238555908203,-0.009204358793795109,3.433232545852661,-0.024935390800237656,6.744448661804199,-0.04268501698970795,10.078455924987793,-0.06210775673389435,13.394949913024902
12323360923,0,127.6451416015625,115.34903717041016,127.60639953613281,95.26289367675781,127.522705078125,87.84628295898438,127.43922424316406,84.03215789794922,-0.009674450382590294,3.4386088848114014,-0.019995972514152527,6.753022193908691,-0.03559672459959984,10.100885391235352,-0.05508030578494072,13.429605484008789
12348360924,0,127.75467681884766,115.3721923828125,127.67778778076172,95.3119125366211,127.55384063720703,87.87564849853516,127.43803405761719,84.07169342041016,-0.006684637628495693,3.4365594387054443,-0.016334835439920425,6.73798131942749,-0.03321308642625809,10.081461906433105,-0.05501643568277359,13.384312629699707
12373360924,0,127.84022521972656,115.3502426147461,127.75676727294922,95.28567504882812,127.64010620117188,87.86979675292969,127.52748107910156,84.0709228515625,-0.004355794284492731,3.4385018348693848,-0.012344792485237122,6.746023654937744,-0.026801161468029022,10.085326194763184,-0.046262528747320175,13.38519287109375
12398360924,0,127.90107727050781,115.06961822509766,127.7267074584961,95.1865005493164,127.60204315185547,87.83011627197266,127.48095703125,84.02494812011719,-0.002714411821216345,3.4635121822357178,-0.013929746113717556,6.7765889167785645,-0.029709991067647934,10.11160945892334,-0.051011811941862106,13.437897682189941
12423360925,0,127.81429290771484,115.2296371459961,127.60791778564453,95.22401428222656,127.47959899902344,87.84599304199219,127.37260437011719,84.01699829101562,-0.005076887551695108,3.4492108821868896,-0.019952187314629555,6.7649970054626465,-0.0388122983276844,10.101078033447266,-0.06170155853033066,13.447052001953125
12448360925,0,127.90947723388672,115.12378692626953,127.68896484375,95.20822143554688,127.58241271972656,87.8672103881836,127.49491119384766,84.04747009277344,-0.002480798866599798,3.4586591720581055,-0.015838652849197388,6.769872665405273,-0.03110264614224434,10.0870361328125,-0.04954759031534195,13.412028312683105
12473360925,0,128.03819274902344,115.03451538085938,127.7773208618164,95.15856170654297,127.64583587646484,87.83491516113281,127.54121398925781,84.03054809570312,0.0010488529223948717,3.466663360595703,-0.01136366929858923,6.785247325897217,-0.026432571932673454,10.108423233032227,-0.045068737119436264,13.431455612182617
12498360926,0,128.1263885498047,114.83078002929688,127.87158966064453,95.11490631103516,127.75838470458984,87.81737518310547,127.6708984375,84.02103424072266,0.003487404901534319,3.485056161880493,-0.00656535942107439,6.7988176345825195,-0.018052637577056885,10.120076179504395,-0.03235480189323425,13.442402839660645
12523360926,0,128.16664123535156,115.02471923828125,128.05810546875,95.1719970703125,127.97144317626953,87.85121154785156,127.868408203125,84.05867767333984,0.0045773605816066265,3.4675440788269043,0.002963494975119829,6.781081676483154,-0.0021291098091751337,10.097620010375977,-0.012896735221147537,13.399190902709961
12548360927,0,128.19313049316406,114.84696960449219,128.13583374023438,95.08356475830078,128.0941619873047,87.80833435058594,128.0290985107422,84.01448822021484,0.005326983518898487,3.483588218688965,0.006954331416636705,6.808591365814209,0.0070394729264080524,10.126092910766602,0.002862306544557214,13.449944496154785
12573360927,0,128.06045532226562,114.91352844238281,127.9090347290039,95.13307189941406,127.86335754394531,87.83688354492188,127.80633544921875,84.01390838623047,0.0016649108147248626,3.477564811706543,-0.004647216759622097,6.793164253234863,-0.010196862742304802,10.107117652893066,-0.019050942733883858,13.450613021850586
12598360927,0,127.9954833984375,114.8953628540039,127.83406066894531,95.14044189453125,127.78105163574219,87.82954406738281,127.71640014648438,83.99954223632812,-0.00012443771993275732,3.4792068004608154,-0.00847477838397026,6.790874004364014,-0.016346469521522522,10.11198902130127,-0.027931353077292442,13.467195510864258
12623360928,0,128.0626983642578,114.70829772949219,127.88201141357422,95.14579010009766,127.85150909423828,87.85940551757812,127.805419921875,84.01319122314453,0.0017349803820252419,3.4961979389190674,-0.006024466827511787,6.789211750030518,-0.011065308935940266,10.092195510864258,-0.019142145290970802,13.45143985748291
12648360928,0,128.18235778808594,114.76387023925781,128.0125732421875,95.21640014648438,127.99673461914062,87.91316223144531,127.9620361328125,84.0435791015625,0.005039622075855732,3.4911351203918457,0.0006400339771062136,6.767346382141113,-0.0002425090642645955,10.05675220489502,-0.003725336631760001,13.41649055480957
12673360928,0,128.14120483398438,114.79943084716797,128.00779724121094,95.25115966796875,128.00892639160156,87.94914245605469,127.97684478759766,84.06551361083984,0.0038990804459899664,3.4879019260406494,0.00039632091647945344,6.756631851196289,0.0006614382145926356,10.033163070678711,-0.002268054988235235,13.391372680664062
12698360929,0,128.17852783203125,114.72540283203125,128.1049041748047,95.19084930419922,128.0771484375,87.91575622558594,128.00621032714844,84.04434204101562,0.004938220139592886,3.494638442993164,0.005345972720533609,6.775243282318115,0.005728626623749733,10.055048942565918,0.0006093713454902172,13.41561508178711
12723360929,0,128.1562042236328,114.62186431884766,128.0792694091797,95.15214538574219,128.05599975585938,87.89555358886719,127.99285125732422,84.02896118164062,0.004331227391958237,3.5040993690490723,0.004046364687383175,6.787238597869873,0.004163524601608515,10.068336486816406,-0.0007023477228358388,13.433280944824219
12748360930,0,128.1722412109375,114.81487274169922,128.217041015625,95.21965789794922,128.21681213378906,87.91264343261719,128.15774536132812,84.0454330444336,0.0047543710097670555,3.486499786376953,0.011046803556382656,6.766341209411621,0.016102446243166924,10.057092666625977,0.015476930886507034,13.4143648147583
12773360930,0,128.22120666503906,115.06144714355469,128.24075317382812,95.27564239501953,128.2597198486328,87.92179107666016,128.22735595703125,84.0549087524414,0.0060709998942911625,3.464245319366455,0.01222421508282423,6.749104022979736,0.019278081133961678,10.051084518432617,0.022289125248789787,13.403505325317383
12798360930,0,128.04995727539062,115.328857421875,127.96834564208984,95.33767700195312,127.93008422851562,87.92605590820312,127.8412857055664,84.0596923828125,0.0013626118889078498,3.440396547317505,-0.0016029741382226348,6.730100631713867,-0.0051882099360227585,10.048286437988281,-0.015553583391010761,13.398030281066895
12823360931,0,128.0257568359375,115.34449768066406,128.01011657714844,95.35104370117188,127.98344421386719,87.93327331542969,127.89208984375,84.08523559570312,0.0007022782228887081,3.4390108585357666,0.0005120094283483922,6.726019382476807,-0.0012279917718842626,10.043554306030273,-0.010552559979259968,13.368866920471191
12848360931,0,127.99922943115234,115.43305206298828,127.96661376953125,95.39106750488281,127.95953369140625,87.9655990600586,127.90770721435547,84.09501647949219,-2.0967263480997644e-05,3.4311835765838623,-0.0016868170350790024,6.7138261795043945,-0.0029954288620501757,10.022408485412598,-0.009018035605549812,13.357732772827148
12873360931,0,127.99897003173828,115.22837829589844,127.95764923095703,95.35786437988281,127.92713928222656,87.96121215820312,127.86135864257812,84.10121154785156,-2.8158241548226215e-05,3.4493229389190674,-0.0021427860483527184,6.723938465118408,-0.005394835025072098,10.025272369384766,-0.013539873994886875,13.350689888000488
12898360932,0,128.06838989257812,115.31079864501953,128.07870483398438,95.39825439453125,128.04812622070312,87.9699478149414,127.98222351074219,84.11627197265625,0.0018661493668332696,3.441997766494751,0.003975288476794958,6.711641788482666,0.003561466932296753,10.019571304321289,-0.0017339142505079508,13.333597183227539
12923360932,0,128.25726318359375,115.47418975830078,128.204833984375,95.42223358154297,128.17501831054688,87.99993896484375,128.12734985351562,84.16542053222656,0.006993535440415144,3.427558183670044,0.010335329920053482,6.704360485076904,0.01292753778398037,10.000040054321289,0.012371488846838474,13.27811336517334
12948360932,0,128.25990295410156,115.52144622802734,128.07177734375,95.42911529541016,128.0092010498047,87.99767303466797,127.9565200805664,84.16365051269531,0.007057624403387308,3.4234020709991455,0.0036206133663654327,6.702273845672607,0.0006797218229621649,10.00151252746582,-0.004224501550197601,13.28010368347168
12973360933,0,128.1560516357422,115.35055541992188,128.0012969970703,95.37581634521484,127.93567657470703,87.98442077636719,127.88427734375,84.16014862060547,0.0042542628943920135,3.438474416732788,6.557266897289082e-05,6.718467712402344,-0.004755792673677206,10.010136604309082,-0.011246830224990845,13.284043312072754
12998360933,0,128.17356872558594,115.48194885253906,128.0876922607422,95.38041687011719,128.0092010498047,87.9667739868164,127.91978454589844,84.13038635253906,0.004717513453215361,3.426875352859497,0.004432611633092165,6.717066764831543,0.0006810371996834874,10.021641731262207,-0.007815091870725155,13.317617416381836
13023360934,0,127.94263458251953,116.4625015258789,127.83030700683594,95.57672119140625,127.73861694335938,88.00605773925781,127.66383361816406,84.17498779296875,-0.0015247790142893791,3.3424792289733887,-0.008506112731993198,6.657808780670166,-0.019299395382404327,9.996064186096191,-0.03263144940137863,13.267364501953125
13048360934,0,127.87256622314453,116.37352752685547,127.68132781982422,95.5851058959961,127.63435363769531,88.01866149902344,127.60079193115234,84.18049621582031,-0.003393995575606823,3.3499834537506104,-0.015968237072229385,6.655300140380859,-0.026976505294442177,9.987884521484375,-0.0387333407998085,13.261183738708496
13073360934,0,127.90504455566406,116.65633392333984,127.6166763305664,95.67277526855469,127.50745391845703,88.06305694580078,127.44248962402344,84.21649932861328,-0.002512970706447959,3.326234817504883,-0.0191367007791996,6.629170894622803,-0.036238428205251694,9.959174156188965,-0.0539332814514637,13.22092342376709
13098360935,0,127.70877838134766,116.653564453125,127.3395767211914,95.65423583984375,127.20951843261719,88.05014038085938,127.13487243652344,84.21521759033203,-0.007707581855356693,3.3264660835266113,-0.03299621492624283,6.63468074798584,-0.058205436915159225,9.967510223388672,-0.08370079845190048,13.222352981567383
13123360935,0,127.88170623779297,116.80755615234375,127.6397476196289,95.65740203857422,127.53247833251953,88.04674530029297,127.46151733398438,84.22551727294922,-0.003120047738775611,3.313659191131592,-0.01799659989774227,6.633738994598389,-0.03443225473165512,9.969704627990723,-0.05205412581562996,13.21087646484375
13148360935,0,127.89988708496094,116.3648681640625,127.66624450683594,95.58482360839844,127.56903839111328,88.0256118774414,127.49748229980469,84.19357299804688,-0.002666868269443512,3.350715160369873,-0.01672424003481865,6.655384063720703,-0.03178151696920395,9.983379364013672,-0.04870471730828285,13.246533393859863
13173360936,0,127.76182556152344,116.52058410644531,127.58700561523438,95.6043701171875,127.51900482177734,88.03707885742188,127.46693420410156,84.21807861328125,-0.00632244348526001,3.337596893310547,-0.020677706226706505,6.649541854858398,-0.035445909947156906,9.97595500946045,-0.051561858505010605,13.219162940979004
13198360936,0,127.66220092773438,116.38189697265625,127.44022369384766,95.5601806640625,127.36246490478516,88.00958251953125,127.330322265625,84.19214630126953,-0.00899504218250513,3.349276065826416,-0.028079316020011902,6.662764072418213,-0.0470624715089798,9.993775367736816,-0.06491369754076004,13.248129844665527
13223360937,0,127.6124038696289,117.01256561279297,127.48361206054688,95.68571472167969,127.42800903320312,88.05032348632812,127.40255737304688,84.23483276367188,-0.01017645001411438,3.2967453002929688,-0.02576559968292713,6.625331401824951,-0.042116861790418625,9.967391967773438,-0.057709701359272,13.200512886047363
13248360937,0,127.77459716796875,117.12145233154297,127.69065856933594,95.75871276855469,127.66511535644531,88.09890747070312,127.65878295898438,84.28133392333984,-0.005903736222535372,3.2878243923187256,-0.01538742147386074,6.60374641418457,-0.02458382584154606,9.936104774475098,-0.03283490985631943,13.149016380310059
13273360937,0,127.8800048828125,117.04056549072266,127.7595443725586,95.75785064697266,127.74288940429688,88.10968017578125,127.73617553710938,84.29073333740234,-0.003148548537865281,3.294447183609009,-0.01196130272001028,6.604000568389893,-0.01886182650923729,9.929193496704102,-0.0253680981695652,13.138655662536621
13298360938,0,128.0141143798828,116.6590805053711,127.86321258544922,95.69811248779297,127.83248901367188,88.09518432617188,127.81596374511719,84.26443481445312,0.00037351035280153155,3.326005697250366,-0.0068215494975447655,6.6216559410095215,-0.012299797497689724,9.938495635986328,-0.017733993008732796,13.167686462402344
13323360938,0,127.9847640991211,116.72950744628906,127.8089370727539,95.72920989990234,127.7879409790039,88.1102066040039,127.77688598632812,84.28099060058594,-0.0004025544913019985,3.320139169692993,-0.009515766985714436,6.612453937530518,-0.015556300058960915,9.928855895996094,-0.02147059515118599,13.149395942687988
13348360938,0,128.0533905029297,116.3180923461914,127.93741607666016,95.66077423095703,127.9366455078125,88.104736328125,127.92484283447266,84.26285552978516,0.0014237496070563793,3.3546741008758545,-0.003125967690721154,6.632736682891846,-0.004649159498512745,9.932364463806152,-0.007243182044476271,13.169432640075684
13373360939,0,128.4858856201172,116.48479461669922,128.20272827148438,95.74288177490234,128.1763153076172,88.15603637695312,128.13079833984375,84.30160522460938,0.012908420525491238,3.340603828430176,0.010090937837958336,6.6084160804748535,0.012897510081529617,9.899556159973145,0.01256582885980606,13.126690864562988
13398360939,0,128.6454315185547,116.0958251953125,128.2919921875,95.62122344970703,128.2738800048828,88.12479400634766,128.2311248779297,84.27531433105469,0.017298296093940735,3.3735995292663574,0.014608966186642647,6.644512176513672,0.02007320709526539,9.919511795043945,0.022251777350902557,13.155660629272461
13423360940,0,128.53201293945312,116.05198669433594,128.31292724609375,95.59375,128.2779998779297,88.11641693115234,128.19261169433594,84.25957489013672,0.014272739179432392,3.377354860305786,0.015674620866775513,6.65271520614624,0.020385753363370895,9.92487621307373,0.01856769062578678,13.173064231872559
13448360940,0,128.48623657226562,115.85077667236328,128.3587646484375,95.50563049316406,128.30690002441406,88.0723648071289,128.1887969970703,84.2186279296875,0.0131045151501894,3.3946871757507324,0.01803799904882908,6.679154396057129,0.02256668731570244,9.953174591064453,0.01826094649732113,13.218550682067871
13473360940,0,128.4167938232422,115.7098159790039,128.28759765625,95.45600128173828,128.23704528808594,88.05348205566406,128.1388702392578,84.20826721191406,0.01126919686794281,3.4069252014160156,0.014490454457700253,6.6941328048706055,0.017450695857405663,9.965353012084961,0.013443296775221825,13.230107307434082
13498360941,0,128.1918487548828,115.39977264404297,128.15884399414062,95.35974884033203,128.1455841064453,88.00979614257812,128.0940399169922,84.15998840332031,0.005224228370934725,3.4341211318969727,0.00803624652326107,6.723363876342773,0.010746791027486324,9.993636131286621,0.00913965329527855,13.284223556518555
13523360941,0,128.1956787109375,115.35651397705078,128.1640625,95.37545013427734,128.16136169433594,88.06078338623047,128.1251220703125,84.23330688476562,0.005333838518708944,3.4379467964172363,0.008294686675071716,6.718579292297363,0.011873653158545494,9.960639953613281,0.012087616138160229,13.202208518981934
13548360941,0,128.09251403808594,114.98997497558594,128.09478759765625,95.27058410644531,128.12081909179688,88.01412963867188,128.10829162597656,84.19004821777344,0.0025432619731873274,3.470669746398926,0.004813875537365675,6.75065803527832,0.008916263468563557,9.990823745727539,0.01049881149083376,13.250479698181152
13573360942,0,128.31924438476562,115.0963363647461,128.2041473388672,95.32698059082031,128.2204132080078,88.0464859008789,128.19564819335938,84.21858978271484,0.008754544891417027,3.4611170291900635,0.01034274511039257,6.733370304107666,0.016233356669545174,9.969871520996094,0.018923671916127205,13.218592643737793
13598360942,0,128.45118713378906,115.02445983886719,128.22996520996094,95.29747772216797,128.24917602539062,88.03059387207031,128.24069213867188,84.22320556640625,0.01239344198256731,3.467567205429077,0.01166551373898983,6.742403507232666,0.018369920551776886,9.980152130126953,0.02327166311442852,13.21345043182373
13623360943,0,128.16770935058594,114.94920349121094,127.91764068603516,95.26919555664062,127.91130065917969,88.0284423828125,127.89486694335938,84.22661590576172,0.0046147992834448814,3.474344253540039,-0.004182943608611822,6.75108528137207,-0.006540029775351286,9.981545448303223,-0.010162104852497578,13.2096529006958
13648360943,0,128.0001220703125,114.64351654052734,127.61479187011719,95.25740051269531,127.58001708984375,88.03025817871094,127.57933807373047,84.20756530761719,3.383044258953305e-06,3.5021169185638428,-0.0195742417126894,6.754711627960205,-0.030962908640503883,9.980369567871094,-0.04072440788149834,13.230891227722168
13673360943,0,128.20066833496094,114.58747863769531,127.73554992675781,95.31033325195312,127.67382049560547,88.09545135498047,127.6531753540039,84.2801513671875,0.005568619817495346,3.507251501083374,-0.013407439924776554,6.738464832305908,-0.02394992485642433,9.938324928283691,-0.03337773680686951,13.150321960449219
13698360944,0,128.0715789794922,114.64791870117188,127.49107360839844,95.34318542480469,127.38041687011719,88.10295104980469,127.32919311523438,84.26383972167969,0.0019835277926176786,3.501713991165161,-0.025765908882021904,6.728418350219727,-0.045472074300050735,9.933509826660156,-0.0646430253982544,13.168344497680664
13723360944,0,128.08566284179688,114.93885040283203,127.36408996582031,95.45276641845703,127.22855377197266,88.15311431884766,127.16935729980469,84.28762817382812,0.0023577227257192135,3.475278377532959,-0.03204440698027611,6.6951117515563965,-0.056441694498062134,9.901419639587402,-0.07989080995321274,13.14207649230957
13748360944,0,127.62159729003906,115.16478729248047,126.73568725585938,95.62604522705078,126.48043823242188,88.26960754394531,126.36335754394531,84.4159927368164,-0.010360369458794594,3.454993724822998,-0.06324324011802673,6.6430745124816895,-0.1103803887963295,9.827659606933594,-0.15578405559062958,13.002069473266602
13773360945,0,127.1134262084961,115.0806884765625,126.17870330810547,95.50794982910156,125.79850769042969,88.1943359375,125.5411605834961,84.37779235839844,-0.02432108111679554,3.4625191688537598,-0.09156227111816406,6.678455829620361,-0.16065886616706848,9.875197410583496,-0.23476730287075043,13.04343032836914
13798360945,0,126.45319366455078,115.7298583984375,124.96990203857422,95.72607421875,124.23756408691406,88.28878784179688,123.6520004272461,84.45003509521484,-0.04180310294032097,3.4051802158355713,-0.15093202888965607,6.613380432128906,-0.27298009395599365,9.8156156539917,-0.4127333462238312,12.965423583984375
13823360946,0,126.32279205322266,115.99552917480469,124.59860229492188,95.93207550048828,123.69613647460938,88.4561996459961,122.93706512451172,84.60694885253906,-0.04505355283617973,3.382202386856079,-0.16796845197677612,6.553011417388916,-0.3090861737728119,9.711690902709961,-0.4746166467666626,12.79906940460205
13848360946,0,126.40138244628906,116.19818115234375,124.65521240234375,95.94306945800781,123.86219024658203,88.38130187988281,123.23649597167969,84.5059814453125,-0.042745545506477356,3.364860773086548,-0.16509707272052765,6.549818515777588,-0.2985195517539978,9.757923126220703,-0.4501522183418274,12.905632972717285
13873360946,0,126.2457504272461,116.35779571533203,124.17987060546875,96.02935028076172,123.21204376220703,88.45108795166016,122.44773864746094,84.58086395263672,-0.04673821106553078,3.351313352584839,-0.18788264691829681,6.524864196777344,-0.34395861625671387,9.71483325958252,-0.5215669870376587,12.826436042785645
13898360947,0,126.16621398925781,117.29124450683594,124.11053466796875,96.46766662597656,123.10733032226562,88.70641326904297,122.35617065429688,84.77783966064453,-0.047850340604782104,3.273998975753784,-0.18786592781543732,6.400811672210693,-0.3461093008518219,9.560246467590332,-0.5219958424568176,12.62254524230957
13923360947,0,126.13610076904297,117.07830810546875,124.31107330322266,96.38709259033203,123.38694763183594,88.64032745361328,122.7005615234375,84.72712707519531,-0.048865851014852524,3.291353940963745,-0.1787683516740799,6.423281192779541,-0.3276250958442688,9.59980297088623,-0.49209630489349365,12.674434661865234
13948360947,0,125.87960815429688,117.05770111083984,124.12275695800781,96.3135757446289,123.13968658447266,88.57845306396484,122.37677764892578,84.66889190673828,-0.05561574548482895,3.2930424213409424,-0.18846245110034943,6.443912982940674,-0.34647423028945923,9.637125015258789,-0.5245625376701355,12.73453426361084
13973360948,0,126.31126403808594,116.67221069335938,125.04210662841797,95.96324920654297,124.44268798828125,88.29607391357422,124.01005554199219,84.41419982910156,-0.04467606544494629,3.3249104022979736,-0.14587721228599548,6.543966293334961,-0.25798213481903076,9.81104850769043,-0.3798382878303528,13.00400447845459
13998360948,0,126.50028991699219,116.81619262695312,125.36233520507812,96.14947509765625,124.76839447021484,88.474609375,124.36504364013672,84.56073760986328,-0.039547860622406006,3.312943458557129,-0.12908107042312622,6.490418434143066,-0.23182156682014465,9.700390815734863,-0.34200677275657654,12.84762954711914
14023360949,0,127.20848083496094,115.92372131347656,126.37032318115234,95.7267837524414,126.08899688720703,88.22991180419922,125.95112609863281,84.38424682617188,-0.021296732127666473,3.388385534286499,-0.08117330819368362,6.613171100616455,-0.13915406167507172,9.85267448425293,-0.195522278547287,13.03642463684082
14048360949,0,127.283203125,115.50305938720703,126.64530944824219,95.47946166992188,126.44108581542969,88.06432342529297,126.34185028076172,84.26433563232422,-0.01947273500263691,3.425018072128296,-0.0681871622800827,6.687044620513916,-0.11468600481748581,9.958356857299805,-0.15978291630744934,13.167795181274414
14073360949,0,127.39420318603516,115.481201171875,126.87613677978516,95.45281219482422,126.74917602539062,88.04412841796875,126.70503234863281,84.23495483398438,-0.01646554470062256,3.42694091796875,-0.05663294717669487,6.69509744644165,-0.09213629364967346,9.971395492553711,-0.12508556246757507,13.200376510620117
14098360950,0,127.68563079833984,115.57243347167969,127.2296371459961,95.4755859375,127.1660385131836,88.05343627929688,127.16523742675781,84.22728729248047,-0.008526656776666641,3.4189279079437256,-0.038781940937042236,6.6882147789001465,-0.06139438599348068,9.96538257598877,-0.08068326860666275,13.208905220031738
14123360950,0,127.84342193603516,115.65022277832031,127.4544677734375,95.50533294677734,127.38768768310547,88.07083129882812,127.35497283935547,84.23594665527344,-0.0042393091134727,3.4121222496032715,-0.02742866426706314,6.679244518280029,-0.04502827301621437,9.95416259765625,-0.0623004324734211,13.199274063110352
14148360950,0,128.119873046875,115.43157958984375,127.76575469970703,95.44563293457031,127.69395446777344,88.06412506103516,127.61825561523438,84.2341079711914,0.0032618693076074123,3.4313132762908936,-0.011807543225586414,6.697269916534424,-0.022515395656228065,9.958484649658203,-0.0368766114115715,13.201318740844727
14173360951,0,128.47706604003906,115.76529693603516,127.99225616455078,95.54806518554688,127.91203308105469,88.10126495361328,127.82966613769531,84.27241516113281,0.01288247387856245,3.4020988941192627,-0.00038864361704327166,6.666397571563721,-0.006456691771745682,9.934592247009277,-0.01640293560922146,13.158863067626953
14198360951,0,129.29196166992188,116.69927978515625,128.26254272460938,96.05853271484375,128.10629272460938,88.49270629882812,128.00808715820312,84.61302185058594,0.03415857255458832,3.3226547241210938,0.012896785512566566,6.516464710235596,0.0076166195794939995,9.689308166503906,0.0007577525684610009,12.79271411895752
14223360951,0,128.9896240234375,116.18673706054688,128.2075653076172,95.787841796875,128.0845489501953,88.310546875,127.98204040527344,84.47484588623047,0.02646847814321518,3.3658359050750732,0.010312176309525967,6.595169544219971,0.006126187741756439,9.801987648010254,-0.0017014216864481568,12.938841819763184
14248360952,0,128.27560424804688,115.80681610107422,127.64063262939453,95.53317260742188,127.50585174560547,88.09721374511719,127.38058471679688,84.29063415527344,0.007435237988829613,3.3984954357147217,-0.018047157675027847,6.670869827270508,-0.036279160529375076,9.937192916870117,-0.059560492634773254,13.138764381408691
14273360952,0,128.11001586914062,115.84363555908203,127.61087036132812,95.50714874267578,127.46363067626953,88.03773498535156,127.29299926757812,84.23175048828125,0.002965510357171297,3.395305633544922,-0.019563430920243263,6.67869758605957,-0.03952496871352196,9.975529670715332,-0.06830962002277374,13.203939437866211
14298360953,0,128.20364379882812,116.00581359863281,127.6142349243164,95.60790252685547,127.47464752197266,88.11109161376953,127.31411743164062,84.28460693359375,0.005469048861414194,3.3813183307647705,-0.019311504438519478,6.648486614227295,-0.03853687271475792,9.928288459777832,-0.0659840852022171,13.145407676696777
14323360953,0,128.29071044921875,116.48751831054688,127.54438018798828,95.7934341430664,127.37969207763672,88.197998046875,127.21497344970703,84.34153747558594,0.0077227698639035225,3.340374708175659,-0.02263060212135315,6.593525409698486,-0.04525813087821007,9.87287425994873,-0.07517366856336594,13.08292293548584
14348360953,0,128.29640197753906,116.13038635253906,127.49832153320312,95.66845703125,127.29593658447266,88.13490295410156,127.10374450683594,84.2911605834961,0.007937688380479813,3.3706443309783936,-0.025049908086657524,6.630453586578369,-0.05156987905502319,9.913046836853027,-0.08617664128541946,13.138184547424316
14373360954,0,128.86175537109375,116.88286590576172,127.49723052978516,96.08758544921875,127.19075012207031,88.43155670166016,126.96672821044922,84.51730346679688,0.022691024467349052,3.3074281215667725,-0.024667564779520035,6.508122444152832,-0.058204229921102524,9.726855278015137,-0.09755609929561615,12.893597602844238
14398360954,0,128.71749877929688,116.17594909667969,127.63217163085938,95.82566833496094,127.41297149658203,88.27516174316406,127.2396240234375,84.36886596679688,0.01919490285217762,3.366755485534668,-0.018245290964841843,6.58406400680542,-0.04262697696685791,9.824169158935547,-0.07265226542949677,13.053133010864258
14423360954,0,128.30526733398438,115.60493469238281,127.52369689941406,95.57617950439453,127.36402893066406,88.12046813964844,127.21366882324219,84.24557495117188,0.008273615501821041,3.416081666946411,-0.023875946179032326,6.657970905303955,-0.046624086797237396,9.922281265258789,-0.07588867098093033,13.188581466674805
14448360955,0,128.31947326660156,115.56544494628906,127.68263244628906,95.57514953613281,127.57212829589844,88.12792205810547,127.43751525878906,84.25494384765625,0.008666484616696835,3.4195406436920166,-0.015909578651189804,6.658278942108154,-0.031353481113910675,9.917510032653809,-0.0542437918484211,13.178193092346191
14473360955,0,128.2830352783203,116.0914306640625,127.5433349609375,95.78523254394531,127.43186950683594,88.23717498779297,127.30278015136719,84.34087371826172,0.007586422376334667,3.3739757537841797,-0.022690339013934135,6.5959367752075195,-0.04135121405124664,9.848088264465332,-0.06676893681287766,13.083647727966309
14498360956,0,128.15765380859375,115.7977523803711,127.50845336914062,95.65526580810547,127.4532470703125,88.1538314819336,127.3735580444336,84.27552032470703,0.004254056606441736,3.3992815017700195,-0.0245576910674572,6.634374141693115,-0.04000057652592659,9.900961875915527,-0.06031031161546707,13.155433654785156
14523360956,0,127.6641845703125,116.15564727783203,126.95559692382812,95.80766296386719,126.86595916748047,88.21891021728516,126.76516723632812,84.30098724365234,-0.008988040499389172,3.3684871196746826,-0.05184441804885864,6.589345455169678,-0.08263378590345383,9.859628677368164,-0.11863663792610168,13.12736988067627
14548360956,0,127.21446228027344,115.58139038085938,126.38768768310547,95.58979034423828,126.19091033935547,88.09883117675781,125.99127197265625,84.21568298339844,-0.021301815286278725,3.4181432723999023,-0.08077477663755417,6.653899192810059,-0.13280560076236725,9.93615436553955,-0.19433633983135223,13.221833229064941
14573360957,0,126.52470397949219,115.648193359375,125.46294403076172,95.6142807006836,125.12992095947266,88.11949920654297,124.79549407958984,84.24269104003906,-0.039945103228092194,3.412299633026123,-0.12697140872478485,6.646583080291748,-0.21042285859584808,9.922901153564453,-0.30933910608291626,13.191781997680664
14598360957,0,126.30911254882812,116.05905151367188,125.0964584350586,95.72937774658203,124.6579360961914,88.16983032226562,124.26922607421875,84.300537109375,-0.045355524867773056,3.376749277114868,-0.1446080058813095,6.6124043464660645,-0.24426425993442535,9.890769958496094,-0.35844746232032776,13.127864837646484
14623360957,0,125.91732788085938,117.15266418457031,124.60446166992188,96.2193374633789,124.1640625,88.47233581542969,123.84930419921875,84.55677032470703,-0.054511506110429764,3.2852752208709717,-0.16569027304649353,6.470542907714844,-0.27521175146102905,9.70178508758545,-0.39065515995025635,12.851814270019531
14648360958,0,125.54560089111328,118.45646667480469,124.29261016845703,96.94662475585938,123.90931701660156,88.92384338378906,123.69721984863281,84.87137603759766,-0.06243809312582016,3.18184757232666,-0.17563340067863464,6.270240783691406,-0.28565874695777893,9.432282447814941,-0.3950707018375397,12.527910232543945
14673360958,0,125.02295684814453,118.54056549072266,123.6780776977539,96.9898452758789,123.03071594238281,88.95491027832031,122.58136749267578,84.90135192871094,-0.07559692859649658,3.175375461578369,-0.20439206063747406,6.25870418548584,-0.3463769555091858,9.414266586303711,-0.49636954069137573,12.497873306274414
14698360959,0,124.96398162841797,118.75048065185547,123.409423828125,97.12359619140625,122.6156234741211,89.0745849609375,122.03950500488281,85.04138946533203,-0.0767483338713646,3.1593215465545654,-0.21594145894050598,6.223255157470703,-0.37267985939979553,9.345479011535645,-0.5401434302330017,12.359376907348633
14723360959,0,125.40229034423828,117.20448303222656,123.96089935302734,96.16993713378906,123.18868255615234,88.44124603271484,122.57415771484375,84.55786895751953,-0.06791406869888306,3.281050682067871,-0.1974966824054718,6.484585285186768,-0.34584373235702515,9.720887184143066,-0.5106247663497925,12.850655555725098
14748360959,0,125.6683578491211,116.39726257324219,124.43762969970703,95.8318862915039,123.81182098388672,88.24317932128906,123.29920196533203,84.39990997314453,-0.062066368758678436,3.3479785919189453,-0.17665717005729675,6.582241535186768,-0.30472272634506226,9.844300270080566,-0.44802647829055786,13.019452095031738
14773360960,0,125.68331909179688,116.1920394897461,124.46609497070312,95.810791015625,123.89618682861328,88.2522964477539,123.43978881835938,84.41441345214844,-0.06195449456572533,3.3653838634490967,-0.17540085315704346,6.588427543640137,-0.29841697216033936,9.838553428649902,-0.4341195821762085,13.00377368927002
14798360960,0,125.84809112548828,116.23796081542969,124.98503875732422,95.80703735351562,124.53927612304688,88.24198150634766,124.19072723388672,84.39997100830078,-0.057488296180963516,3.3614752292633057,-0.14966735243797302,6.589529991149902,-0.25181326270103455,9.84505558013916,-0.36305469274520874,13.019386291503906
14823360960,0,126.15492248535156,116.35923767089844,125.51858520507812,95.78680419921875,125.17594146728516,88.19625091552734,124.92189025878906,84.35211181640625,-0.04915652424097061,3.351191282272339,-0.12328604608774185,6.595475196838379,-0.20606766641139984,9.873982429504395,-0.2945055663585663,13.071380615234375
14848360961,0,126.32466888427734,116.38583374023438,125.97720336914062,95.72676086425781,125.71762084960938,88.1331558227539,125.52760314941406,84.2767562866211,-0.04460739716887474,3.3489434719085693,-0.10075449198484421,6.61317777633667,-0.16719338297843933,9.914162635803223,-0.23800450563430786,13.154067993164062
14873360961,0,126.96031951904297,115.45338439941406,126.85025024414062,95.43961334228516,126.78069305419922,88.01504516601562,126.74445343017578,84.18466186523438,-0.028276583179831505,3.4293906688690186,-0.05797002464532852,6.699092388153076,-0.08997783064842224,9.990229606628418,-0.12177831679582596,13.256513595581055
14898360962,0,127.03041076660156,115.39019775390625,126.89768981933594,95.40363311767578,126.83675384521484,87.98870849609375,126.7826919555664,84.1639175415039,-0.026408685371279716,3.434967279434204,-0.0556635856628418,6.7100067138671875,-0.08598226308822632,10.007344245910645,-0.11827083677053452,13.279803276062012
14923360962,0,126.87244415283203,115.6575927734375,126.64614868164062,95.49091339111328,126.57798767089844,88.01300048828125,126.52619934082031,84.18604278564453,-0.030523117631673813,3.4114787578582764,-0.06811170279979706,6.683589935302734,-0.1049497202038765,9.991556167602539,-0.14293108880519867,13.254966735839844
14948360962,0,127.5398941040039,115.19221496582031,127.47416687011719,95.32086181640625,127.45500183105469,87.95647430419922,127.42268371582031,84.14530944824219,-0.012589339166879654,3.4525458812713623,-0.026647347956895828,6.735241889953613,-0.04036535322666168,10.028368949890137,-0.056176651269197464,13.300762176513672
14973360963,0,127.77777099609375,115.17747497558594,127.77591705322266,95.33480072021484,127.77347564697266,87.98179626464844,127.72927856445312,84.1640396118164,-0.006082668900489807,3.4538612365722656,-0.011348940432071686,6.7309794425964355,-0.016750968992710114,10.011845588684082,-0.026302406564354897,13.279666900634766
14998360963,0,128.0492706298828,115.55809783935547,128.0858917236328,95.39751434326172,128.10107421875,87.99362182617188,128.0615692138672,84.1751937866211,0.0013368105283007026,3.420184850692749,0.004338426049798727,6.7118659019470215,0.00746868597343564,10.004146575927734,0.005976382177323103,13.267133712768555
15023360963,0,128.1358184814453,115.22444152832031,128.1580810546875,95.31427764892578,128.1832275390625,87.96208953857422,128.15187072753906,84.14192199707031,0.0037134715821594,3.4496734142303467,0.008013246580958366,6.73725700378418,0.01356599386781454,10.024700164794922,0.014782138168811798,13.304584503173828
15048360964,0,128.13658142089844,114.69892120361328,128.10617065429688,95.21891021728516,128.0868377685547,87.93830871582031,128.01708984375,84.10293579101562,0.003780292347073555,3.497053861618042,0.005403974559158087,6.766571521759033,0.006438979879021645,10.040254592895508,0.0016687760362401605,13.34873104095459
15073360964,0,128.18414306640625,115.08008575439453,128.1359405517578,95.32548522949219,128.1096649169922,87.96895599365234,128.02288818359375,84.14904022216797,0.005051605869084597,3.462573289871216,0.006887616589665413,6.733827590942383,0.008115996606647968,10.020217895507812,0.0022264861036092043,13.296554565429688
15098360965,0,128.2486572265625,115.36491394042969,128.11727905273438,95.45642852783203,128.06561279296875,88.033447265625,127.96849060058594,84.19538879394531,0.00677662156522274,3.4372031688690186,0.005908935330808163,6.694004058837891,0.004836289212107658,9.978304862976074,-0.0030534800607711077,13.244501113891602
15123360965,0,128.18115234375,115.40926361083984,128.11509704589844,95.47955322265625,128.08985900878906,88.04314422607422,128.00645446777344,84.20806121826172,0.004931876435875893,3.4332830905914307,0.005793286487460136,6.68701696395874,0.006619463209062815,9.972031593322754,0.0006248336285352707,13.230338096618652
15148360965,0,128.17872619628906,115.79669189453125,128.11587524414062,95.6011734008789,128.09896850585938,88.09739685058594,128.0203857421875,84.24794006347656,0.004822780843824148,3.3993735313415527,0.0058024004101753235,6.650496482849121,0.007265943568199873,9.9370756149292,0.0019670440815389156,13.185957908630371
15173360966,0,128.1031951904297,115.7762451171875,128.10830688476562,95.55680084228516,128.10848999023438,88.06513977050781,128.03465270996094,84.22803497314453,0.002785939024761319,3.4011480808258057,0.005433633923530579,6.663776874542236,0.007980972528457642,9.957830429077148,0.003349123289808631,13.208072662353516
15198360966,0,128.1187286376953,115.51663970947266,128.1160430908203,95.47895812988281,128.10806274414062,88.03012084960938,128.03506469726562,84.19618225097656,0.0032244138419628143,3.4238245487213135,0.005841052159667015,6.687196254730225,0.007966908626258373,9.98045825958252,0.0033977923449128866,13.243614196777344
15223360966,0,127.96966552734375,115.26303100585938,128.03375244140625,95.34794616699219,128.0358428955078,87.94964599609375,127.96920776367188,84.13967895507812,-0.0008286481024697423,3.446239709854126,0.001708469120785594,6.726964473724365,0.002655844669789076,10.032833099365234,-0.002997675910592079,13.307116508483887
15248360967,0,127.84039306640625,115.22946166992188,127.8219223022461,95.34902954101562,127.81861114501953,87.92684936523438,127.76041412353516,84.12617492675781,-0.004363375250250101,3.4492266178131104,-0.009013456292450428,6.7266340255737305,-0.013459575362503529,10.047765731811523,-0.02335006184875965,13.322381973266602
15273360967,0,127.77057647705078,115.10305786132812,127.71064758300781,95.28802490234375,127.70465850830078,87.89704895019531,127.66547393798828,84.10700225830078,-0.006290432531386614,3.460514783859253,-0.014684023335576057,6.745302677154541,-0.021956274285912514,10.067352294921875,-0.032654572278261185,13.344112396240234
15298360968,0,127.7318344116211,115.25454711914062,127.6480712890625,95.28155517578125,127.61336517333984,87.88606262207031,127.55265045166016,84.10122680664062,-0.007326927501708269,3.4469940662384033,-0.01786460168659687,6.747288227081299,-0.028763076290488243,10.074589729309082,-0.043688613921403885,13.350671768188477
15323360968,0,127.72327423095703,115.22042846679688,127.60140228271484,95.27452087402344,127.55453491210938,87.87693786621094,127.4998550415039,84.0890884399414,-0.007566780783236027,3.45003080368042,-0.020239729434251785,6.749448776245117,-0.03315870463848114,10.080610275268555,-0.04889370873570442,13.36447811126709
15348360968,0,127.69314575195312,115.27465057373047,127.40045166015625,95.30123901367188,127.32948303222656,87.89928436279297,127.28671264648438,84.09960174560547,-0.008380100131034851,3.445206880569458,-0.030408557504415512,6.741250514984131,-0.049840547144412994,10.065878868103027,-0.06966972351074219,13.352518081665039
15373360969,0,127.49057006835938,115.80500793457031,126.92778015136719,95.49472045898438,126.82052612304688,87.98567199707031,126.79183959960938,84.17045593261719,-0.01374394167214632,3.3986520767211914,-0.05393419414758682,6.682441711425781,-0.08719831705093384,10.009322166442871,-0.1173190027475357,13.272453308105469
15398360969,0,127.51520538330078,116.6009521484375,126.68548583984375,95.7906494140625,126.5259017944336,88.13218688964844,126.46229553222656,84.28208923339844,-0.012845893390476704,3.330861806869507,-0.06529946625232697,6.594344615936279,-0.10799006372690201,9.914782524108887,-0.14796236157417297,13.14818286895752
15423360969,0,127.37210083007812,116.52580261230469,126.69654083251953,95.81546783447266,126.56636810302734,88.16925811767578,126.49707794189453,84.3102035522461,-0.016665901988744736,3.3371589183807373,-0.06468281894922256,6.587055206298828,-0.10478478670120239,9.891134262084961,-0.14428521692752838,13.117241859436035
15448360970,0,127.159912109375,116.91802978515625,126.70414733886719,96.00611877441406,126.6239242553711,88.2815170288086,126.56426239013672,84.38420867919922,-0.022103173658251762,3.304525375366211,-0.06379465758800507,6.5315656661987305,-0.0998845025897026,9.820178031921387,-0.13701163232326508,13.036465644836426
15473360970,0,127.42395782470703,115.94437408447266,127.05386352539062,95.54006958007812,126.91776275634766,88.00553894042969,126.7880630493164,84.18083190917969,-0.015491792932152748,3.3866052627563477,-0.04750033840537071,6.668797969818115,-0.07991030812263489,9.996400833129883,-0.11758548021316528,13.260807037353516
15498360970,0,127.6201171875,115.90494537353516,127.35317993164062,95.51036071777344,127.24089813232422,87.98680877685547,127.11641693115234,84.16631317138672,-0.010225553996860981,3.390005588531494,-0.03251432999968529,6.677730083465576,-0.056116290390491486,10.00858211517334,-0.08582998812198639,13.27711009979248
15523360971,0,127.61671447753906,116.3460922241211,127.3608169555664,95.60731506347656,127.28496551513672,88.01531219482422,127.20330047607422,84.20243072509766,-0.010214513167738914,3.3523032665252686,-0.03199847415089607,6.648662090301514,-0.05276454612612724,9.990056037902832,-0.07716117799282074,13.236627578735352
15548360971,0,127.65422821044922,116.49552917480469,127.37644958496094,95.64395141601562,127.32109069824219,88.022705078125,127.27464294433594,84.204833984375,-0.00918382965028286,3.3397014141082764,-0.031167510896921158,6.637740135192871,-0.050075650215148926,9.985262870788574,-0.07023775577545166,13.233942031860352
15573360972,0,127.76884460449219,116.58612060546875,127.56219482421875,95.67725372314453,127.53386688232422,88.03358459472656,127.50467681884766,84.2200927734375,-0.006127100437879562,3.3321030139923096,-0.02185245417058468,6.627841949462891,-0.03435816615819931,9.978216171264648,-0.04790323227643967,13.216917991638184
15598360972,0,127.86454772949219,116.43242645263672,127.71908569335938,95.64096069335938,127.66606140136719,88.02528381347656,127.58875274658203,84.20221710205078,-0.0036027729511260986,3.3450124263763428,-0.014042982831597328,6.638630390167236,-0.024627001956105232,9.98359203338623,-0.039830420166254044,13.236865997314453
15623360972,0,127.89354705810547,116.28632354736328,127.78346252441406,95.63887023925781,127.72868347167969,88.03636169433594,127.63969421386719,84.18902587890625,-0.002840787172317505,3.357367515563965,-0.010825724340975285,6.639252662658691,-0.019994983449578285,9.976418495178223,-0.03493436425924301,13.25162410736084
15648360973,0,127.89828491210938,116.52748107910156,127.85598754882812,95.69886779785156,127.8261489868164,88.06111145019531,127.7448501586914,84.21891784667969,-0.0026996524538844824,3.337017774581909,-0.007181630935519934,6.621432304382324,-0.012792407535016537,9.960429191589355,-0.02467818185687065,13.218226432800293
15673360973,0,128.00259399414062,116.07891082763672,127.90530395507812,95.6285171508789,127.87612915039062,88.04838562011719,127.80253601074219,84.19563293457031,6.954866694286466e-05,3.3750476837158203,-0.004736374132335186,6.642337322235107,-0.009121965616941452,9.968644142150879,-0.0191352516412735,13.24422836303711
15698360973,0,128.18017578125,116.57429504394531,128.1503448486328,95.75274658203125,128.12982177734375,88.102294921875,128.05043029785156,84.26296997070312,0.004777080379426479,3.3330929279327393,0.0074804094620049,6.605505466461182,0.009528189897537231,9.933930397033691,0.004860114771872759,13.169306755065918
15723360974,0,128.2641143798828,116.79914093017578,128.18466186523438,95.83135986328125,128.15997314453125,88.14631652832031,128.07012939453125,84.29890441894531,0.006967436522245407,3.314356803894043,0.009157544933259487,6.582396030426025,0.011709120124578476,9.905755996704102,0.006738826632499695,13.129659652709961
15748360974,0,129.40939331054688,118.40384674072266,128.6310272216797,96.37970733642578,128.546630859375,88.42656707763672,128.46157836914062,84.47309875488281,0.03589458018541336,3.1859095096588135,0.030589347705245018,6.425347805023193,0.03932764753699303,9.729931831359863,0.04373425245285034,12.940710067749023
15773360975,0,129.3558349609375,117.96492767333984,128.5749969482422,96.23226928710938,128.5403289794922,88.36243438720703,128.5146942138672,84.40460205078125,0.0348602831363678,3.22015118598938,0.02804284729063511,6.466876029968262,0.03902662545442581,9.769636154174805,0.049036234617233276,13.014376640319824
15798360975,0,129.03341674804688,117.52925872802734,128.43150329589844,96.07412719726562,128.41246032714844,88.28382110595703,128.39637756347656,84.33606719970703,0.026824742555618286,3.2547924518585205,0.021182840690016747,6.511984348297119,0.029934806749224663,9.818731307983398,0.037973709404468536,13.088902473449707
15823360975,0,129.05145263671875,117.60038757324219,128.5368194580078,96.10517120361328,128.52334594726562,88.30642700195312,128.49644470214844,84.35514831542969,0.02725033462047577,3.249091625213623,0.026318958029150963,6.503082752227783,0.03792981430888176,9.8045654296875,0.04748687520623207,13.068070411682129
15848360976,0,128.85711669921875,117.67707824707031,128.32952880859375,96.13287353515625,128.31207275390625,88.31814575195312,128.28562927246094,84.36088562011719,0.022176465019583702,3.24296498298645,0.01613745279610157,6.495158672332764,0.022601418197155,9.797237396240234,0.02730887196958065,13.06181812286377
15873360976,0,128.5208282470703,117.5491943359375,128.1785888671875,96.0457534790039,128.17059326171875,88.27398681640625,128.14599609375,84.34130859375,0.013513395562767982,3.253192901611328,0.008777415379881859,6.520140647888184,0.012388495728373528,9.824907302856445,0.01398075558245182,13.083172798156738
15898360976,0,128.83456420898438,118.04974365234375,128.20477294921875,96.23280334472656,128.16940307617188,88.3770980834961,128.14306640625,84.42400360107422,0.02141820825636387,3.2134833335876465,0.009986643679440022,6.466724872589111,0.012224609032273293,9.760530471801758,0.013609016314148903,12.993428230285645
15923360977,0,128.83566284179688,118.24348449707031,128.175537109375,96.22392272949219,128.12481689453125,88.35184478759766,128.07980346679688,84.40872192382812,0.021356554701924324,3.1983444690704346,0.008563969284296036,6.469242095947266,0.009021053090691566,9.77622127532959,0.007600555662065744,13.00992202758789
15948360977,0,128.7812957763672,118.44712829589844,128.1309814453125,96.34197235107422,128.08795166015625,88.41500091552734,128.06236267089844,84.46359252929688,0.01987958326935768,3.182568073272705,0.006359232123941183,6.435928821563721,0.0063321879133582115,9.737069129943848,0.0059133293107151985,12.950884819030762
15973360978,0,128.6818084716797,118.1385726928711,128.08460998535156,96.15774536132812,128.0717315673828,88.26862335205078,128.078369140625,84.365234375,0.017464209347963333,3.206526756286621,0.00413919473066926,6.4880595207214355,0.005210868548601866,9.828277587890625,0.007490199524909258,13.057084083557129
15998360978,0,127.90790557861328,117.5174789428711,127.50871276855469,95.83389282226562,127.44335174560547,88.06903839111328,127.39022827148438,84.25425720214844,-0.0023911441676318645,3.2557382583618164,-0.02436077781021595,6.581654071807861,-0.04093940928578377,9.955317497253418,-0.05880725756287575,13.178954124450684
16023360978,0,127.6077880859375,117.90390014648438,127.23562622070312,95.88983917236328,127.11285400390625,88.073974609375,127.02799987792969,84.28128814697266,-0.010097685270011425,3.224963903427124,-0.037813179194927216,6.565303802490234,-0.06522625684738159,9.95213794708252,-0.09353476017713547,13.149066925048828
16048360979,0,127.6302490234375,117.39175415039062,127.26551818847656,95.7620849609375,127.12677764892578,88.0345687866211,127.0251235961914,84.25862121582031,-0.009626823477447033,3.2658638954162598,-0.0365297868847847,6.602752208709717,-0.06436032056808472,9.977579116821289,-0.09398500621318817,13.174120903015137
16073360979,0,127.60049438476562,117.12733459472656,127.24506378173828,95.7187271118164,127.10291290283203,88.02582550048828,126.99798583984375,84.2475814819336,-0.010462461039423943,3.287343740463257,-0.03761573135852814,6.615553379058838,-0.0661553293466568,9.983241081237793,-0.09668835252523422,13.186355590820312
16098360979,0,127.45503234863281,116.89952087402344,127.11668395996094,95.67945098876953,126.94369506835938,88.00750732421875,126.79820251464844,84.22338104248047,-0.014344309456646442,3.3060524463653564,-0.044085435569286346,6.627189636230469,-0.07798593491315842,9.995122909545898,-0.11619583517313004,13.21325397491455
16123360980,0,127.38682556152344,116.75965118408203,126.97769165039062,95.63495635986328,126.78240966796875,87.99295806884766,126.62033081054688,84.20490264892578,-0.016190044581890106,3.317633867263794,-0.051118459552526474,6.640419006347656,-0.08997524529695511,10.004579544067383,-0.1335953325033188,13.233865737915039
16148360980,0,127.29846954345703,116.82117462158203,126.96713256835938,95.65351867675781,126.79452514648438,88.02240753173828,126.65690612792969,84.23469543457031,-0.018497537821531296,3.312530755996704,-0.051605913788080215,6.634893894195557,-0.08891622722148895,9.985455513000488,-0.1297370046377182,13.200665473937988
16173360981,0,127.30091857910156,116.51750946044922,126.78334045410156,95.5843276977539,126.60872650146484,87.99419403076172,126.4697265625,84.21095275878906,-0.018558699637651443,3.3378548622131348,-0.06096719205379486,6.655532360076904,-0.10280181467533112,10.003774642944336,-0.14810512959957123,13.227109909057617
16198360981,0,127.30010223388672,116.66740417480469,126.80264282226562,95.61642456054688,126.64527893066406,87.99794006347656,126.5167007446289,84.20558166503906,-0.01851801946759224,3.3253114223480225,-0.059918396174907684,6.6459431648254395,-0.10007750242948532,10.001338958740234,-0.1436219960451126,13.23310661315918
16223360981,0,127.66622924804688,116.38964080810547,127.4260482788086,95.46940612792969,127.36980438232422,87.93550109863281,127.3045654296875,84.17515563964844,-0.008886224590241909,3.3486220836639404,-0.028901733458042145,6.6900811195373535,-0.046736940741539,10.042094230651855,-0.06750444322824478,13.267175674438477
16248360982,0,127.71908569335938,116.2284164428711,127.55461883544922,95.4806137084961,127.54120635986328,87.96437072753906,127.51302337646484,84.20463562011719,-0.00750625180080533,3.3622870445251465,-0.022416770458221436,6.686696529388428,-0.033963799476623535,10.023211479187012,-0.04715567082166672,13.234163284301758
16273360982,0,127.71764373779297,115.82405853271484,127.52105712890625,95.45004272460938,127.52510833740234,87.9735107421875,127.54301452636719,84.18858337402344,-0.007614396512508392,3.397001028060913,-0.024137411266565323,6.695935249328613,-0.03513539209961891,10.01724624633789,-0.04430980235338211,13.252120018005371
16298360982,0,127.6560287475586,115.77661895751953,127.49895477294922,95.49085235595703,127.50409698486328,87.9932632446289,127.52202606201172,84.1847152709961,-0.00928604044020176,3.4011154174804688,-0.02520744316279888,6.683608531951904,-0.036644622683525085,10.004380226135254,-0.046359580010175705,13.256454467773438
16323360983,0,127.71391296386719,115.60188293457031,127.6266098022461,95.4498519897461,127.60980224609375,87.97403717041016,127.5821304321289,84.1596450805664,-0.007754317484796047,3.416348695755005,-0.018817998468875885,6.695992946624756,-0.028868267312645912,10.016902923583984,-0.040613505989313126,13.2846097946167
16348360983,0,127.88105010986328,115.8592529296875,127.81864929199219,95.50346374511719,127.79977416992188,87.99555206298828,127.75794982910156,84.1917495727539,-0.0032051876187324524,3.393954038619995,-0.009118806570768356,6.679807186126709,-0.014793519861996174,10.00289249420166,-0.023463349789381027,13.248574256896973
16373360984,0,127.88328552246094,115.93192291259766,127.88550567626953,95.54685974121094,127.86319732666016,88.0264663696289,127.7978286743164,84.22016143798828,-0.0031397505663335323,3.3876781463623047,-0.005746475886553526,6.666759014129639,-0.010088055394589901,9.98282527923584,-0.019552092999219894,13.216840744018555
16398360984,0,127.88082122802734,116.26361846923828,127.9202880859375,95.61201477050781,127.9054183959961,88.03289794921875,127.83912658691406,84.23332977294922,-0.003182017942890525,3.3592946529388428,-0.003989705350250006,6.64725923538208,-0.006971806287765503,9.978660583496094,-0.015541402623057365,13.202183723449707
16423360984,0,127.89167022705078,116.18174743652344,127.99267578125,95.5875244140625,128.00596618652344,88.01808166503906,127.95845794677734,84.21046447753906,-0.0028977144975215197,3.3662610054016113,-0.0003669691504910588,6.654576301574707,0.00044018676271662116,9.988260269165039,-0.004020744003355503,13.227655410766602
16448360985,0,127.94552612304688,115.97160339355469,128.05215454101562,95.56353759765625,128.1009063720703,88.02413177490234,128.0814208984375,84.1956787109375,-0.0014640861190855503,3.3842601776123047,0.0026157863903790712,6.661757946014404,0.007442086469382048,9.98433780670166,0.007890064269304276,13.244176864624023
16473360985,0,127.90633392333984,115.87944793701172,127.92948913574219,95.54082489013672,127.96917724609375,88.02687072753906,127.95690155029297,84.1926040649414,-0.0025227360893040895,3.3922080993652344,-0.0035398511681705713,6.6685709953308105,-0.002272863406687975,9.982563018798828,-0.00417749397456646,13.247618675231934
16498360985,0,128.06814575195312,115.76068878173828,128.06687927246094,95.46568298339844,128.07022094726562,87.98023223876953,128.01852416992188,84.13418579101562,0.0018403705907985568,3.4024994373321533,0.0033682859502732754,6.6912055015563965,0.005193190649151802,10.01286506652832,0.001804175553843379,13.313323020935059
16523360986,0,128.1715850830078,115.49024963378906,128.18922424316406,95.40924072265625,128.17437744140625,87.9693374633789,128.10060119628906,84.11312866210938,0.004662708379328251,3.42614483833313,0.009553005918860435,6.708303451538086,0.012904881499707699,10.01996898651123,0.009815162047743797,13.33716106414795
16548360986,0,128.24246215820312,115.38568115234375,128.2727813720703,95.3847885131836,128.24935913085938,87.96903991699219,128.15615844726562,84.11027526855469,0.006604624912142754,3.43536639213562,0.01378579717129469,6.715736389160156,0.018454279750585556,10.020162582397461,0.015239197760820389,13.340397834777832
16573360987,0,128.17391967773438,115.4496078491211,128.1478729248047,95.38127136230469,128.1155242919922,87.964599609375,128.0218963623047,84.1029052734375,0.00473057059571147,3.4297237396240234,0.007474311161786318,6.716806888580322,0.008551965467631817,10.02306079864502,0.0021381245460361242,13.34876537322998
16598360987,0,128.14891052246094,115.80271911621094,128.11265563964844,95.46528625488281,128.08340454101562,87.98738861083984,128.0043487548828,84.12838745117188,0.004017676692456007,3.398850679397583,0.005673848558217287,6.691326141357422,0.006165422033518553,10.008203506469727,0.0004237527318764478,13.319878578186035
16623360987,0,128.1106414794922,116.33712768554688,128.07444763183594,95.59657287597656,128.03134155273438,88.02994537353516,127.93777465820312,84.17767333984375,0.00294917868450284,3.353062152862549,0.003728658426553011,6.651871204376221,0.0023106762673705816,9.980571746826172,-0.006038840860128403,13.264349937438965
16648360988,0,128.0428466796875,116.55931091308594,128.0281982421875,95.66166687011719,127.98052215576172,88.05904388427734,127.89093780517578,84.20374298095703,0.001136395032517612,3.334348201751709,0.001408404321409762,6.632471084594727,-0.001433414639905095,9.961762428283691,-0.010561651550233364,13.235160827636719
16673360988,0,128.00889587402344,116.82365417480469,128.0120086669922,95.78054809570312,127.9625473022461,88.10377502441406,127.88562774658203,84.22510528564453,0.00023454816255252808,3.3123254776000977,0.0005967927863821387,6.597314834594727,-0.0027485652826726437,9.93298053741455,-0.011056526564061642,13.211335182189941
16698360988,0,127.96415710449219,116.7349853515625,127.99087524414062,95.73941802978516,127.9493179321289,88.07854461669922,127.87897491455078,84.2030029296875,-0.0009469050564803183,3.31968355178833,-0.0004542572423815727,6.609438896179199,-0.0037252740003168583,9.94919490814209,-0.011720855720341206,13.235987663269043
16723360989,0,127.91921997070312,116.73035430908203,127.98106384277344,95.70852661132812,127.92705535888672,88.06591033935547,127.83069610595703,84.21292877197266,-0.002134284470230341,3.320068836212158,-0.000943925988394767,6.618571758270264,-0.005365852266550064,9.957334518432617,-0.016383163630962372,13.224905967712402
16748360989,0,127.86083221435547,116.48141479492188,127.91358184814453,95.65423583984375,127.85267639160156,88.05860900878906,127.75384521484375,84.20682525634766,-0.0036975222174078226,3.340888023376465,-0.004317643120884895,6.63468074798584,-0.010842140763998032,9.962042808532715,-0.023831764236092567,13.231718063354492
16773360989,0,127.76054382324219,116.146728515625,127.7787857055664,95.50791931152344,127.71038818359375,87.98890686035156,127.62168884277344,84.15308380126953,-0.006410297472029924,3.369248628616333,-0.011121148243546486,6.678465366363525,-0.021406622603535652,10.00721549987793,-0.03678860515356064,13.291998863220215
16798360990,0,127.79398345947266,115.94153594970703,127.81879425048828,95.45259857177734,127.75553894042969,87.95388793945312,127.66185760498047,84.12008666992188,-0.005540864076465368,3.3868496417999268,-0.009131279774010181,6.695162296295166,-0.018108971416950226,10.030059814453125,-0.03297194465994835,13.329275131225586
16823360990,0,127.84062194824219,115.74980926513672,127.86229705810547,95.403076171875,127.80532836914062,87.92654418945312,127.71369934082031,84.10369110107422,-0.004305296111851931,3.40344500541687,-0.006953779142349958,6.71017599105835,-0.0144454725086689,10.047966957092285,-0.027954723685979843,13.347872734069824
16848360991,0,127.83551025390625,115.60641479492188,127.84603118896484,95.37403869628906,127.80340576171875,87.92524719238281,127.72686767578125,84.09791564941406,-0.004457990173250437,3.415952205657959,-0.007784838788211346,6.719008922576904,-0.014589326456189156,10.04881763458252,-0.026681680232286453,13.354434967041016
16873360991,0,127.80732727050781,115.6143798828125,127.78123474121094,95.37171173095703,127.76234436035156,87.92796325683594,127.72379302978516,84.10457611083984,-0.00522084953263402,3.415255069732666,-0.011062121950089931,6.719717502593994,-0.017633501440286636,10.047036170959473,-0.026967190206050873,13.346867561340332
16898360991,0,127.71601104736328,115.905517578125,127.5806884765625,95.46623229980469,127.53520202636719,87.98436737060547,127.49108123779297,84.16350555419922,-0.007644216530025005,3.38995623588562,-0.021117577329277992,6.6910400390625,-0.03436524048447609,10.010170936584473,-0.04944704473018646,13.280266761779785
16923360992,0,127.70730590820312,116.234619140625,127.52748107910156,95.54580688476562,127.50391387939453,88.01487731933594,127.48422241210938,84.19416809082031,-0.007819919846951962,3.3617594242095947,-0.02371680922806263,6.667075157165527,-0.036608681082725525,9.990338325500488,-0.04998744651675224,13.245867729187012
16948360992,0,127.77583312988281,116.0592269897461,127.58702087402344,95.49305725097656,127.57611846923828,87.99089813232422,127.56990814208984,84.17463684082031,-0.0060129170306026936,3.3767342567443848,-0.02077491208910942,6.682943344116211,-0.031327251344919205,10.005919456481934,-0.04174993559718132,13.2677583694458
16973360992,0,127.89888000488281,115.93729400634766,127.76930236816406,95.48126220703125,127.75607299804688,87.9920425415039,127.73110961914062,84.1791000366211,-0.0027199089527130127,3.3872151374816895,-0.011611073277890682,6.686501502990723,-0.01802629977464676,10.00517463684082,-0.026092199608683586,13.262749671936035
16998360993,0,128.07408142089844,115.57353973388672,128.01382446289062,95.376953125,128.01600646972656,87.94904327392578,127.99346923828125,84.13843536376953,0.00200926442630589,3.4188308715820312,0.0006988935056142509,6.71812105178833,0.0011860734084621072,10.03322696685791,-0.0006358457612805068,13.308521270751953
17023360993,0,128.03802490234375,115.72950744628906,127.97750091552734,95.46582794189453,127.99847412109375,87.98838806152344,127.99651336669922,84.16120910644531,0.0010276474058628082,3.4052107334136963,-0.0011331295827403665,6.691162109375,-0.00011278881720500067,10.007553100585938,-0.00033882868592627347,13.28285026550293
17048360994,0,128.03887939453125,115.66727447509766,127.92697143554688,95.45893859863281,127.96981811523438,87.99195098876953,128.02503967285156,84.15237426757812,0.0010522381635382771,3.4106338024139404,-0.003679044311866164,6.693244457244873,-0.00223046587780118,10.005234718322754,0.0024351077154278755,13.292797088623047
17073360994,0,128.08299255371094,115.44154357910156,128.01504516601562,95.43436431884766,128.01141357421875,87.98770904541016,128.0130157470703,84.13372802734375,0.0022577953059226274,3.4304347038269043,0.0007587425643578172,6.700683116912842,0.0008436962380073965,10.00799560546875,0.0012677263002842665,13.31383991241455
17098360994,0,128.1134033203125,115.64045715332031,128.10400390625,95.50142669677734,128.1027069091797,88.00839233398438,128.09056091308594,84.15267181396484,0.003071051789447665,3.412975549697876,0.00523005286231637,6.680420875549316,0.007582328747957945,9.994547843933105,0.008806831203401089,13.292462348937988
17123360995,0,128.22760009765625,115.97756958007812,128.23965454101562,95.59050750732422,128.25804138183594,88.05300903320312,128.23651123046875,84.21669006347656,0.006116343662142754,3.383746862411499,0.012006019242107868,6.653684616088867,0.018996937200427055,9.965658187866211,0.022879621013998985,13.220709800720215
17148360995,0,128.19114685058594,115.98387145996094,128.2061309814453,95.60391998291016,128.24453735351562,88.06478118896484,128.24993896484375,84.21978759765625,0.005135991610586643,3.383204698562622,0.010320715606212616,6.649676322937012,0.01798958145081997,9.958062171936035,0.0241724643856287,13.217257499694824
17173360995,0,128.2396240234375,116.17768859863281,128.2621307373047,95.6592788696289,128.31275939941406,88.08090209960938,128.33021545410156,84.22386169433594,0.0064102946780622005,3.3666069507598877,0.013093841262161732,6.633181095123291,0.022985322400927544,9.947678565979004,0.031925641000270844,13.212719917297363
17198360996,0,128.1466522216797,116.12591552734375,128.25967407226562,95.61725616455078,128.27687072753906,88.06807708740234,128.24996948242188,84.205810546875,0.003927765879780054,3.3710265159606934,0.012994207441806793,6.645695209503174,0.020364031195640564,9.955937385559082,0.02420310117304325,13.232851028442383
17223360996,0,128.07774353027344,116.20513916015625,128.12852478027344,95.69300842285156,128.0742950439453,88.16605377197266,127.98822021484375,84.29395294189453,0.002078462392091751,3.3642680644989014,0.006410874892026186,6.623168468475342,0.005431333556771278,9.893174171447754,-0.0011323911603540182,13.135109901428223
17248360997,0,128.62245178222656,116.4791030883789,128.5572052001953,95.80021667480469,128.487548828125,88.25596618652344,128.3674774169922,84.36109924316406,0.01653866097331047,3.3410823345184326,0.027668455615639687,6.5915327072143555,0.03544507920742035,9.836241722106934,0.0351337268948555,13.061586380004883
17273360997,0,128.91062927246094,116.9706039428711,128.53660583496094,95.95840454101562,128.4368438720703,88.3344497680664,128.3103790283203,84.39685821533203,0.023931145668029785,3.300194501876831,0.026469646021723747,6.545370101928711,0.03160620853304863,9.78705883026123,0.02958907186985016,13.022754669189453
17298360997,0,129.3207550048828,117.70931243896484,128.56459045410156,96.36150360107422,128.42364501953125,88.6515884399414,128.3005828857422,84.66846466064453,0.03414823114871979,3.2403957843780518,0.027389246970415115,6.430448532104492,0.030067481100559235,9.593040466308594,0.02804083377122879,12.734977722167969
17323360998,0,129.02098083496094,117.44681549072266,128.42587280273438,96.1595687866211,128.34066772460938,88.48987579345703,128.24966430664062,84.53978729248047,0.026550015434622765,3.2614223957061768,0.020832499489188194,6.487539768218994,0.024415424093604088,9.6910400390625,0.02352972887456417,12.869762420654297
17348360998,0,128.6764373779297,116.6784439086914,128.38453674316406,95.80098724365234,128.3238525390625,88.25224304199219,128.23178100585938,84.34635925292969,0.017892878502607346,3.3243908882141113,0.019093850627541542,6.591306209564209,0.02354966104030609,9.838586807250977,0.022186540067195892,13.077657699584961
17373360998,0,128.4519500732422,116.58526611328125,128.2853546142578,95.69737243652344,128.24526977539062,88.15814971923828,128.1845245361328,84.26507568359375,0.011979804374277592,3.332174301147461,0.014230997301638126,6.621874809265137,0.01793919876217842,9.898208618164062,0.017780112102627754,13.166976928710938
17398360999,0,128.34400939941406,116.47501373291016,128.24114990234375,95.63672637939453,128.2263946533203,88.11604309082031,128.2016143798828,84.20855712890625,0.009141234681010246,3.341426372528076,0.012057308107614517,6.639891147613525,0.0166019219905138,9.925114631652832,0.01951676234602928,13.22978401184082
17423360999,0,128.35440063476562,116.34284973144531,128.21534729003906,95.61062622070312,128.19151306152344,88.12084197998047,128.16880798339844,84.21276092529297,0.009445425122976303,3.3525776863098145,0.010779101401567459,6.647674083709717,0.014039812609553337,9.922041893005371,0.016335399821400642,13.225092887878418
17448361000,0,128.37985229492188,116.36419677734375,128.17185974121094,95.69290161132812,128.16201782226562,88.17527770996094,128.1455078125,84.24413299560547,0.010118887759745121,3.3507721424102783,0.008572481572628021,6.623200416564941,0.011837546713650227,9.887304306030273,0.014044583775103092,13.190181732177734
17473361000,0,128.4197235107422,116.07313537597656,128.18408203125,95.6468505859375,128.1811065673828,88.17465209960938,128.1538543701172,84.24846649169922,0.011254857294261456,3.375542402267456,0.009200019761919975,6.636877536773682,0.013232744298875332,9.887701988220215,0.014844951219856739,13.18537425994873
17498361000,0,128.16786193847656,115.87291717529297,128.06861877441406,95.48307037353516,128.1014862060547,88.04032897949219,128.1083984375,84.14151000976562,0.004521748051047325,3.3927724361419678,0.003453334793448448,6.685955047607422,0.007477292325347662,9.973852157592773,0.010551178827881813,13.305049896240234
17523361001,0,128.02952575683594,116.1058349609375,127.8775863647461,95.4746322631836,127.88734436035156,88.00396728515625,127.88948822021484,84.1204605102539,0.0007911441498436034,3.3727431297302246,-0.006162850186228752,6.688502311706543,-0.00831909291446209,9.997422218322754,-0.010775566101074219,13.328850746154785
17548361001,0,128.12362670898438,116.64146423339844,127.87529754638672,95.65000915527344,127.87468719482422,88.07049560546875,127.87702178955078,84.18013763427734,0.0032728384248912334,3.3274762630462646,-0.006231524981558323,6.635937690734863,-0.009215456433594227,9.954379081726074,-0.011932366527616978,13.261585235595703
17573361001,0,128.1395263671875,116.70790100097656,127.92122650146484,95.70068359375,127.923828125,88.09120178222656,127.92491149902344,84.19383239746094,0.003688269527629018,3.321936845779419,-0.003927986137568951,6.620894432067871,-0.0055944425985217094,9.941055297851562,-0.007277527824044228,13.246243476867676
17598361002,0,128.02191162109375,116.32353210449219,127.89730072021484,95.56829833984375,127.93174743652344,88.02194213867188,127.95970916748047,84.1392822265625,0.000584239314775914,3.354213237762451,-0.00514979287981987,6.660330772399902,-0.005034478846937418,9.985757827758789,-0.003922508098185062,13.307564735412598
17623361002,0,127.98967742919922,116.2598648071289,127.7706298828125,95.61585235595703,127.8155746459961,88.06681060791016,127.86553955078125,84.16826629638672,-0.00027563123148866,3.3596136569976807,-0.011478466913104057,6.646114349365234,-0.013565680012106895,9.956753730773926,-0.013059197925031185,13.274914741516113
17648361003,0,127.93022155761719,116.2921371459961,127.67029571533203,95.61750793457031,127.73280334472656,88.05750274658203,127.80339813232422,84.16342163085938,-0.0018618525937199593,3.356874465942383,-0.016498375684022903,6.645620346069336,-0.019665438681840897,9.962757110595703,-0.01910216175019741,13.28036117553711
17673361003,0,127.89765930175781,116.52206420898438,127.60739135742188,95.72198486328125,127.65109252929688,88.11264038085938,127.6926498413086,84.2086410522461,-0.0027165876235812902,3.337472438812256,-0.019559578970074654,6.614590167999268,-0.02559140883386135,9.927295684814453,-0.029752038419246674,13.229689598083496
17698361003,0,127.9548110961914,116.21449279785156,127.6700668334961,95.65040588378906,127.72135162353516,88.09203338623047,127.7613296508789,84.2003402709961,-0.0012078633299097419,3.363471508026123,-0.016486862674355507,6.635819911956787,-0.020464269444346428,9.940520286560059,-0.023119430989027023,13.23896312713623
17723361004,0,128.02870178222656,115.7933349609375,127.87262725830078,95.51953125,127.90484619140625,88.02999877929688,127.903076171875,84.1728286743164,0.0007745535694994032,3.3996646404266357,-0.006400272715836763,6.674970626831055,-0.007015252951532602,9.980537414550781,-0.009410001337528229,13.26978874206543
17748361004,0,128.1477813720703,115.74339294433594,128.0627899169922,95.5020751953125,128.09361267089844,88.0201187133789,128.06271362304688,84.16852569580078,0.00399261899292469,3.4040029048919678,0.003157434519380331,6.680225849151611,0.006905888672918081,9.986939430236816,0.006090803071856499,13.274622917175293
17773361004,0,128.26193237304688,115.55474090576172,128.14710998535156,95.50614166259766,128.20140075683594,88.03758239746094,128.187744140625,84.17893981933594,0.00710729556158185,3.4204792976379395,0.007396248169243336,6.6790008544921875,0.014841331169009209,9.975628852844238,0.01821828819811344,13.262929916381836
17798361005,0,128.15260314941406,115.70211791992188,128.1228790283203,95.52316284179688,128.2107391357422,88.05487823486328,128.23797607421875,84.19842529296875,0.0041267829947173595,3.40759539604187,0.006173517554998398,6.6738786697387695,0.015512751415371895,9.96445083618164,0.023055797442793846,13.241104125976562
17823361005,0,128.09339904785156,115.64543151855469,128.12448120117188,95.48863983154297,128.1706085205078,88.02052307128906,128.14833068847656,84.16206359863281,0.00252903182990849,3.412540912628174,0.006263203453272581,6.684275150299072,0.012585621327161789,9.986677169799805,0.014413663186132908,13.281888008117676
17848361006,0,128.04299926757812,115.55489349365234,128.1490478515625,95.4627685546875,128.18353271484375,88.00432586669922,128.14613342285156,84.14228057861328,0.0011667418293654919,3.4204659461975098,0.007507530506700277,6.692086696624756,0.013552728109061718,9.997188568115234,0.01422328595072031,13.304180145263672
17873361006,0,128.13272094726562,115.61407470703125,128.2489471435547,95.49198913574219,128.30548095703125,88.02286529541016,128.29238891601562,84.15052032470703,0.003596362192183733,3.4152817726135254,0.012523855082690716,6.683265686035156,0.02253173477947712,9.985158920288086,0.028439154848456383,13.29488754272461
17898361006,0,128.24102783203125,115.65666198730469,128.3258056640625,95.46449279785156,128.40679931640625,87.99508666992188,128.42567443847656,84.13468170166016,0.006524801254272461,3.41156005859375,0.016409603878855705,6.691565990447998,0.0300569050014019,10.003194808959961,0.04145718738436699,13.312761306762695
17923361007,0,128.25880432128906,115.79885864257812,128.32699584960938,95.503662109375,128.39328002929688,88.02153015136719,128.39910888671875,84.15017700195312,0.006983278319239616,3.3991854190826416,0.016442103311419487,6.679747581481934,0.029010053724050522,9.986023902893066,0.03882035240530968,13.295273780822754
17948361007,0,128.253662109375,115.74855041503906,128.34034729003906,95.48336029052734,128.39889526367188,88.01103973388672,128.39578247070312,84.14604949951172,0.006852398160845041,3.4035544395446777,0.017128238454461098,6.685867786407471,0.029443535953760147,9.992829322814941,0.038509879261255264,13.299927711486816
17973361007,0,128.2555389404297,115.75222778320312,128.29617309570312,95.48614501953125,128.31326293945312,88.031494140625,128.27838134765625,84.15966033935547,0.0069025177508592606,3.4032344818115234,0.014903371222317219,6.685028076171875,0.02309328131377697,9.979569435119629,0.027056356891989708,13.284591674804688
17998361008,0,128.3208770751953,115.66069793701172,128.3397216796875,95.46342468261719,128.33038330078125,88.0370864868164,128.26593017578125,84.14704895019531,0.008685576729476452,3.411207675933838,0.01711127907037735,6.691888332366943,0.02434687688946724,9.97594928741455,0.025873038917779922,13.298799514770508
18023361008,0,128.35385131835938,115.51473236083984,128.35104370117188,95.41583251953125,128.33226013183594,88.0211181640625,128.26217651367188,84.12030792236328,0.009610260836780071,3.423992156982422,0.01771749183535576,6.706302642822266,0.02450959011912346,9.98629093170166,0.02556411549448967,13.329024314880371
18048361008,0,128.54129028320312,115.92891693115234,128.416748046875,95.52799224853516,128.3754425048828,88.09800720214844,128.2818145751953,84.19326782226562,0.014562314376235008,3.387937545776367,0.020933378487825394,6.672426223754883,0.027562715113162994,9.936683654785156,0.027314545586705208,13.246874809265137
18073361009,0,128.50729370117188,116.00321197509766,128.37847900390625,95.49598693847656,128.35702514648438,88.04531860351562,128.28175354003906,84.16544342041016,0.013624661602079868,3.3815419673919678,0.01903701014816761,6.6820597648620605,0.026296690106391907,9.970625877380371,0.027371088042855263,13.27808666229248
18098361009,0,128.44064331054688,116.27752685546875,128.30679321289062,95.56270599365234,128.3007354736328,88.0528335571289,128.2449188232422,84.16641235351562,0.011761276982724667,3.3581137657165527,0.015387613326311111,6.6620073318481445,0.022140303626656532,9.965770721435547,0.023790867999196053,13.276998519897461
18123361010,0,128.41807556152344,116.15314483642578,128.31793212890625,95.51788330078125,128.3141632080078,88.0200424194336,128.25669860839844,84.1482925415039,0.011190352030098438,3.3687005043029785,0.015976689755916595,6.675466060638428,0.023176204413175583,9.98698902130127,0.02497231960296631,13.29739761352539
18148361010,0,128.48641967773438,115.85785675048828,128.38319396972656,95.46841430664062,128.3862762451172,88.01531982421875,128.345703125,84.1336441040039,0.013107335194945335,3.3940749168395996,0.019296811893582344,6.690380573272705,0.028504472225904465,9.99005126953125,0.03367151692509651,13.313934326171875
18173361010,0,128.42686462402344,115.88911437988281,128.29661560058594,95.45889282226562,128.30953979492188,88.00473022460938,128.29339599609375,84.1257553100586,0.011494338512420654,3.3913726806640625,0.014942977577447891,6.693258762359619,0.022856976836919785,9.996926307678223,0.028595391660928726,13.322856903076172
18198361011,0,128.36000061035156,116.10539245605469,128.23837280273438,95.52684020996094,128.25640869140625,88.0299301147461,128.25332641601562,84.1402359008789,0.009646331891417503,3.3727810382843018,0.011974124237895012,6.6727728843688965,0.01890391670167446,9.980582237243652,0.024660620838403702,13.306488037109375
18223361011,0,128.29420471191406,116.1060562133789,128.18328857421875,95.52359771728516,128.19627380371094,88.04248046875,128.19821166992188,84.14653778076172,0.007883191108703613,3.3727242946624756,0.009208360686898232,6.673748016357422,0.014459106139838696,9.972460746765137,0.01928534172475338,13.299376487731934
18248361011,0,128.2081756591797,116.17343139648438,128.12539672851562,95.53588104248047,128.13616943359375,88.03502655029297,128.14569091796875,84.13014221191406,0.005569541361182928,3.3669698238372803,0.006296603940427303,6.670055866241455,0.010035998187959194,9.977282524108887,0.014194406569004059,13.317893981933594
18273361012,0,128.16549682617188,116.58833312988281,128.0840606689453,95.58464813232422,128.09017944335938,88.02701568603516,128.09559631347656,84.12811279296875,0.004386509768664837,3.3319177627563477,0.004212249536067247,6.655436992645264,0.0066497535444796085,9.98246955871582,0.009315337054431438,13.320188522338867
18298361012,0,128.0946502685547,116.22216796875,128.023681640625,95.477783203125,128.02687072753906,87.97561645507812,128.02566528320312,84.09690856933594,0.002529487246647477,3.362818479537964,0.0011920798569917679,6.687551498413086,0.001987799070775509,10.015873908996582,0.002507392317056656,13.35558032989502
18323361013,0,128.02938842773438,116.14842224121094,127.97574615478516,95.43646240234375,127.97628021240234,87.9649429321289,127.96874237060547,84.09383392333984,0.000786704826168716,3.3691039085388184,-0.0012230357388034463,6.700047016143799,-0.0017558768158778548,10.022836685180664,-0.003054517786949873,13.359077453613281
18348361013,0,127.92774963378906,116.0556411743164,127.80094146728516,95.41853332519531,127.74298858642578,87.95787048339844,127.70040893554688,84.0802993774414,-0.0019381579477339983,3.3770415782928467,-0.010045504197478294,6.7054829597473145,-0.01903391443192959,10.027456283569336,-0.02930905483663082,13.374493598937988
18373361013,0,127.97213745117188,115.68717956542969,127.72503662109375,95.39686584472656,127.635986328125,87.97052764892578,127.56438446044922,84.09840393066406,-0.0007537329802289605,3.408897638320923,-0.013888899236917496,6.712063312530518,-0.02693699114024639,10.019192695617676,-0.042552586644887924,13.353880882263184
18398361014,0,127.94050598144531,115.42298126220703,127.63280487060547,95.32572937011719,127.57318115234375,87.93655395507812,127.56341552734375,84.08092498779297,-0.0016192143084481359,3.432072162628174,-0.018604256212711334,6.733753204345703,-0.031651899218559265,10.041403770446777,-0.04270893335342407,13.373779296875
18423361014,0,127.83041381835938,115.78897857666016,127.34494018554688,95.4000015258789,127.23463439941406,87.93653869628906,127.18516540527344,84.08495330810547,-0.004576951265335083,3.400042772293091,-0.03308382257819176,6.7111101150512695,-0.05675779655575752,10.041413307189941,-0.07968473434448242,13.36918830871582
18448361014,0,127.81364440917969,115.80875396728516,127.46493530273438,95.40130615234375,127.43033599853516,87.93743133544922,127.4268798828125,84.09207153320312,-0.0050272694788873196,3.398327350616455,-0.02702195756137371,6.7107133865356445,-0.04224264621734619,10.0408296585083,-0.05601387098431587,13.361083030700684
18473361015,0,127.8070297241211,115.89691925048828,127.44906616210938,95.38282012939453,127.39511108398438,87.89450073242188,127.38035583496094,84.06822204589844,-0.0051952567882835865,3.3906986713409424,-0.027845382690429688,6.716335296630859,-0.044975850731134415,10.069029808044434,-0.0606805793941021,13.388278007507324
18498361015,0,127.84526062011719,115.71319580078125,127.63409423828125,95.3419189453125,127.62156677246094,87.89993286132812,127.62261962890625,84.09336853027344,-0.004183492157608271,3.406630754470825,-0.018526071682572365,6.728805065155029,-0.028128372505307198,10.065452575683594,-0.03687930107116699,13.359607696533203
18523361016,0,127.84884643554688,115.39334106445312,127.67417907714844,95.31507873535156,127.68434143066406,87.92433166503906,127.6989974975586,84.09085845947266,-0.0041166688315570354,3.434689521789551,-0.016515538096427917,6.737011909484863,-0.023426478728652,10.049418449401855,-0.029421420767903328,13.36246395111084
18548361016,0,127.89774322509766,115.3326644897461,127.64672088623047,95.32160949707031,127.6365966796875,87.9476089477539,127.62613677978516,84.11868286132812,-0.0027888640761375427,3.440058946609497,-0.017902351915836334,6.735013008117676,-0.026930470019578934,10.034165382385254,-0.03645927086472511,13.330865859985352
18573361016,0,127.97595977783203,115.11914825439453,127.7027359008789,95.26124572753906,127.72404479980469,87.92777252197266,127.76235961914062,84.10719299316406,-0.0006588991382159293,3.459074020385742,-0.015102892182767391,6.753528594970703,-0.020475484430789948,10.047161102294922,-0.023196766152977943,13.34389591217041
