ts,agent_id,cam0x,cam0y,cam1x,cam1y,cam2x,cam2y,cam3x,cam3y,world0x,world0y,world1x,world1y,world2x,world2y,world3x,world3y
2001236844,0,128.48519897460938,114.64995574951172,128.3328399658203,95.79047393798828,128.30755615234375,88.85151672363281,128.22369384765625,85.0583724975586,0.013444725424051285,3.501527786254883,0.016534194350242615,6.594396114349365,0.021569302305579185,9.474482536315918,0.02024490013718605,12.342782020568848
2026236845,0,128.5231475830078,114.84385681152344,128.25958251953125,95.72112274169922,128.22006225585938,88.64862060546875,128.12905883789062,84.78313446044922,0.014430663548409939,3.483870506286621,0.012932748533785343,6.614844799041748,0.015621328726410866,9.59482192993164,0.011931664310395718,12.617151260375977
2051236845,0,128.71206665039062,115.12522888183594,128.32664489746094,95.76853942871094,128.29885864257812,88.58045196533203,128.20626831054688,84.66880798339844,0.01951371133327484,3.4585299491882324,0.016241420060396194,6.600850582122803,0.021301986649632454,9.63591480255127,0.019241875037550926,12.734621047973633
2076236845,0,128.5459442138672,114.47918701171875,128.1958465576172,95.25281524658203,128.16993713378906,88.08079528808594,128.1150665283203,84.20144653320312,0.015188773162662983,3.517212152481079,0.009953849017620087,6.75612211227417,0.012489108368754387,9.947747230529785,0.0111452117562294,13.237727165222168
2101236846,0,128.65724182128906,114.47077941894531,128.3062286376953,95.24198913574219,128.27674865722656,88.06119537353516,128.21401977539062,84.18511962890625,0.018288815394043922,3.5179877281188965,0.015571236610412598,6.75945520401001,0.02036377415060997,9.960373878479004,0.020757485181093216,13.256000518798828
2126236846,0,128.6975860595703,114.56765747070312,128.36497497558594,95.24608612060547,128.35292053222656,88.04715728759766,128.30984497070312,84.16289520263672,0.0193672813475132,3.509070873260498,0.01855512522161007,6.7581939697265625,0.02599138580262661,9.969437599182129,0.030106352642178535,13.280953407287598
2151236847,0,128.56044006347656,114.47570037841797,128.27142333984375,95.21871185302734,128.24813842773438,88.04615020751953,128.20115661621094,84.17214965820312,0.015593343414366245,3.517533540725708,0.013815280050039291,6.766633033752441,0.01827569119632244,9.970088958740234,0.01953069493174553,13.270551681518555
2176236847,0,128.6442108154297,114.61720275878906,128.36721801757812,95.28489685058594,128.343505859375,88.08748626708984,128.29550170898438,84.20368957519531,0.017864616587758064,3.504526138305664,0.018638042733073235,6.746263027191162,0.025234609842300415,9.943443298339844,0.02861669659614563,13.235220909118652
2201236847,0,128.62318420410156,114.78837585449219,128.31007385253906,95.3399887084961,128.2755889892578,88.11231994628906,128.22596740722656,84.21492767333984,0.0172123946249485,3.4889066219329834,0.015700558200478554,6.729394435882568,0.020214101299643517,9.92750072479248,0.021862788125872612,13.222675323486328
2226236848,0,128.5826873779297,114.845947265625,128.26324462890625,95.35130310058594,128.22674560546875,88.10636901855469,128.17373657226562,84.20535278320312,0.016072243452072144,3.4836809635162354,0.013322909362614155,6.725940704345703,0.01663764752447605,9.931317329406738,0.016822539269924164,13.233362197875977
2251236848,0,128.51231384277344,114.79710388183594,128.2093048095703,95.3414077758789,128.17591857910156,88.10054016113281,128.12330627441406,84.19963073730469,0.014147261157631874,3.4881134033203125,0.01059748511761427,6.72896146774292,0.012912844307720661,9.935056686401367,0.011945081874728203,13.23975658416748
2276236848,0,128.52288818359375,114.80622100830078,128.23013305664062,95.34687805175781,128.1934051513672,88.10327911376953,128.1364288330078,84.19970703125,0.014436189085245132,3.4872851371765137,0.011649326421320438,6.727290630340576,0.014193985611200333,9.93329906463623,0.013216224499046803,13.23967170715332
2301236849,0,128.46128845214844,114.73700714111328,128.20623779296875,95.3166732788086,128.17259216308594,88.08260345458984,128.11538696289062,84.18207550048828,0.012756135314702988,3.4935808181762695,0.010453273542225361,6.7365241050720215,0.012682806700468063,9.94658374786377,0.011194019578397274,13.259411811828613
2326236849,0,128.44915771484375,114.73898315429688,128.1883544921875,95.31343078613281,128.15150451660156,88.0772476196289,128.09156799316406,84.175048828125,0.012420106679201126,3.493400812149048,0.009548177011311054,6.737516403198242,0.011136905290186405,9.950030326843262,0.008888401091098785,13.267295837402344
2351236850,0,128.40647888183594,114.68070220947266,128.19635009765625,95.27632141113281,128.16600036621094,88.04501342773438,128.10557556152344,84.14615631103516,0.011255299672484398,3.4987173080444336,0.009969362989068031,6.748895645141602,0.012226991355419159,9.970823287963867,0.010272475890815258,13.299806594848633
2376236850,0,128.38746643066406,114.67779541015625,128.20069885253906,95.27277374267578,128.17137145996094,88.03944396972656,128.10621643066406,84.14291381835938,0.010729581117630005,3.4989829063415527,0.010191718116402626,6.749985218048096,0.012626989744603634,9.974424362182617,0.010337593033909798,13.303464889526367
2401236850,0,128.38287353515625,114.68971252441406,128.18540954589844,95.2686767578125,128.15591430664062,88.03158569335938,128.09315490722656,84.13572692871094,0.010599435307085514,3.497894287109375,0.009416967630386353,6.75124454498291,0.01149370614439249,9.979509353637695,0.00907173939049244,13.311580657958984
2426236851,0,128.3605499267578,114.60572052001953,128.19110107421875,95.2373275756836,128.16220092773438,88.0138931274414,128.0979766845703,84.12063598632812,0.010001108050346375,3.5055785179138184,0.00971913430839777,6.760891914367676,0.011970355175435543,9.99097728729248,0.009553180076181889,13.328652381896973
2451236851,0,128.35523986816406,114.56240844726562,128.2156524658203,95.22022247314453,128.1859130859375,88.00088500976562,128.1131134033203,84.11354064941406,0.009863843210041523,3.5095529556274414,0.01097586378455162,6.766167163848877,0.0137314572930336,9.999424934387207,0.011035540141165257,13.33669376373291
2476236851,0,128.3247833251953,114.5146484375,128.1983184814453,95.20362091064453,128.17417907714844,87.99153137207031,128.1062774658203,84.10408020019531,0.009028295986354351,3.5139448642730713,0.010100853629410267,6.771294116973877,0.012872312217950821,10.005507469177246,0.010376718826591969,13.347430229187012
2501236852,0,128.3021697998047,114.50012969970703,128.17276000976562,95.19701385498047,128.14764404296875,87.98827362060547,128.07911682128906,84.10293579101562,0.00840255618095398,3.515281915664673,0.008801602758467197,6.773336410522461,0.010913524776697159,10.007628440856934,0.007725538685917854,13.34873104095459
2526236852,0,128.31439208984375,114.47698974609375,128.17868041992188,95.19256591796875,128.15274047851562,87.98511505126953,128.08560180664062,84.09918212890625,0.008747189305722713,3.5174148082733154,0.009104975499212742,6.774712562561035,0.011292471550405025,10.009683609008789,0.008361372165381908,13.352995872497559
2551236853,0,128.3036651611328,114.4386215209961,128.17898559570312,95.1864242553711,128.15492248535156,87.98260498046875,128.0876007080078,84.0956039428711,0.008456376381218433,3.520956516265869,0.009122942574322224,6.776612758636475,0.011455591768026352,10.011319160461426,0.00855915155261755,13.357064247131348
2576236853,0,128.30166625976562,114.43155670166016,128.1946258544922,95.18109130859375,128.16976928710938,87.97762298583984,128.09593200683594,84.0939712524414,0.008402111008763313,3.521609306335449,0.009922413155436516,6.778264045715332,0.012557337991893291,10.014564514160156,0.009374437853693962,13.358922004699707
2601236853,0,128.29620361328125,114.40245056152344,128.1997528076172,95.16648864746094,128.1767120361328,87.96833801269531,128.10540771484375,84.08283233642578,0.008255626074969769,3.524301290512085,0.010190214961767197,6.7827887535095215,0.013078473508358002,10.020621299743652,0.010309896431863308,13.37160587310791
2626236854,0,128.28977966308594,114.4456787109375,128.19094848632812,95.18508911132812,128.166015625,87.97747039794922,128.09315490722656,84.09015655517578,0.008068355731666088,3.5203044414520264,0.009733254089951515,6.777026176452637,0.012279809452593327,10.014665603637695,0.009105932898819447,13.363262176513672
2651236854,0,128.28126525878906,114.40914154052734,128.19696044921875,95.17315673828125,128.17385864257812,87.97109985351562,128.09915161132812,84.08687591552734,0.007838035002350807,3.523681879043579,0.01004487369209528,6.780722141265869,0.012865068390965462,10.018818855285645,0.009694743901491165,13.366997718811035
2676236854,0,128.2644500732422,114.4130630493164,128.17698669433594,95.17567443847656,128.15545654296875,87.973876953125,128.0833740234375,84.0903091430664,0.007368764840066433,3.5233192443847656,0.009025242179632187,6.779941558837891,0.011501362547278404,10.017006874084473,0.008149744011461735,13.363088607788086
2701236855,0,128.2803192138672,114.40409088134766,128.2108154296875,95.16857147216797,128.18670654296875,87.96687316894531,128.10623168945312,84.08311462402344,0.007812602445483208,3.5241494178771973,0.010753597132861614,6.782142639160156,0.013819434680044651,10.021576881408691,0.010390246286988258,13.371283531188965
2726236855,0,128.27093505859375,114.41004180908203,128.19972229003906,95.17692565917969,128.1735076904297,87.97212982177734,128.0907745361328,84.0886001586914,0.007550003472715616,3.5235989093780518,0.010184069164097309,6.7795538902282715,0.012838270515203476,10.018146514892578,0.008874393999576569,13.365035057067871
2751236855,0,128.28244018554688,114.39700317382812,128.21456909179688,95.17462921142578,128.18963623046875,87.97054290771484,128.10504150390625,84.08642578125,0.007873031310737133,3.5248055458068848,0.010942209511995316,6.780265808105469,0.014033055864274502,10.019182205200195,0.010271023027598858,13.367510795593262
2776236856,0,128.2798309326172,114.40228271484375,128.21434020996094,95.17330932617188,128.18759155273438,87.96842956542969,128.10011291503906,84.08564758300781,0.007799326907843351,3.5243167877197266,0.010931160300970078,6.780674934387207,0.013883587904274464,10.020561218261719,0.009789732284843922,13.36839771270752
2801236856,0,128.2893524169922,114.3975601196289,128.22572326660156,95.17156982421875,128.2010040283203,87.96856689453125,128.11680603027344,84.08397674560547,0.0080656036734581,3.5247538089752197,0.01151254866272211,6.781213283538818,0.014876112341880798,10.020471572875977,0.011423680000007153,13.370301246643066
2826236857,0,128.28245544433594,114.39141845703125,128.21246337890625,95.16709899902344,128.19027709960938,87.96505737304688,128.10906982421875,84.08070373535156,0.00787449348717928,3.525322437286377,0.010838347487151623,6.782599449157715,0.014085318893194199,10.022762298583984,0.010669966228306293,13.374032020568848
2851236857,0,128.27684020996094,114.39692687988281,128.20962524414062,95.17155456542969,128.1857147216797,87.97027587890625,128.1024169921875,84.0889663696289,0.007716945838183165,3.524812698364258,0.010691510513424873,6.781218528747559,0.01374309603124857,10.019356727600098,0.010012291371822357,13.364617347717285
2876236857,0,128.28536987304688,114.37207794189453,128.2362518310547,95.16807556152344,128.2152557373047,87.96875,128.1304473876953,84.08702850341797,0.007959376089274883,3.5271143913269043,0.012051355093717575,6.782296657562256,0.01593068614602089,10.020352363586426,0.012754589319229126,13.36682415008545
2901236858,0,128.26498413085938,114.35685729980469,128.22482299804688,95.16203308105469,128.20425415039062,87.96292114257812,128.1191864013672,84.07948303222656,0.007393443491309881,3.5285253524780273,0.011471353471279144,6.784170150756836,0.015121996402740479,10.02415657043457,0.011660818010568619,13.3754243850708
2926236858,0,128.2718048095703,114.36880493164062,128.22708129882812,95.16158294677734,128.2059326171875,87.96096801757812,128.1199188232422,84.07998657226562,0.007581612560898066,3.5274176597595215,0.011586806736886501,6.7843098640441895,0.015248129144310951,10.025432586669922,0.011731985956430435,13.374849319458008
2951236858,0,128.26290893554688,114.37538146972656,128.24441528320312,95.1634521484375,128.22607421875,87.96009063720703,128.13662719726562,84.07704162597656,0.0073323361575603485,3.526808023452759,0.012470264919102192,6.7837300300598145,0.01674041897058487,10.026005744934082,0.013369872234761715,13.378209114074707
2976236859,0,128.25778198242188,114.39511108398438,128.2300262451172,95.16465759277344,128.20773315429688,87.95878601074219,128.1167755126953,84.07353973388672,0.007186003495007753,3.5249805450439453,0.011735514737665653,6.783356666564941,0.015383551828563213,10.02685832977295,0.011430568061769009,13.38220500946045
3001236859,0,128.26177978515625,114.38712310791016,128.22752380371094,95.16395568847656,128.20973205566406,87.95997619628906,128.12501525878906,84.07431030273438,0.007298822049051523,3.5257201194763184,0.011608196422457695,6.783574104309082,0.015530421398580074,10.026081085205078,0.012236335314810276,13.381325721740723
3026236860,0,128.25119018554688,114.39126586914062,128.20237731933594,95.16246032714844,128.1839599609375,87.96173858642578,128.10092163085938,84.07926177978516,0.007002884056419134,3.525336742401123,0.010325896553695202,6.7840375900268555,0.013620521873235703,10.02492904663086,0.009874030947685242,13.375676155090332
3051236860,0,128.26048278808594,114.38664245605469,128.2238311767578,95.16026306152344,128.2052764892578,87.96135711669922,128.1200714111328,84.080810546875,0.00726274261251092,3.5257647037506104,0.011421620845794678,6.784719467163086,0.015199176967144012,10.025178909301758,0.011746113188564777,13.373910903930664
3076236860,0,128.24307250976562,114.36526489257812,128.21697998046875,95.16211700439453,128.2010955810547,87.96109771728516,128.11544799804688,84.07870483398438,0.006780731957405806,3.5277457237243652,0.011071132495999336,6.784144401550293,0.014889854937791824,10.025348663330078,0.011295790784060955,13.376310348510742
3101236861,0,128.2432098388672,114.34123992919922,128.22042846679688,95.1488265991211,128.20297241210938,87.9510726928711,128.11578369140625,84.06847381591797,0.0067884125746786594,3.5299744606018066,0.011253545060753822,6.78826904296875,0.015038265846669674,10.031900405883789,0.011338241398334503,13.387990951538086
3126236861,0,128.24197387695312,114.32987976074219,128.23118591308594,95.14318084716797,128.2141571044922,87.94924926757812,128.12435913085938,84.0700454711914,0.006755727343261242,3.531029224395752,0.011805625632405281,6.790022850036621,0.01586875692009926,10.033093452453613,0.012176414020359516,13.386194229125977
3151236861,0,128.2345733642578,114.33607482910156,128.23248291015625,95.14524841308594,128.21768188476562,87.9473648071289,128.12738037109375,84.06414794921875,0.0065481518395245075,3.53045392036438,0.011870795860886574,6.7893805503845215,0.016131844371557236,10.03432559967041,0.012478330172598362,13.39293384552002
3176236862,0,128.2340545654297,114.33378601074219,128.22486877441406,95.14183044433594,128.21102905273438,87.9442138671875,128.12353515625,84.06053924560547,0.006534022744745016,3.5306663513183594,0.011483707465231419,6.79044246673584,0.01564190909266472,10.03638744354248,0.01210527028888464,13.397061347961426
3201236862,0,128.23675537109375,114.32559204101562,128.22422790527344,95.1358413696289,128.21173095703125,87.9435806274414,128.12744140625,84.06353759765625,0.00661069992929697,3.5314273834228516,0.011453942395746708,6.792303085327148,0.01569456048309803,10.036802291870117,0.012484941631555557,13.393631935119629
3226236863,0,128.2424774169922,114.3659439086914,128.21630859375,95.15138244628906,128.2051544189453,87.95281219482422,128.1247100830078,84.07148742675781,0.006764022633433342,3.5276827812194824,0.011041993275284767,6.7874755859375,0.01519827265292406,10.030762672424316,0.012209318578243256,13.38454818725586
3251236863,0,128.220703125,114.34956359863281,128.2071990966797,95.14572143554688,128.19683837890625,87.95001983642578,128.11343383789062,84.070068359375,0.0061589996330440044,3.5292019844055176,0.010579564608633518,6.789233684539795,0.014584756456315517,10.032588958740234,0.011106661520898342,13.386168479919434
3276236863,0,128.23133850097656,114.32414245605469,128.21788024902344,95.14170837402344,128.20639038085938,87.94852447509766,128.12185668945312,84.06868743896484,0.006459671072661877,3.531562089920044,0.011126872152090073,6.790480136871338,0.015293946489691734,10.03356647491455,0.011932735331356525,13.387746810913086
3301236864,0,128.22137451171875,114.30485534667969,128.21682739257812,95.13279724121094,128.20346069335938,87.94176483154297,128.115478515625,84.06314086914062,0.006184264086186886,3.5333542823791504,0.011077369563281536,6.79325008392334,0.015083244070410728,10.037991523742676,0.011313355527818203,13.394085884094238
3326236864,0,128.22520446777344,114.32132720947266,128.22207641601562,95.1397933959961,128.21107482910156,87.9466323852539,128.12449645996094,84.06755065917969,0.006288808770477772,3.5318236351013184,0.011342103593051434,6.791075229644775,0.015642929822206497,10.034805297851562,0.012192380614578724,13.389044761657715
3351236864,0,128.23094177246094,114.28558349609375,128.23495483398438,95.12512969970703,128.22604370117188,87.93597412109375,128.14187622070312,84.05503845214844,0.006454473827034235,3.535147190093994,0.012007452547550201,6.795635223388672,0.016763491556048393,10.041784286499023,0.013908863998949528,13.403356552124023
3376236865,0,128.2187957763672,114.30963897705078,128.2176055908203,95.13229370117188,128.2053985595703,87.94085693359375,128.11709594726562,84.0609130859375,0.006111534312367439,3.532909631729126,0.011117368005216122,6.7934064865112305,0.015227772295475006,10.038585662841797,0.011473932303488255,13.39663314819336
3401236865,0,128.237548828125,114.31121063232422,128.2311553955078,95.13005065917969,128.22335815429688,87.94075775146484,128.14306640625,84.06128692626953,0.006635109428316355,3.532763719558716,0.011810766533017159,6.794104099273682,0.016559356823563576,10.038649559020996,0.014018277637660503,13.39620590209961
3426236866,0,128.229248046875,114.34532165527344,128.20468139648438,95.14704132080078,128.19342041015625,87.95137786865234,128.1116180419922,84.06968688964844,0.006398097146302462,3.5295956134796143,0.010450414381921291,6.788823127746582,0.014330282807350159,10.03170108795166,0.010929216630756855,13.386604309082031
3451236866,0,128.2309112548828,114.32052612304688,128.21664428710938,95.13523864746094,128.20652770996094,87.94438171386719,128.12274169921875,84.06626892089844,0.0064482917077839375,3.531898021697998,0.01106684748083353,6.7924909591674805,0.015308101661503315,10.03627872467041,0.01202180702239275,13.390509605407715
3476236866,0,128.2154541015625,114.3006591796875,128.2080078125,95.13533020019531,128.1986541748047,87.94588470458984,128.11509704589844,84.06813049316406,0.006019469816237688,3.5337445735931396,0.010625627823174,6.7924628257751465,0.014723115600645542,10.035293579101562,0.011271321214735508,13.388382911682129
3501236867,0,128.22109985351562,114.29655456542969,128.2158966064453,95.12594604492188,128.20594787597656,87.93663787841797,128.12171936035156,84.05796813964844,0.006177803967148066,3.5341265201568604,0.01103308517485857,6.79538106918335,0.015272539108991623,10.041349411010742,0.011929881758987904,13.400002479553223
3526236867,0,128.22076416015625,114.29244232177734,128.21853637695312,95.12576293945312,128.2097625732422,87.93750762939453,128.1268310546875,84.05915069580078,0.006169023923575878,3.5345089435577393,0.011168074794113636,6.795438289642334,0.01555457804352045,10.040779113769531,0.012429667636752129,13.398650169372559
3551236867,0,128.22305297851562,114.2591781616211,128.22943115234375,95.11578369140625,128.22164916992188,87.93250274658203,128.1383056640625,84.05469512939453,0.0062378887087106705,3.5376060009002686,0.01172990258783102,6.798544406890869,0.016441170126199722,10.044058799743652,0.013559209182858467,13.403749465942383
3576236868,0,128.23306274414062,114.3156509399414,128.2323760986328,95.13053131103516,128.22119140625,87.93798065185547,128.13482666015625,84.05792236328125,0.006509122904390097,3.532350778579712,0.011872891336679459,6.793954849243164,0.01640157774090767,10.040470123291016,0.013214596547186375,13.400054931640625
3601236868,0,128.23175048828125,114.29647064208984,128.22084045410156,95.12844848632812,128.21124267578125,87.94015502929688,128.1299591064453,84.06056213378906,0.006475408561527729,3.5341341495513916,0.011284511536359787,6.794602394104004,0.015661731362342834,10.039045333862305,0.012734731659293175,13.397034645080566
3626236869,0,128.23304748535156,114.3441390991211,128.2100067138672,95.14328002929688,128.20082092285156,87.9453353881836,128.1204833984375,84.06437683105469,0.006504317745566368,3.52970552444458,0.010724051855504513,6.789991855621338,0.014884213916957378,10.035653114318848,0.011802471242845058,13.392672538757324
3651236869,0,128.21937561035156,114.3258056640625,128.2080535888672,95.13500213623047,128.20021057128906,87.94282531738281,128.11993408203125,84.06556701660156,0.006125390063971281,3.531407594680786,0.010628116317093372,6.792564392089844,0.01484131533652544,10.037297248840332,0.011747501790523529,13.391311645507812
3676236869,0,128.2139129638672,114.29875183105469,128.2062225341797,95.13023376464844,128.20065307617188,87.94129180908203,128.1208953857422,84.06198120117188,0.0059766825288534164,3.533921957015991,0.01053675077855587,6.794046878814697,0.014875547029078007,10.038300514221191,0.011845182627439499,13.39541244506836
3701236870,0,128.21282958984375,114.28475952148438,128.20594787597656,95.11913299560547,128.19821166992188,87.93114471435547,128.11776733398438,84.05166625976562,0.005948381032794714,3.5352237224578857,0.010527770966291428,6.797501564025879,0.014703911729156971,10.044949531555176,0.011548575013875961,13.407219886779785
3726236870,0,128.21434020996094,114.2749252319336,128.21133422851562,95.11875915527344,128.20387268066406,87.9356918334961,128.12237548828125,84.05958557128906,0.005991994868963957,3.5361392498016357,0.010803287848830223,6.797617435455322,0.015119546093046665,10.041969299316406,0.011992582120001316,13.398152351379395
3751236870,0,128.22377014160156,114.26716613769531,128.2296142578125,95.11497497558594,128.2249298095703,87.93095397949219,128.14578247070312,84.05366516113281,0.006256761960685253,3.5368616580963135,0.01173967495560646,6.7987961769104,0.01668613962829113,10.045074462890625,0.014293443411588669,13.404930114746094
3776236871,0,128.2249298095703,114.31105041503906,128.21946716308594,95.12751770019531,128.2095947265625,87.93585968017578,128.125732421875,84.05584716796875,0.006282664369791746,3.53277850151062,0.011214789934456348,6.794891834259033,0.015543739311397076,10.041858673095703,0.012325376272201538,13.402430534362793
3801236871,0,128.23428344726562,114.2930908203125,128.2202606201172,95.12492370605469,128.21194458007812,87.93608093261719,128.1324005126953,84.05656433105469,0.00654670549556613,3.5344483852386475,0.011256598867475986,6.795699119567871,0.01571778766810894,10.04171371459961,0.01297826785594225,13.401609420776367
3826236872,0,128.2220916748047,114.3216552734375,128.20355224609375,95.13151550292969,128.1963348388672,87.93966674804688,128.1184844970703,84.06127166748047,0.006201835814863443,3.5317928791046143,0.01039973832666874,6.7936482429504395,0.014556895941495895,10.039365768432617,0.01160964835435152,13.396223068237305
3851236872,0,128.2230987548828,114.32662963867188,128.21038818359375,95.13358306884766,128.203369140625,87.94095611572266,128.12380981445312,84.06300354003906,0.006229226477444172,3.5313310623168945,0.01074803527444601,6.793005466461182,0.015077222138643265,10.038520812988281,0.012129705399274826,13.394243240356445
3876236872,0,128.2159881591797,114.28466033935547,128.20489501953125,95.12500762939453,128.1982879638672,87.93705749511719,128.1177520751953,84.05828857421875,0.00603667413815856,3.5352330207824707,0.010471289046108723,6.79567289352417,0.014704113826155663,10.0410737991333,0.011540737003087997,13.399636268615723
3901236873,0,128.20677185058594,114.26939392089844,128.1990203857422,95.1133041381836,128.19078063964844,87.93186950683594,128.1103515625,84.0555191040039,0.005781174171715975,3.536654472351074,0.010176213458180428,6.799316883087158,0.014152012765407562,10.044474601745605,0.010817905887961388,13.402806282043457
3926236873,0,128.2163848876953,114.28314971923828,128.2148895263672,95.11934661865234,128.20941162109375,87.93501281738281,128.13087463378906,84.0606689453125,0.0060479785315692425,3.5353736877441406,0.010984753258526325,6.7974348068237305,0.015530984848737717,10.042413711547852,0.01282433234155178,13.396913528442383
3951236873,0,128.2205352783203,114.26052856445312,128.2246551513672,95.11492919921875,128.21849060058594,87.93055725097656,128.1378173828125,84.05152130126953,0.00616728188470006,3.537480115890503,0.01148614939302206,6.7988104820251465,0.016208859160542488,10.045334815979004,0.013514897786080837,13.40738582611084
3976236874,0,128.235107421875,114.29779052734375,128.22817993164062,95.1231918334961,128.21875,87.93177795410156,128.13470458984375,84.05277252197266,0.00656900042667985,3.5340113639831543,0.011662195436656475,6.796237945556641,0.016226857900619507,10.044533729553223,0.01320827379822731,13.405951499938965
4001236874,0,128.22776794433594,114.30653381347656,128.22264099121094,95.12648010253906,128.21417236328125,87.93563842773438,128.13262939453125,84.05609130859375,0.006362617947161198,3.533198595046997,0.011377484537661076,6.795215129852295,0.015883440151810646,10.042003631591797,0.01300121285021305,13.402151107788086
4026236874,0,128.222412109375,114.33291625976562,128.2072296142578,95.13417053222656,128.20057678222656,87.93975830078125,128.12265014648438,84.05985260009766,0.006209131795912981,3.530747175216675,0.010586406104266644,6.79282283782959,0.014871320687234402,10.039304733276367,0.012019232846796513,13.397847175598145
4051236875,0,128.22230529785156,114.31693267822266,128.2072296142578,95.12638092041016,128.20062255859375,87.93484497070312,128.12283325195312,84.05695343017578,0.006208493839949369,3.5322318077087402,0.010589972138404846,6.795246124267578,0.014879302121698856,10.042524337768555,0.01204007025808096,13.401165008544922
4076236875,0,128.21322631835938,114.28036499023438,128.20668029785156,95.12132263183594,128.20191955566406,87.93757629394531,128.1228790283203,84.06098175048828,0.005960088688880205,3.535632848739624,0.010564210824668407,6.796819686889648,0.014972928911447525,10.04073429107666,0.012040534056723118,13.396554946899414
4101236876,0,128.2127227783203,114.3014144897461,128.2077178955078,95.12300872802734,128.20050048828125,87.93446350097656,128.1201629638672,84.05778503417969,0.005943054798990488,3.5336742401123047,0.010616471990942955,6.796294689178467,0.014870604500174522,10.042773246765137,0.011777516454458237,13.400212287902832
4126236876,0,128.21583557128906,114.27090454101562,128.2132568359375,95.11693572998047,128.2067413330078,87.93264770507812,128.12657165527344,84.05548858642578,0.006034372840076685,3.536513566970825,0.010902429930865765,6.798185348510742,0.015335218980908394,10.043963432312012,0.012408014386892319,13.402841567993164
4151236876,0,128.22964477539062,114.25528717041016,128.23593139648438,95.11341857910156,128.2303924560547,87.92833709716797,128.14892578125,84.05131530761719,0.006422826088964939,3.537968635559082,0.012063468806445599,6.799280643463135,0.017094187438488007,10.04679012298584,0.01460447907447815,13.407621383666992
4176236877,0,128.2263946533203,114.30287170410156,128.22544860839844,95.12104797363281,128.21609497070312,87.9292984008789,128.1316680908203,84.05172729492188,0.006324802525341511,3.533538818359375,0.01152366679161787,6.796905517578125,0.016032405197620392,10.046160697937012,0.012911654077470303,13.407149314880371
4201236877,0,128.23239135742188,114.3006591796875,128.2296600341797,95.12093353271484,128.22198486328125,87.93187713623047,128.140625,84.05401611328125,0.006492672022432089,3.5337445735931396,0.011738989502191544,6.796940803527832,0.016466720029711723,10.044469833374023,0.01378736924380064,13.40452766418457
4226236877,0,128.23406982421875,114.32350158691406,128.21351623535156,95.12882232666016,128.2054443359375,87.93523406982422,128.1273956298828,84.05668640136719,0.006536036729812622,3.5316214561462402,0.01091008260846138,6.794486045837402,0.01523654069751501,10.042268753051758,0.01248754933476448,13.401471138000488
4251236878,0,128.22181701660156,114.32230377197266,128.20950317382812,95.12910461425781,128.20298767089844,87.9382553100586,128.12342834472656,84.061767578125,0.006194070912897587,3.5317327976226807,0.010704895481467247,6.794398307800293,0.015051489695906639,10.040288925170898,0.01209357287734747,13.39565658569336
4276236878,0,128.22230529785156,114.30421447753906,128.2134246826172,95.12747955322266,128.20846557617188,87.9395980834961,128.13015747070312,84.06282806396484,0.006210360210388899,3.533413887023926,0.01090603694319725,6.794903755187988,0.015456373803317547,10.039409637451172,0.012751773931086063,13.39444351196289
4301236879,0,128.21957397460938,114.27262115478516,128.21177673339844,95.11479949951172,128.20298767089844,87.93074035644531,128.12173461914062,84.05363464355469,0.006138642318546772,3.536353826522827,0.010827763006091118,6.7988505363464355,0.015058591961860657,10.045214653015137,0.011935667134821415,13.404964447021484
4326236879,0,128.22457885742188,114.2844009399414,128.222900390625,95.12212371826172,128.21548461914062,87.93405151367188,128.1331329345703,84.05767822265625,0.006276815198361874,3.53525710105896,0.011392886750400066,6.796570777893066,0.015982352197170258,10.043044090270996,0.01304885745048523,13.400335311889648
4351236879,0,128.2345428466797,114.28560638427734,128.23712158203125,95.11923217773438,128.22976684570312,87.9298095703125,128.14801025390625,84.05208587646484,0.006555114407092333,3.5351450443267822,0.012121275998651981,6.797470569610596,0.017046194523572922,10.045825004577637,0.014513769187033176,13.40673828125
4376236880,0,128.22816467285156,114.29147338867188,128.2255096435547,95.12024688720703,128.218994140625,87.9289321899414,128.13870239257812,84.0522232055664,0.0063759698532521725,3.5345990657806396,0.011527185328304768,6.797154426574707,0.01624787226319313,10.04640007019043,0.013600892387330532,13.406580924987793
4401236880,0,128.23744201660156,114.25859069824219,128.22300720214844,95.11737060546875,128.21653747558594,87.92826080322266,128.13909912109375,84.050048828125,0.006640384439378977,3.537660837173462,0.011400689370930195,6.798050403594971,0.016066279262304306,10.046839714050293,0.013642257079482079,13.409072875976562
4426236880,0,128.24508666992188,114.27448272705078,128.22084045410156,95.12018585205078,128.21099853515625,87.9286880493164,128.12953186035156,84.05255126953125,0.00685160094872117,3.5361804962158203,0.011288545094430447,6.797173976898193,0.01565489172935486,10.04655933380127,0.012701301835477352,13.406205177307129
4451236881,0,128.25729370117188,114.28765869140625,128.23463439941406,95.1199722290039,128.226318359375,87.92825317382812,128.14425659179688,84.05662536621094,0.0071906172670423985,3.534954071044922,0.011993750929832458,6.797240257263184,0.016791991889476776,10.046844482421875,0.014140362851321697,13.40153980255127
4476236881,0,128.26707458496094,114.27104187011719,128.2395782470703,95.12042236328125,128.2234649658203,87.93113708496094,128.13201904296875,84.05914306640625,0.007466898299753666,3.5365006923675537,0.012246225960552692,6.797100067138672,0.016577282920479774,10.044954299926758,0.012938108295202255,13.398658752441406
4501236882,0,128.2379150390625,114.22599792480469,128.2058868408203,95.11022186279297,128.1867218017578,87.9281005859375,128.0939178466797,84.05790710449219,0.006658748257905245,3.5406999588012695,0.010528708808124065,6.800276756286621,0.01385420747101307,10.046945571899414,0.009205064736306667,13.400074005126953
4526236882,0,128.18609619140625,114.18913269042969,128.1546630859375,95.09452819824219,128.13951110839844,87.91944885253906,128.0576934814453,84.0504150390625,0.005212997552007437,3.5441434383392334,0.007914585992693901,6.805169582366943,0.010356939397752285,10.052623748779297,0.0056581622920930386,13.408653259277344
4551236882,0,128.1599884033203,114.16120147705078,128.11639404296875,95.09730529785156,128.10513305664062,87.92377471923828,128.03334045410156,84.05028533935547,0.004484625067561865,3.5467562675476074,0.005955525208264589,6.804303169250488,0.007802681066095829,10.049782752990723,0.0032698274590075016,13.408802032470703
4576236883,0,128.19859313964844,114.12323760986328,128.15289306640625,95.080078125,128.14930725097656,87.9146499633789,128.08914184570312,84.04084777832031,0.005571769550442696,3.5503132343292236,0.007828907109797001,6.809680461883545,0.01108752004802227,10.055774688720703,0.008749338798224926,13.419625282287598
4601236883,0,128.21563720703125,114.14110565185547,128.16033935546875,95.08192443847656,128.15975952148438,87.91019439697266,128.10667419433594,84.02828979492188,0.0060473959892988205,3.548638343811035,0.008209538646042347,6.809103965759277,0.011867026798427105,10.058703422546387,0.010481081902980804,13.434053421020508
4626236883,0,128.22906494140625,114.03474426269531,128.17210388183594,95.05085754394531,128.18670654296875,87.89793395996094,128.1501007080078,84.01544189453125,0.006440222263336182,3.5586297512054443,0.00882377102971077,6.818820476531982,0.013879362493753433,10.06676959991455,0.014763645827770233,13.448844909667969
4651236884,0,128.24063110351562,113.96240234375,128.18887329101562,95.02794647216797,128.21617126464844,87.88526916503906,128.19212341308594,84.0050277709961,0.0067770713940262794,3.5654544830322266,0.009693172760307789,6.82600212097168,0.0160825178027153,10.075113296508789,0.01891331933438778,13.460858345031738
4676236884,0,128.2547149658203,113.9566421508789,128.20718383789062,95.03517150878906,128.23275756835938,87.89482879638672,128.20375061035156,84.02113342285156,0.007174710277467966,3.5659985542297363,0.010629555210471153,6.823736190795898,0.017306074500083923,10.06881332397461,0.020031070336699486,13.442289352416992
4701236885,0,128.22401428222656,113.97889709472656,128.20147705078125,95.0445327758789,128.2329864501953,87.89774322509766,128.20697021484375,84.02352142333984,0.006306600756943226,3.5638961791992188,0.010332569479942322,6.820801258087158,0.017319917678833008,10.06689453125,0.02034355141222477,13.439538955688477
4726236885,0,128.24111938476562,113.87730407714844,128.22622680664062,95.0146484375,128.26409912109375,87.88504028320312,128.24122619628906,84.01985931396484,0.0068046231754124165,3.573512554168701,0.0116169024258852,6.830177307128906,0.019648492336273193,10.075263977050781,0.02371787093579769,13.443756103515625
4751236885,0,128.2886962890625,113.8762435913086,128.2478485107422,95.0166015625,128.2835693359375,87.88842010498047,128.26026916503906,84.02227020263672,0.008147494867444038,3.573612928390503,0.012726113200187683,6.829564094543457,0.021092556416988373,10.073036193847656,0.025585085153579712,13.440979957580566
4776236886,0,128.28530883789062,113.93881225585938,128.26806640625,95.03248596191406,128.30960083007812,87.89261627197266,128.2899932861328,84.02333068847656,0.008039882406592369,3.5676846504211426,0.013754734769463539,6.824577808380127,0.023022755980491638,10.070270538330078,0.028504524379968643,13.439759254455566
4801236886,0,128.29808044433594,114.07660675048828,128.269775390625,95.0760269165039,128.31268310546875,87.90546417236328,128.30630493164062,84.02845001220703,0.008372273296117783,3.5546913146972656,0.013816305436193943,6.810946464538574,0.023233182728290558,10.061814308166504,0.030095042660832405,13.433868408203125
4826236886,0,128.32850646972656,114.17399597167969,128.3172607421875,95.11468505859375,128.36761474609375,87.9106216430664,128.3679962158203,84.03224182128906,0.009205551818013191,3.5455591678619385,0.016221052035689354,6.798886299133301,0.02730589546263218,10.058422088623047,0.036144934594631195,13.429509162902832
4851236887,0,128.331787109375,114.18589782714844,128.3406982421875,95.11402893066406,128.37911987304688,87.89742279052734,128.36231994628906,84.02290344238281,0.009294860064983368,3.544445753097534,0.01741986908018589,6.799090385437012,0.02818385884165764,10.067105293273926,0.03561504930257797,13.440251350402832
4876236887,0,128.34605407714844,114.21122741699219,128.32388305664062,95.11181640625,128.34353637695312,87.89105987548828,128.31259155273438,84.02056121826172,0.009688724763691425,3.542078971862793,0.01656169444322586,6.799779891967773,0.025548802688717842,10.071296691894531,0.03073287196457386,13.442947387695312
4901236888,0,128.2908172607422,114.34477233886719,128.28564453125,95.15239715576172,128.31451416015625,87.9037857055664,128.28695678710938,84.03186798095703,0.008116541430354118,3.529646635055542,0.014580773189663887,6.7871599197387695,0.023371700197458267,10.062917709350586,0.028186041861772537,13.429938316345215
4926236888,0,128.232177734375,114.45130157470703,128.2245635986328,95.17180633544922,128.2481689453125,87.9151382446289,128.22500610351562,84.03274536132812,0.006463685538619757,3.5197854042053223,0.011453285813331604,6.781140327453613,0.01842840202152729,10.05545425415039,0.022099386900663376,13.428930282592773
4951236888,0,128.23561096191406,114.45084381103516,128.2564697265625,95.1689453125,128.2877197265625,87.91243743896484,128.25991821289062,84.0386734008789,0.00655933516100049,3.5198276042938232,0.013082190416753292,6.782026767730713,0.021368971094489098,10.057229042053223,0.02551577053964138,13.422120094299316
4976236889,0,128.19049072265625,114.38764190673828,128.23448181152344,95.1553955078125,128.2660675048828,87.90309143066406,128.22914123535156,84.0313720703125,0.005311108659952879,3.525672197341919,0.011967615224421024,6.786229610443115,0.019772469997406006,10.063374519348145,0.02250809408724308,13.430508613586426
5001236889,0,128.08648681640625,114.34915161132812,128.08665466308594,95.15302276611328,128.0928955078125,87.90298461914062,128.03895568847656,84.02446746826172,0.0024135473649948835,3.529240131378174,0.004423182457685471,6.786965847015381,0.006903457920998335,10.063444137573242,0.0038287383504211903,13.438450813293457
5026236889,0,127.9834976196289,114.35523223876953,127.97586059570312,95.15415954589844,127.9854507446289,87.90177154541016,127.93750762939453,84.01558685302734,-0.00046045813360251486,3.5286760330200195,-0.0012321063550189137,6.786613464355469,-0.0010812991531565785,10.064242362976074,-0.00614656787365675,13.448678970336914
5051236890,0,127.98967742919922,114.42878723144531,127.98043060302734,95.152587890625,127.99443054199219,87.90263366699219,127.94723510742188,84.01823425292969,-0.0002875265199691057,3.5218653678894043,-0.0009989150566980243,6.7871012687683105,-0.00041389913531020284,10.063675880432129,-0.0051886579021811485,13.44562816619873
5076236890,0,128.01573181152344,114.57561492919922,127.97935485839844,95.18209075927734,128.00015258789062,87.91368103027344,127.97467803955078,84.0333480834961,0.00043668519356288016,3.508340358734131,-0.0010524849640205503,6.777954578399658,1.1331830137351062e-05,10.056410789489746,-0.002486918121576309,13.428237915039062
5101236891,0,128.06393432617188,114.58842468261719,128.01243591308594,95.17389678955078,128.03721618652344,87.90850830078125,128.01693725585938,84.03376770019531,0.0017741614719852805,3.507164716720581,0.0006342044216580689,6.780492782592773,0.00276473187841475,10.05981159210205,0.001663382281549275,13.427755355834961
5126236891,0,128.0458984375,114.41381072998047,127.97724914550781,95.1121826171875,127.99286651611328,87.89220428466797,127.97511291503906,84.01313781738281,0.001278913696296513,3.523250102996826,-0.0011633419198915362,6.799665927886963,-0.0005304789519868791,10.070542335510254,-0.0024483201559633017,13.451501846313477
5151236891,0,127.95979309082031,114.52362060546875,127.90123748779297,95.1375503540039,127.90841674804688,87.89962005615234,127.88177490234375,84.017822265625,-0.001117431907914579,3.5131189823150635,-0.005044584162533283,6.79177188873291,-0.006807379424571991,10.065658569335938,-0.011626114137470722,13.4461030960083
5176236892,0,127.93274688720703,114.55113983154297,127.85916137695312,95.13050079345703,127.85418701171875,87.89352416992188,127.80035400390625,84.00746154785156,-0.0018678923370316625,3.5105884075164795,-0.007195936981588602,6.79396390914917,-0.010842429473996162,10.069672584533691,-0.019649885594844818,13.458048820495605
5201236892,0,127.93838500976562,114.6329116821289,127.84591674804688,95.16748809814453,127.8434066772461,87.924560546875,127.79904174804688,84.0335922241211,-0.0017080164980143309,3.5030877590179443,-0.007860083132982254,6.7824788093566895,-0.011621344834566116,10.049267768859863,-0.019736092537641525,13.427957534790039
5226236892,0,127.95022583007812,114.55610656738281,127.8673095703125,95.1380615234375,127.8873291015625,87.9034194946289,127.87293243408203,84.01555633544922,-0.0013822696637362242,3.5101318359375,-0.006777402479201555,6.791613578796387,-0.008372822776436806,10.063158988952637,-0.012498026713728905,13.448713302612305
5251236893,0,127.90674591064453,114.58390045166016,127.774169921875,95.1500015258789,127.7972183227539,87.91329956054688,127.80436706542969,84.02249145507812,-0.002588052535429597,3.507579803466797,-0.011528728529810905,6.787903785705566,-0.015059798024594784,10.056662559509277,-0.019230833277106285,13.44072437286377
5276236893,0,127.9342041015625,114.55339813232422,127.8306884765625,95.14369201660156,127.85301208496094,87.91671752929688,127.85466766357422,84.0245590209961,-0.0018273225286975503,3.510380744934082,-0.00864578690379858,6.789863586425781,-0.010913870297372341,10.05441665649414,-0.014283799566328526,13.438345909118652
5301236893,0,128.03549194335938,114.49513244628906,127.93342590332031,95.13362121582031,127.9449691772461,87.90483093261719,127.92709350585938,84.02743530273438,0.000987054780125618,3.515742540359497,-0.003401044523343444,6.792994022369385,-0.0040890988893806934,10.062230110168457,-0.007163806352764368,13.435035705566406
5326236894,0,128.09555053710938,114.48900604248047,127.95457458496094,95.14234161376953,127.9684066772461,87.90705871582031,127.95884704589844,84.02923583984375,0.0026577075477689505,3.5163068771362305,-0.002319755731150508,6.790283203125,-0.0023472323082387447,10.060765266418457,-0.004043092019855976,13.432965278625488
5351236894,0,128.12567138671875,114.36044311523438,128.00074768066406,95.11734771728516,128.0383758544922,87.90526580810547,128.0616912841797,84.0206298828125,0.0035061181988567114,3.5281929969787598,3.822335202130489e-05,6.7980570793151855,0.0028514631558209658,10.061944007873535,0.006065229419618845,13.44286823272705
5376236895,0,128.17633056640625,114.45149993896484,128.08531188964844,95.14283752441406,128.13912963867188,87.9243392944336,128.18016052246094,84.0370864868164,0.004908911418169737,3.5197670459747314,0.00435655890032649,6.7901291847229,0.010325447656214237,10.049412727355957,0.017688412219285965,13.423942565917969
5401236895,0,128.17942810058594,114.44039154052734,128.0933837890625,95.1522445678711,128.1526641845703,87.94471740722656,128.2015838623047,84.05351257324219,0.004996452014893293,3.5207929611206055,0.0047668227925896645,6.78720760345459,0.011315427720546722,10.036057472229004,0.019764816388487816,13.405104637145996
5426236895,0,128.224609375,114.36668395996094,128.1287384033203,95.12985229492188,128.19093322753906,87.95126342773438,128.23472595214844,84.07569122314453,0.0062654754146933556,3.527614116668701,0.006577879656106234,6.794166088104248,0.014146110974252224,10.03177547454834,0.022972051054239273,13.37975025177002
5451236896,0,128.1630859375,114.44804382324219,128.07510375976562,95.14732360839844,128.11851501464844,87.95147705078125,128.1397705078125,84.07274627685547,0.004540560767054558,3.5200862884521484,0.00383452489040792,6.788735866546631,0.008780577220022678,10.031635284423828,0.013682330958545208,13.383111000061035
5476236896,0,128.15542602539062,114.40147399902344,128.04830932617188,95.14752960205078,128.0719757080078,87.96205139160156,128.07614135742188,84.06794738769531,0.004332049749791622,3.5243916511535645,0.002466476522386074,6.788671970367432,0.005329026374965906,10.024724960327148,0.007456548511981964,13.388591766357422
5501236896,0,128.20135498046875,114.40650939941406,128.14007568359375,95.15059661865234,128.16261291503906,87.98676300048828,128.1555633544922,84.09004211425781,0.005611519329249859,3.523925542831421,0.007150743622332811,6.787719249725342,0.012021126225590706,10.008611679077148,0.015206528827548027,13.363391876220703
5526236897,0,128.18603515625,114.53791046142578,128.1161346435547,95.20845794677734,128.10189819335938,88.04602813720703,128.06341552734375,84.15219116210938,0.005168559495359659,3.5118045806884766,0.005913793575018644,6.769799709320068,0.00750498054549098,9.97016716003418,0.006167251616716385,13.293004035949707
5551236897,0,128.2030487060547,114.2213363647461,128.1350860595703,95.10938262939453,128.1171417236328,88.00181579589844,128.07778930664062,84.11009216308594,0.005683538969606161,3.541134834289551,0.00690832594409585,6.800538063049316,0.008651530370116234,9.998819351196289,0.0075914207845926285,13.340604782104492
5576236898,0,128.2345428466797,114.28706359863281,128.2198944091797,95.11369323730469,128.2035675048828,87.97941589355469,128.16517639160156,84.08149719238281,0.006554888095706701,3.5350091457366943,0.011243343353271484,6.799195289611816,0.015055605210363865,10.013397216796875,0.016157636418938637,13.373126983642578
5601236898,0,128.24217224121094,114.29949951171875,128.19265747070312,95.06784057617188,128.1698455810547,87.93641662597656,128.1364288330078,84.04554748535156,0.006766121368855238,3.5338525772094727,0.00987028144299984,6.813505172729492,0.012595465406775475,10.041494369506836,0.013385366648435593,13.414233207702637
5626236898,0,128.28846740722656,114.2865219116211,128.25924682617188,95.02552795410156,128.2437286376953,87.91639709472656,128.2081756591797,84.04550170898438,0.008062048815190792,3.535059690475464,0.013306213542819023,6.826761245727539,0.018097244203090668,10.054627418518066,0.020424699410796165,13.414284706115723
5651236899,0,128.1973419189453,114.35617065429688,128.20687866210938,95.06159210205078,128.21389770507812,87.9300537109375,128.18780517578125,84.06067657470703,0.005506216548383236,3.5285890102386475,0.010601737536489964,6.815459728240967,0.01586863398551941,10.04566478729248,0.018402913585305214,13.396904945373535
5676236899,0,128.2282257080078,114.56143951416016,128.1761932373047,95.11032104492188,128.1761016845703,87.92860412597656,128.14779663085938,84.04790496826172,0.006337221711874008,3.5096418857574463,0.009010189212858677,6.800245761871338,0.013065813109278679,10.046615600585938,0.014497851952910423,13.411530494689941
5701236899,0,128.17477416992188,114.65779113769531,128.11692810058594,95.11837768554688,128.11288452148438,87.9151840209961,128.08229064941406,84.02983856201172,0.004842052701860666,3.5008111000061035,0.0059773982502520084,6.797736644744873,0.008382496424019337,10.055423736572266,0.008084279485046864,13.432271957397461
5726236900,0,128.24192810058594,114.89746856689453,128.1311798095703,95.18902587890625,128.12405395507812,87.93499755859375,128.1018524169922,84.03717803955078,0.0066650789231061935,3.4790165424346924,0.0066855186596512794,6.7758073806762695,0.00920045468956232,10.042424201965332,0.009999937377870083,13.423837661743164
5751236900,0,128.2678680419922,114.8363037109375,128.1880340576172,95.19564056396484,128.18191528320312,87.94185638427734,128.15740966796875,84.04483795166016,0.007390256971120834,3.484555244445801,0.009580337442457676,6.77376127243042,0.013485929928719997,10.037930488586426,0.015444756485521793,13.415046691894531
5776236901,0,128.30685424804688,114.78239440917969,128.28372192382812,95.17584991455078,128.2807159423828,87.91973876953125,128.24021911621094,84.03578186035156,0.00847652181982994,3.489450216293335,0.014467979781329632,6.779887676239014,0.020839236676692963,10.052433013916016,0.023587606847286224,13.42544174194336
5801236901,0,128.2947540283203,114.67173767089844,128.30438232421875,95.14859771728516,128.31039428710938,87.90612030029297,128.27285766601562,84.02510070800781,0.00816338136792183,3.4995365142822266,0.015539797022938728,6.788339614868164,0.023062167689204216,10.061382293701172,0.02681625448167324,13.437722206115723
5826236901,0,128.27037048339844,114.75302124023438,128.2594451904297,95.17887878417969,128.2642059326172,87.91537475585938,128.22572326660156,84.02635192871094,0.007473827805370092,3.492122173309326,0.013228294439613819,6.77894926071167,0.01961897686123848,10.055298805236816,0.022181609645485878,13.43628215789795
5851236902,0,128.22097778320312,114.6086654663086,128.22091674804688,95.14476013183594,128.21885681152344,87.90666198730469,128.1715850830078,84.02281188964844,0.006129165645688772,3.5053088665008545,0.011280453763902187,6.789531707763672,0.0162604171782732,10.061025619506836,0.016866467893123627,13.440356254577637
5876236902,0,128.18576049804688,114.60383605957031,128.18148803710938,95.14328002929688,128.18531799316406,87.9092788696289,128.14572143554688,84.02052307128906,0.0051529426127672195,3.505751371383667,0.009267737157642841,6.789991855621338,0.013766315765678883,10.059304237365723,0.014326849021017551,13.442991256713867
5901236902,0,128.18438720703125,114.66592407226562,128.1443328857422,95.14546203613281,128.1399383544922,87.9007339477539,128.09930419921875,84.01446533203125,0.005107404664158821,3.500067710876465,0.007369705010205507,6.789314270019531,0.010400883853435516,10.064926147460938,0.009768183343112469,13.449971199035645
5926236903,0,128.1942596435547,114.49738311767578,128.1226348876953,95.09292602539062,128.11891174316406,87.86959838867188,128.08526611328125,83.98833465576172,0.005402205046266317,3.5155351161956787,0.0062760403379797935,6.80566930770874,0.00885542668402195,10.085457801818848,0.008405590429902077,13.480159759521484
5951236903,0,128.14089965820312,114.43489837646484,128.0683135986328,95.06004333496094,128.05734252929688,87.84676361083984,128.01829528808594,83.97830200195312,0.003924075979739428,3.5213005542755127,0.003501045284792781,6.815944671630859,0.004276484251022339,10.100566864013672,0.0018050724174827337,13.491785049438477
5976236904,0,128.10182189941406,114.36051940917969,128.06155395507812,95.02755737304688,128.04965209960938,87.83089447021484,128.00485229492188,83.97990417480469,0.002840734086930752,3.5281858444213867,0.0031590661965310574,6.82612419128418,0.0037066603545099497,10.111092567443848,0.0004786791105289012,13.489927291870117
6001236904,0,128.03684997558594,114.5203857421875,127.88063049316406,95.06161499023438,127.83515930175781,87.82951354980469,127.78092193603516,83.97279357910156,0.0010242137359455228,3.5134165287017822,-0.006117222830653191,6.815452575683594,-0.012306868098676205,10.11201000213623,-0.02162489853799343,13.498177528381348
6026236904,0,127.95121002197266,114.59205627441406,127.7724838256836,95.08476257324219,127.72247314453125,87.82744598388672,127.66493225097656,83.9819107055664,-0.0013537942431867123,3.506831645965576,-0.011647628620266914,6.808217525482178,-0.020722627639770508,10.113382339477539,-0.03304891660809517,13.487602233886719
6051236905,0,127.9281997680664,114.40729522705078,127.73834228515625,95.04127502441406,127.68428039550781,87.82408905029297,127.62242889404297,83.97885131835938,-0.0020009486470371485,3.523853063583374,-0.013420777395367622,6.821822166442871,-0.023579439148306847,10.115612983703613,-0.03725068271160126,13.491147994995117
6076236905,0,127.81876373291016,114.59127807617188,127.58494567871094,95.08055877685547,127.50800323486328,87.82512664794922,127.4365463256836,83.98259735107422,-0.005028923973441124,3.5069029331207275,-0.0212524626404047,6.809530735015869,-0.03674224391579628,10.114923477172852,-0.05557224154472351,13.48680591583252
6101236905,0,127.94277954101562,114.26317596435547,127.80564880371094,94.99990844726562,127.7407455444336,87.7872314453125,127.65943908691406,83.9472885131836,-0.0016000731848180294,3.537233352661133,-0.00998646393418312,6.834810733795166,-0.01940755732357502,10.140162467956543,-0.03368806838989258,13.527846336364746
6126236906,0,127.90001678466797,114.34432983398438,127.74663543701172,95.03048706054688,127.68485260009766,87.79442596435547,127.60665130615234,83.93936157226562,-0.0027905027382075787,3.5296876430511475,-0.013001498766243458,6.825205326080322,-0.02358090691268444,10.13536262512207,-0.03893563523888588,13.537094116210938
6151236906,0,127.96665954589844,114.42030334472656,127.82514190673828,95.05489349365234,127.79051208496094,87.80819702148438,127.73341369628906,83.95176696777344,-0.0009288559667766094,3.5226495265960693,-0.008963409811258316,6.817556381225586,-0.01566128060221672,10.126184463500977,-0.026360666379332542,13.522627830505371
6176236907,0,127.97366333007812,114.56874084472656,127.8337631225586,95.10578155517578,127.81414031982422,87.84175109863281,127.76582336425781,83.98545837402344,-0.0007311739027500153,3.5089714527130127,-0.008502709679305553,6.801660537719727,-0.01386540848761797,10.103889465332031,-0.02309083193540573,13.483490943908691
6201236907,0,127.91796875,114.60077667236328,127.78218078613281,95.08998107910156,127.77595520019531,87.828369140625,127.74488830566406,83.97630310058594,-0.0022756867110729218,3.5060319900512695,-0.011148675344884396,6.806588649749756,-0.016728205606341362,10.112770080566406,-0.025174347683787346,13.49410343170166
6226236907,0,127.88716125488281,114.5717544555664,127.71698760986328,95.0802230834961,127.68899536132812,87.82278442382812,127.65991973876953,83.96879577636719,-0.0031324729789048433,3.508694648742676,-0.014491590671241283,6.809635162353516,-0.023229219019412994,10.116480827331543,-0.03358007222414017,13.502819061279297
6251236908,0,127.90754699707031,114.54341125488281,127.77947998046875,95.08220672607422,127.76615905761719,87.83265686035156,127.75041961669922,83.9821548461914,-0.0025682621635496616,3.511298656463623,-0.011290711350739002,6.809015274047852,-0.017454901710152626,10.109922409057617,-0.024616491049528122,13.48731803894043
6276236908,0,127.92849731445312,114.53863525390625,127.8052978515625,95.11842346191406,127.7977066040039,87.87059783935547,127.77742004394531,84.01332092285156,-0.001986504066735506,3.5117380619049072,-0.0099532101303339,6.797722339630127,-0.015063957311213017,10.084796905517578,-0.021896444261074066,13.451290130615234
6301236908,0,127.97577667236328,114.57106018066406,127.85840606689453,95.1441879272461,127.859130859375,87.90278625488281,127.84644317626953,84.04071807861328,-0.0006724654813297093,3.508758544921875,-0.0072302501648664474,6.789709568023682,-0.010468713939189911,10.063575744628906,-0.015071879141032696,13.419774055480957
6326236909,0,128.02801513671875,114.49346923828125,127.9380111694336,95.11616516113281,127.94832611083984,87.89048767089844,127.93817138671875,84.02348327636719,0.0007791502284817398,3.5158956050872803,-0.003169190138578415,6.798425197601318,-0.0038431258872151375,10.071674346923828,-0.006077288184314966,13.439582824707031
6351236909,0,128.08538818359375,114.52718353271484,128.02101135253906,95.14533233642578,128.0394287109375,87.90839385986328,128.0333709716797,84.03955078125,0.0023729128297418356,3.512791156768799,0.0010728554334491491,6.789353847503662,0.0029291179962456226,10.059886932373047,0.003275738563388586,13.421113967895508
6376236910,0,128.09561157226562,114.56673431396484,128.0594024658203,95.1436767578125,128.08746337890625,87.91020965576172,128.07948303222656,84.0467529296875,0.002654548967257142,3.509155511856079,0.003033351618796587,6.789868354797363,0.00649682292714715,10.058693885803223,0.007797494530677795,13.412850379943848
6401236910,0,128.0628204345703,114.48040771484375,128.0193634033203,95.123046875,128.04156494140625,87.91175842285156,128.0251922607422,84.05235290527344,0.0017476839711889625,3.517099618911743,0.0009896628325805068,6.796282768249512,0.003087163669988513,10.0576753616333,0.002470278413966298,13.406432151794434
6426236910,0,128.12171936035156,114.4508285522461,128.0055694580078,95.0904312133789,128.0261688232422,87.87850952148438,128.00685119628906,84.01646423339844,0.003388629760593176,3.519829034805298,0.0002850568853318691,6.806447982788086,0.0019477136665955186,10.079572677612305,0.0006738145020790398,13.447667121887207
6451236911,0,128.21466064453125,114.3004150390625,128.1505126953125,95.07893371582031,128.16078186035156,87.9059829711914,128.110107421875,84.05310821533203,0.005997336935251951,3.5337672233581543,0.00770740257576108,6.810038089752197,0.011946127749979496,10.061471939086914,0.010796131566166878,13.405567169189453
6476236911,0,128.36012268066406,114.40106964111328,128.28106689453125,95.119140625,128.2650146484375,87.91926574707031,128.18441772460938,84.0627670288086,0.010037469677627087,3.5244288444519043,0.014367746189236641,6.797499179840088,0.01967421919107437,10.052743911743164,0.018067846074700356,13.394513130187988
6501236911,0,128.33753967285156,114.50521087646484,128.28375244140625,95.13893127441406,128.25425720214844,87.9177474975586,128.15231323242188,84.05726623535156,0.00938497856259346,3.5148138999938965,0.014492622576653957,6.7913432121276855,0.018877405673265457,10.053740501403809,0.014929299242794514,13.400806427001953
6526236912,0,128.36587524414062,114.45977020263672,128.31809997558594,95.13275146484375,128.2830352783203,87.92806243896484,128.1842041015625,84.07405090332031,0.010183710604906082,3.5190036296844482,0.016251258552074432,6.793263912200928,0.02100043185055256,10.04697036743164,0.01803005114197731,13.381622314453125
6551236912,0,128.3328399658203,114.47613525390625,128.1962890625,95.15933227539062,128.1414337158203,87.94487762451172,128.0334930419922,84.08655548095703,0.00926064234226942,3.517493724822998,0.010016608983278275,6.785008430480957,0.010482924059033394,10.035953521728516,0.0032749350648373365,13.367362976074219
6576236912,0,128.33572387695312,114.5577163696289,128.23216247558594,95.17939758300781,128.1889190673828,87.94625854492188,128.085205078125,84.08992004394531,0.009322975762188435,3.509984016418457,0.011836969293653965,6.7787885665893555,0.014001276344060898,10.035049438476562,0.00832899659872055,13.363531112670898
6601236913,0,128.32630920410156,114.64034271240234,128.19302368164062,95.2027816772461,128.13986206054688,87.9513931274414,128.03765869140625,84.09630584716797,0.009043972939252853,3.5024073123931885,0.009831532835960388,6.771553993225098,0.010362200438976288,10.031691551208496,0.0036792822647839785,13.356266021728516
6626236913,0,128.25938415527344,114.58274841308594,128.1396484375,95.19248962402344,128.0568084716797,87.95679473876953,127.92298126220703,84.1091537475586,0.007198804523795843,3.507685422897339,0.007116056513041258,6.774736404418945,0.004207441583275795,10.028159141540527,-0.007516804151237011,13.341670036315918
6651236914,0,128.26217651367188,114.62642669677734,128.14845275878906,95.1925277709961,128.04319763183594,87.9455337524414,127.8919448852539,84.10163879394531,0.007268846035003662,3.503681182861328,0.007564684841781855,6.77472448348999,0.0032016329932957888,10.035524368286133,-0.010552412830293179,13.350203514099121
6676236914,0,128.17283630371094,114.78275299072266,128.08917236328125,95.24037170410156,127.99375915527344,87.9542236328125,127.84429931640625,84.11146545410156,0.00477437861263752,3.489417552947998,0.004534588195383549,6.75995397567749,-0.000462294090539217,10.029840469360352,-0.015193031169474125,13.339046478271484
6701236914,0,128.06663513183594,114.84010314941406,127.99929809570312,95.25052642822266,127.90936279296875,87.9535140991211,127.76583862304688,84.10913848876953,0.0018382451962679625,3.484210968017578,-3.567761086742394e-05,6.756826877593994,-0.0067143007181584835,10.030303955078125,-0.022853495553135872,13.341687202453613
6726236915,0,127.98533630371094,115.08767700195312,127.87661743164062,95.31436920166016,127.78449249267578,87.95489501953125,127.65489959716797,84.12003326416016,-0.00040219901711679995,3.46189284324646,-0.006254329811781645,6.737228870391846,-0.01596316695213318,10.029400825500488,-0.033650562167167664,13.32933521270752
6751236915,0,127.94478607177734,115.28783416748047,127.86773681640625,95.40801239013672,127.77401733398438,88.01509857177734,127.64170837402344,84.17837524414062,-0.0015074170660227537,3.4440360069274902,-0.006677671801298857,6.708676815032959,-0.016676165163517,9.990195274353027,-0.034769460558891296,13.26356315612793
6776236915,0,127.87389373779297,115.23814392089844,127.80662536621094,95.40412902832031,127.72138214111328,88.02519989013672,127.5942153930664,84.18389892578125,-0.0034468332305550575,3.448453664779663,-0.009764672257006168,6.7098565101623535,-0.02054736576974392,9.983646392822266,-0.03936044126749039,13.257369041442871
6801236916,0,127.9914779663086,115.18698120117188,127.9239501953125,95.36079406738281,127.83426666259766,88.02348327636719,127.683349609375,84.18053436279297,-0.0002332067087991163,3.4530129432678223,-0.0038473450113087893,6.7230448722839355,-0.012223726138472557,9.984758377075195,-0.030723048374056816,13.261140823364258
6826236916,0,127.95283508300781,115.1976089477539,127.88658142089844,95.39694213867188,127.80280303955078,88.03556823730469,127.65451049804688,84.18519592285156,-0.0012903573224321008,3.4520647525787354,-0.005728959105908871,6.712039947509766,-0.01453337725251913,9.976932525634766,-0.03350834175944328,13.255914688110352
6851236917,0,127.91022491455078,115.37948608398438,127.85755920410156,95.43461608886719,127.77802276611328,88.02962493896484,127.64388275146484,84.17469024658203,-0.002445806283503771,3.4359142780303955,-0.007183352950960398,6.700606822967529,-0.016365740448236465,9.980778694152832,-0.0345689132809639,13.267699241638184
6876236917,0,127.78131866455078,115.61223602294922,127.6784896850586,95.51624298095703,127.5807113647461,88.04244995117188,127.45556640625,84.1794662475586,-0.005925895646214485,3.415442705154419,-0.01615762710571289,6.675959587097168,-0.030888231471180916,9.972480773925781,-0.052828382700681686,13.26233959197998
6901236917,0,127.73603057861328,115.44927215576172,127.59822082519531,95.40031433105469,127.46995544433594,87.96690368652344,127.3193130493164,84.1192855834961,-0.007179955020546913,3.429753065109253,-0.020291604101657867,6.711015701293945,-0.03923216834664345,10.021556854248047,-0.06637752056121826,13.330182075500488
6926236918,0,127.6246566772461,115.5135498046875,127.40325164794922,95.39964294433594,127.2558364868164,87.95777893066406,127.1072769165039,84.12660217285156,-0.01019423920661211,3.42409610748291,-0.030139263719320297,6.711219310760498,-0.05511205270886421,10.02751636505127,-0.08700181543827057,13.321898460388184
6951236918,0,127.56034851074219,115.47427368164062,127.34747314453125,95.39703369140625,127.18771362304688,87.9558334350586,127.02578735351562,84.1225357055664,-0.011951621621847153,3.4275505542755127,-0.03296007588505745,6.71201229095459,-0.06016450375318527,10.028787612915039,-0.09497536718845367,13.326501846313477
6976236918,0,127.6453628540039,115.35125732421875,127.38619232177734,95.39038848876953,127.2065658569336,87.96218872070312,127.01573944091797,84.12361145019531,-0.009667922742664814,3.4384119510650635,-0.03101312555372715,6.714033126831055,-0.058744754642248154,10.024635314941406,-0.09594640880823135,13.32528305053711
7001236919,0,127.69091796875,115.35540771484375,127.40457916259766,95.40052795410156,127.24298095703125,87.9695053100586,127.0815658569336,84.12838745117188,-0.008425218053162098,3.438044786453247,-0.03007107973098755,6.7109503746032715,-0.05602295696735382,10.01986026763916,-0.08949434757232666,13.319878578186035
7026236919,0,127.60401153564453,115.6883773803711,127.3141860961914,95.48605346679688,127.18650817871094,88.00186157226562,127.08086395263672,84.14147186279297,-0.010711918585002422,3.4087932109832764,-0.03451015427708626,6.685055255889893,-0.06008046865463257,9.99878978729248,-0.08946622908115387,13.305092811584473
7051236920,0,127.54701232910156,115.67657470703125,127.22150421142578,95.4905776977539,127.07645416259766,88.01516723632812,126.96952056884766,84.15128326416016,-0.012257120572030544,3.409822463989258,-0.03916636109352112,6.683691024780273,-0.06815184652805328,9.990150451660156,-0.10022309422492981,13.294026374816895
7076236920,0,127.48686981201172,115.59001922607422,127.14990997314453,95.4807357788086,127.01020050048828,88.0262222290039,126.9137954711914,84.15457153320312,-0.013912050053477287,3.4173872470855713,-0.04278621822595596,6.686660289764404,-0.07299056649208069,9.982983589172363,-0.10561427474021912,13.290322303771973
7101236920,0,127.68245697021484,115.08776092529297,127.34754943847656,95.3494873046875,127.22001647949219,87.9811782836914,127.15011596679688,84.10753631591797,-0.008709621615707874,3.4618852138519287,-0.03302333503961563,6.726494789123535,-0.057680267840623856,10.012248992919922,-0.08295728266239166,13.343505859375
7126236921,0,127.73400115966797,114.99839782714844,127.47257232666016,95.30381774902344,127.38629913330078,87.95623779296875,127.33948516845703,84.08868408203125,-0.007311022374778986,3.4699113368988037,-0.026747703552246094,6.7404608726501465,-0.04545449838042259,10.028523445129395,-0.06457348167896271,13.36493968963623
7151236921,0,127.72224426269531,115.12648010253906,127.49408721923828,95.32118225097656,127.41355895996094,87.94800567626953,127.3675765991211,84.0933837890625,-0.00761148938909173,3.4584178924560547,-0.02563750371336937,6.735144138336182,-0.043457891792058945,10.033906936645508,-0.061803169548511505,13.359589576721191
7176236921,0,127.73957061767578,115.094970703125,127.50811767578125,95.31178283691406,127.43402099609375,87.95243835449219,127.37948608398438,84.09195709228516,-0.007141904439777136,3.4612390995025635,-0.024936551228165627,6.738020896911621,-0.041929904371500015,10.031006813049316,-0.06064647436141968,13.361212730407715
7201236922,0,127.65226745605469,114.91149139404297,127.32357788085938,95.25922393798828,127.26753997802734,87.92800903320312,127.21592712402344,84.05870819091797,-0.009576843120157719,3.4777488708496094,-0.03436950221657753,6.754150390625,-0.05434668809175491,10.047005653381348,-0.07684335112571716,13.39915657043457
7226236922,0,127.96438598632812,114.7756118774414,127.72734832763672,95.22758483886719,127.6471939086914,87.92840576171875,127.55361938476562,84.04515075683594,-0.0009839552221819758,3.4900670051574707,-0.013872500509023666,6.763895511627197,-0.02617667056620121,10.046745300292969,-0.04379693418741226,13.414688110351562
7251236923,0,128.04107666015625,114.6712417602539,127.85838317871094,95.19461822509766,127.75785827636719,87.92530822753906,127.63065338134766,84.03353881835938,0.0011376547627151012,3.4995815753936768,-0.007215696386992931,6.774077415466309,-0.01796935312449932,10.04877758026123,-0.036273662000894547,13.428018569946289
7276236923,0,128.03738403320312,114.80522155761719,127.83992767333984,95.24446868896484,127.74708557128906,87.96192169189453,127.63228607177734,84.06800842285156,0.0010321434820070863,3.4873759746551514,-0.00813855417072773,6.758691787719727,-0.018725745379924774,10.024810791015625,-0.03601016476750374,13.388521194458008
7301236923,0,128.0815887451172,115.10739135742188,127.85061645507812,95.327392578125,127.72237396240234,87.97611999511719,127.56831359863281,84.08209228515625,0.002236810280010104,3.4601266384124756,-0.00756810512393713,6.733243942260742,-0.02053712122142315,10.015545845031738,-0.04222569987177849,13.372448921203613
7326236924,0,128.03005981445312,115.26632690429688,127.74647521972656,95.37499237060547,127.57543182373047,87.97929382324219,127.36927795410156,84.08393859863281,0.0008210827363654971,3.44594669342041,-0.012817980721592903,6.718719005584717,-0.031400784850120544,10.013476371765137,-0.06168508157134056,13.370345115661621
7351236924,0,128.01768493652344,115.03164672851562,127.69367980957031,95.25068664550781,127.48176574707031,87.9126205444336,127.21508026123047,84.04320526123047,0.00048569784848950803,3.466921329498291,-0.01557006686925888,6.756777286529541,-0.03848886117339134,10.057108879089355,-0.07702537626028061,13.416919708251953
7376236924,0,127.99284362792969,114.74247741699219,127.73228454589844,95.15907287597656,127.55332946777344,87.88356018066406,127.30070495605469,84.01130676269531,-0.0001978717918973416,3.4930825233459473,-0.013661641627550125,6.785088539123535,-0.033234573900699615,10.076241493225098,-0.06880513578653336,13.45361328125
7401236925,0,127.84375,115.08381652832031,127.57707214355469,95.26179504394531,127.42305755615234,87.91185760498047,127.18309783935547,84.03202056884766,-0.004286042880266905,3.4622390270233154,-0.021486898884177208,6.753360271453857,-0.042851123958826065,10.057609558105469,-0.08023837208747864,13.429763793945312
7426236925,0,127.93472290039062,115.19794464111328,127.78856658935547,95.27352905273438,127.67920684814453,87.91178894042969,127.48993682861328,84.03424072265625,-0.0017858641222119331,3.4520349502563477,-0.01073648314923048,6.749753475189209,-0.02382630482316017,10.05765438079834,-0.05009056255221367,13.427212715148926
7451236926,0,127.95777893066406,115.14604187011719,127.85069274902344,95.3162841796875,127.78207397460938,87.96614837646484,127.6317138671875,84.06597900390625,-0.0011564820306375623,3.4566686153411865,-0.007567844353616238,6.736642837524414,-0.01613093726336956,10.022050857543945,-0.0360722653567791,13.390840530395508
7476236926,0,127.92137145996094,115.07223510742188,127.87068939208984,95.33699035644531,127.82532501220703,88.02545928955078,127.70079040527344,84.14986419677734,-0.0021574138663709164,3.4632773399353027,-0.006548472214490175,6.730310916900635,-0.012881631962954998,9.983477592468262,-0.029104135930538177,13.295625686645508
7501236926,0,128.03204345703125,114.8984375,127.91709899902344,95.30796813964844,127.86256408691406,88.0291748046875,127.74237060546875,84.16825866699219,0.0008827719721011817,3.478928804397583,-0.004203450866043568,6.7391886711120605,-0.010133039206266403,9.981071472167969,-0.0250217467546463,13.274923324584961
7526236927,0,128.0334930419922,114.83680725097656,127.92684936523438,95.26271057128906,127.85572052001953,87.98359680175781,127.72245788574219,84.11341094970703,0.0009240344516001642,3.4845097064971924,-0.003716279985383153,6.753078460693359,-0.010667943395674229,10.010673522949219,-0.02707778289914131,13.336841583251953
7551236927,0,127.96387481689453,114.69168853759766,127.88896179199219,95.26016998291016,127.85014343261719,88.01799011230469,127.74613952636719,84.15760803222656,-0.001000039977952838,3.497714042663574,-0.005641702562570572,6.753859519958496,-0.01105651818215847,9.988319396972656,-0.024677297100424767,13.286903381347656
7576236927,0,127.93646240234375,114.6517562866211,127.90042877197266,95.20671081542969,127.86432647705078,87.94879913330078,127.74813842773438,84.09746551513672,-0.0017605343600735068,3.5013632774353027,-0.0050707352347671986,6.770339488983154,-0.010053510777652264,10.033387184143066,-0.02460470423102379,13.354947090148926
7601236928,0,127.96206665039062,114.70799255371094,127.88581848144531,95.24443054199219,127.84765625,87.95315551757812,127.73866271972656,84.10094451904297,-0.0010496939066797495,3.4962258338928223,-0.005805338732898235,6.758703708648682,-0.011285705491900444,10.030538558959961,-0.02552305907011032,13.350992202758789
7626236928,0,127.93302154541016,115.01045227050781,127.84944152832031,95.38054656982422,127.80085754394531,88.0194320678711,127.69458770751953,84.15963745117188,-0.001840398064814508,3.4688267707824707,-0.007610289379954338,6.717027187347412,-0.014691541902720928,9.987384796142578,-0.029683595523238182,13.284618377685547
7651236928,0,127.84256744384766,115.36365509033203,127.75181579589844,95.47335815429688,127.6968765258789,88.06103515625,127.58092498779297,84.21784973144531,-0.004290612880140543,3.437314748764038,-0.012495381757616997,6.688887119293213,-0.0223047137260437,9.960477828979492,-0.04053662717342377,13.219416618347168
7676236929,0,127.84566497802734,115.36742401123047,127.63723754882812,95.50506591796875,127.5784912109375,88.09593200683594,127.48039245605469,84.23672485351562,-0.004205828066915274,3.436981201171875,-0.01823943853378296,6.679324150085449,-0.030948610976338387,9.938015937805176,-0.0501834936439991,13.198410034179688
7701236929,0,127.96595001220703,115.1700210571289,127.7201156616211,95.45652770996094,127.64583587646484,88.08740234375,127.53645324707031,84.22239685058594,-0.0009321490069851279,3.454526662826538,-0.01410150621086359,6.693973541259766,-0.026017723605036736,9.943497657775879,-0.04482164606451988,13.214351654052734
7726236930,0,127.90798950195312,115.25947570800781,127.6098861694336,95.51031494140625,127.51941680908203,88.1186752319336,127.40851593017578,84.2524185180664,-0.00251366151496768,3.4465558528900146,-0.019610268995165825,6.677744388580322,-0.035236261785030365,9.923428535461426,-0.0570521280169487,13.180991172790527
7751236930,0,127.99853515625,115.40464782714844,127.69947052001953,95.53333282470703,127.61298370361328,88.10557556152344,127.50666046142578,84.26323699951172,-3.9884642319520935e-05,3.4336905479431152,-0.015092259272933006,6.670821189880371,-0.028399039059877396,9.931825637817383,-0.04754353314638138,13.169011116027832
7776236930,0,128.015380859375,115.28583526611328,127.7828369140625,95.49674987792969,127.72628021240234,88.09576416015625,127.64268493652344,84.25606536865234,0.0004199382965452969,3.444213628768921,-0.010922671295702457,6.681829929351807,-0.020097646862268448,9.93812370300293,-0.034454893320798874,13.17695140838623
7801236931,0,127.9254379272461,115.41472625732422,127.6105728149414,95.51490783691406,127.53590393066406,88.09999084472656,127.45667266845703,84.25117492675781,-0.0020296985749155283,3.432800769805908,-0.019571930170059204,6.676362037658691,-0.03406692296266556,9.935409545898438,-0.05241244658827782,13.18237018585205
7826236931,0,127.8742446899414,115.44551849365234,127.53433227539062,95.51648712158203,127.4601821899414,88.0915298461914,127.39105987548828,84.23687744140625,-0.0034208339639008045,3.430084228515625,-0.023402074351906776,6.675886631011963,-0.03964610770344734,9.940844535827637,-0.05881046503782272,13.198240280151367
7851236931,0,127.86884307861328,115.34197998046875,127.54370880126953,95.50595092773438,127.47660827636719,88.10125732421875,127.41958618164062,84.2362289428711,-0.003576293122023344,3.4392337799072266,-0.02294113300740719,6.679057598114014,-0.03841648995876312,9.93459701538086,-0.05605841055512428,13.198960304260254
7876236932,0,127.90874481201172,115.38605499267578,127.6747055053711,95.51606750488281,127.59644317626953,88.08783721923828,127.50984954833984,84.23175811767578,-0.002485753735527396,3.435333728790283,-0.01634792797267437,6.676012992858887,-0.029645424336194992,9.943217277526855,-0.04735776036977768,13.203930854797363
7901236932,0,128.10177612304688,114.87329864501953,127.96946716308594,95.31649780273438,127.90220642089844,87.9913330078125,127.80220031738281,84.16631317138672,0.0028054958675056696,3.481203317642212,-0.0015475847758352757,6.736577033996582,-0.007227303925901651,10.005636215209961,-0.019213976338505745,13.27711009979248
7926236933,0,128.08700561523438,114.89173126220703,127.92212677001953,95.36168670654297,127.86538696289062,88.03690338134766,127.78459167480469,84.20257568359375,0.0023973106872290373,3.4795353412628174,-0.003939441405236721,6.72277307510376,-0.009920126758515835,9.976067543029785,-0.020862272009253502,13.236465454101562
7951236933,0,128.12521362304688,115.1149673461914,128.00222778320312,95.4045181274414,127.94142150878906,88.041259765625,127.85506439208984,84.21263122558594,0.0034322126302868128,3.4594483375549316,0.00011249257659073919,6.709737777709961,-0.004315691068768501,9.973250389099121,-0.014025440439581871,13.225237846374512
7976236933,0,128.0391387939453,115.1431884765625,127.85899353027344,95.39203643798828,127.77275848388672,88.01532745361328,127.67252349853516,84.17284393310547,0.0010721259750425816,3.456923723220825,-0.007123962976038456,6.713531494140625,-0.016768820583820343,9.990046501159668,-0.03179353103041649,13.269771575927734
8001236934,0,128.7381591796875,115.52999877929688,128.1095733642578,95.54589080810547,127.95316314697266,88.11302947998047,127.82499694824219,84.26387023925781,0.020040659233927727,3.4226510524749756,0.005499718710780144,6.667049884796143,-0.0034352720249444246,9.927045822143555,-0.016864316537976265,13.16831111907959
8026236934,0,129.24288940429688,116.26597595214844,128.33644104003906,95.89012145996094,128.17050170898438,88.3537826538086,128.03945922851562,84.44078063964844,0.03318280726671219,3.3590946197509766,0.01664336770772934,6.565221309661865,0.012321431189775467,9.775015830993652,0.003748448798432946,12.97536563873291
8051236934,0,129.25636291503906,115.83773040771484,128.46568298339844,95.62735748291016,128.3045654296875,88.1878890991211,128.12559509277344,84.33059692382812,0.03387019410729408,3.3958168029785156,0.0232930239289999,6.642683506011963,0.022235199809074402,9.879289627075195,0.012037580832839012,13.094886779785156
8076236935,0,129.78382873535156,117.94477081298828,128.5501708984375,96.94085693359375,128.38665771484375,89.19506072998047,128.2454376220703,85.13485717773438,0.04588467627763748,3.2217392921447754,0.026069749146699905,6.271782875061035,0.02657502144575119,9.27719783782959,0.022083424031734467,12.268580436706543
8101236935,0,130.00604248046875,118.6094741821289,128.6764373779297,97.01690673828125,128.4674530029297,89.14422607421875,128.31210327148438,85.03497314453125,0.050864703953266144,3.1700892448425293,0.031955428421497345,6.251501560211182,0.032223355025053024,9.305891990661621,0.028296899050474167,12.365657806396484
8126236936,0,129.4178466796875,116.16016387939453,128.5947265625,95.89955139160156,128.47576904296875,88.460205078125,128.36102294921875,84.58540344238281,0.03794453665614128,3.3681018352508545,0.029408862814307213,6.562473297119141,0.03415950760245323,9.709230422973633,0.03390145301818848,12.82166576385498
8151236936,0,129.2939453125,115.72235870361328,128.28131103515625,95.65908813476562,128.17880249023438,88.31816101074219,128.10723876953125,84.49126434326172,0.03497542068362236,3.4058327674865723,0.014052040874958038,6.633237361907959,0.012949500232934952,9.79722785949707,0.010146028362214565,12.921309471130371
8176236936,0,129.16696166992188,115.61531066894531,128.22267150878906,95.51820373535156,128.110107421875,88.17424011230469,128.02101135253906,84.34253692626953,0.031620465219020844,3.4151735305786133,0.011189511977136135,6.675370216369629,0.008045321330428123,9.887964248657227,0.0020118714310228825,13.081831932067871
8201236937,0,128.7466278076172,115.40373992919922,128.1084442138672,95.41419982910156,128.01513671875,88.0848159790039,127.91065216064453,84.24942016601562,0.020329544320702553,3.4337708950042725,0.005473658908158541,6.706798553466797,0.001112157478928566,9.945159912109375,-0.008620237000286579,13.184316635131836
8226236937,0,128.285400390625,114.85857391357422,128.1289520263672,95.23599243164062,128.10647583007812,87.9844970703125,128.0360107421875,84.16914367675781,0.007869868539273739,3.482536792755127,0.006558697205036879,6.761303424835205,0.007872318848967552,10.010087013244629,0.0034972180146723986,13.27392864227295
8251236937,0,128.25465393066406,114.87168884277344,128.07546997070312,95.25619506835938,128.05508422851562,87.99735260009766,127.98784637451172,84.17842864990234,0.007019892334938049,3.481349229812622,0.0038351835682988167,6.755082130432129,0.0040693944320082664,10.001720428466797,-0.0011794111924245954,13.263503074645996
8276236938,0,128.33932495117188,114.81693267822266,128.08193969726562,95.27650451660156,128.039794921875,88.02196502685547,127.96155548095703,84.19834899902344,0.009365929290652275,3.4863126277923584,0.004160324577242136,6.748839378356934,0.0029353678692132235,9.985742568969727,-0.0037246374413371086,13.241189956665039
8301236938,0,128.3512420654297,114.84317779541016,127.97152709960938,95.30593872070312,127.91656494140625,88.04367065429688,127.83778381347656,84.22506713867188,0.009688923135399818,3.4839320182800293,-0.001443828921765089,6.739810466766357,-0.006146041210740805,9.971691131591797,-0.015681715682148933,13.211377143859863
8326236939,0,128.18045043945312,114.58343505859375,127.86180877685547,95.18142700195312,127.8423843383789,87.97872161865234,127.80598449707031,84.17681884765625,0.005008041393011808,3.507622480392456,-0.007045161444693804,6.778160095214844,-0.011657568626105785,10.013849258422852,-0.018830128014087677,13.265310287475586
8351236939,0,128.0953369140625,114.41751098632812,127.94583892822266,95.11103057861328,127.928955078125,87.93875122070312,127.88764953613281,84.14578247070312,0.002656235359609127,3.5229079723358154,-0.0027696096803992987,6.800024509429932,-0.005267800763249397,10.039963722229004,-0.010932008735835552,13.300228118896484
8376236939,0,128.1864013671875,114.74532318115234,128.00804138183594,95.24645233154297,127.98194122314453,88.00621032714844,127.94499969482422,84.20523071289062,0.0051536052487790585,3.492823362350464,0.0004088129207957536,6.758080959320068,-0.0013333694078028202,9.995965003967285,-0.005325614474713802,13.233498573303223
8401236940,0,128.06590270996094,114.81559753417969,127.94491577148438,95.2329330444336,127.91415405273438,87.97748565673828,127.88053131103516,84.17610168457031,0.0018190803239122033,3.486433744430542,-0.0028020369354635477,6.762246131896973,-0.006349828559905291,10.014655113220215,-0.011595685966312885,13.266114234924316
8426236940,0,127.96417236328125,114.788330078125,127.8963851928711,95.22012329101562,127.88770294189453,87.97489929199219,127.86919403076172,84.17716979980469,-0.0009895630646497011,3.488910675048828,-0.005273608956485987,6.766197204589844,-0.008307701908051968,10.016341209411621,-0.012694974429905415,13.264915466308594
8451236940,0,127.8624496459961,114.86344146728516,127.79627990722656,95.2397689819336,127.8080825805664,87.98464965820312,127.80689239501953,84.18292999267578,-0.0037924975622445345,3.482095956802368,-0.01035983208566904,6.7601399421691895,-0.014189331792294979,10.009987831115723,-0.01873260922729969,13.258455276489258
8476236941,0,127.79291534423828,115.04630279541016,127.67042541503906,95.34724426269531,127.68135070800781,88.04730224609375,127.67579650878906,84.23412322998047,-0.005685421638190746,3.465604543685913,-0.016682792454957962,6.727179050445557,-0.02346721477806568,9.969344139099121,-0.03131810575723648,13.201301574707031
8501236941,0,127.67556762695312,115.25387573242188,127.50018310546875,95.43276977539062,127.49931335449219,88.08363342285156,127.50345611572266,84.2626724243164,-0.008864409290254116,3.447053909301758,-0.025207974016666412,6.701166152954102,-0.03679022938013077,9.945920944213867,-0.04785454273223877,13.169636726379395
8526236942,0,127.65038299560547,115.53176879882812,127.51324462890625,95.44606018066406,127.49529266357422,88.02815246582031,127.47142028808594,84.20381927490234,-0.009491544216871262,3.4224953651428223,-0.02453530766069889,6.697141170501709,-0.03721403703093529,9.981733322143555,-0.0511876679956913,13.235074996948242
8551236942,0,127.70455169677734,115.43932342529297,127.5766372680664,95.3732681274414,127.53649139404297,87.9761962890625,127.4941635131836,84.16389465332031,-0.008038019761443138,3.4306302070617676,-0.02140641026198864,6.719244003295898,-0.03428744152188301,10.015496253967285,-0.04914599657058716,13.279829025268555
8576236942,0,127.72673034667969,115.22915649414062,127.64054107666016,95.33854675292969,127.62432861328125,87.98059844970703,127.57833862304688,84.1636734008789,-0.0074707684107124805,3.449253559112549,-0.018202293664216995,6.729835510253906,-0.0277821384370327,10.012625694274902,-0.04096846655011177,13.280077934265137
8601236943,0,127.64154815673828,115.47866821289062,127.4899673461914,95.37938690185547,127.47110748291016,87.98455810546875,127.44121551513672,84.17375946044922,-0.009743280708789825,3.42716383934021,-0.025781935080885887,6.717380523681641,-0.039103660732507706,10.01004695892334,-0.054246317595243454,13.268744468688965
8626236943,0,127.47706604003906,115.63368225097656,127.30096435546875,95.43746948242188,127.26896667480469,88.0201416015625,127.24076080322266,84.21369934082031,-0.014163664542138577,3.413567543029785,-0.03524838760495186,6.699742317199707,-0.05392888933420181,9.98692512512207,-0.0734652578830719,13.224044799804688
8651236943,0,127.5076904296875,115.27617645263672,127.32125091552734,95.33946990966797,127.30723571777344,87.98839569091797,127.33108520507812,84.1839828491211,-0.013444357551634312,3.4450714588165283,-0.03436915948987007,6.72955322265625,-0.05120721831917763,10.007547378540039,-0.06488318741321564,13.257274627685547
8676236944,0,127.59326171875,115.14837646484375,127.4439926147461,95.29800415039062,127.42433166503906,87.9788589477539,127.42174530029297,84.17496490478516,-0.011140411719679832,3.4564599990844727,-0.028204115107655525,6.742242336273193,-0.042577214539051056,10.013760566711426,-0.05613091215491295,13.267390251159668
8701236944,0,127.76128387451172,114.8268814086914,127.67760467529297,95.2060775756836,127.686767578125,87.94993591308594,127.69486999511719,84.15850830078125,-0.006587428972125053,3.48540997505188,-0.016418658196926117,6.770535469055176,-0.02320910431444645,10.03264331817627,-0.029658913612365723,13.285888671875
8726236945,0,127.80660247802734,114.9488525390625,127.77297973632812,95.26393127441406,127.7510986328125,87.98333740234375,127.70448303222656,84.19499206542969,-0.005321695003658533,3.4743757247924805,-0.011532731354236603,6.7527031898498535,-0.018403923138976097,10.010841369628906,-0.028638584539294243,13.244945526123047
8751236945,0,127.77325439453125,114.8326187133789,127.7437744140625,95.26404571533203,127.7317123413086,87.987060546875,127.70111846923828,84.20592498779297,-0.006256261374801397,3.484889268875122,-0.013016309589147568,6.752667427062988,-0.019832739606499672,10.008417129516602,-0.028938699513673782,13.232723236083984
8776236945,0,127.81781768798828,114.93487548828125,127.82282257080078,95.3156509399414,127.82917785644531,88.00892639160156,127.8002700805664,84.22502899169922,-0.005014719441533089,3.4756369590759277,-0.008980726823210716,6.736836910247803,-0.012610508129000664,9.994200706481934,-0.019308291375637054,13.211419105529785
8801236946,0,127.76652526855469,115.01790618896484,127.80611419677734,95.33937072753906,127.78160858154297,88.01329040527344,127.7224349975586,84.20271301269531,-0.006414181552827358,3.468156337738037,-0.009817649610340595,6.729583740234375,-0.016117796301841736,9.991368293762207,-0.026881838217377663,13.236311912536621
8826236946,0,127.97333526611328,114.74040985107422,128.01022338867188,95.2533950805664,127.97867584228516,87.99040222167969,127.89641571044922,84.20609283447266,-0.0007373084663413465,3.4932708740234375,0.0005195880075916648,6.755943775177002,-0.0015760250389575958,10.006241798400879,-0.010029236786067486,13.232536315917969
8851236946,0,128.08270263671875,114.64208221435547,128.17239379882812,95.2078628540039,128.15574645996094,87.97842407226562,128.06715393066406,84.1896743774414,0.002292089397087693,3.5022480487823486,0.00877884030342102,6.769983768463135,0.011519532650709152,10.014042854309082,0.0065107340924441814,13.250897407531738
8876236947,0,128.2592010498047,114.72402954101562,128.2393341064453,95.2580795288086,128.2278289794922,88.03133392333984,128.158203125,84.2607192993164,0.007169934920966625,3.4947636127471924,0.012161338701844215,6.754502296447754,0.016795383766293526,9.9796724319458,0.01524929329752922,13.171796798706055
8901236947,0,128.25584411621094,114.6623764038086,128.23394775390625,95.26179504394531,128.2261962890625,88.03169250488281,128.16921997070312,84.2442398071289,0.007087303325533867,3.500391721725464,0.011885742656886578,6.753360271453857,0.016674650833010674,9.979440689086914,0.016333170235157013,13.190064430236816
8926236947,0,128.17832946777344,114.72773742675781,128.20074462890625,95.25016784667969,128.19810485839844,87.99748992919922,128.125244140625,84.2053451538086,0.0049324631690979,3.4944255352020264,0.010203953832387924,6.756937503814697,0.014635039493441582,10.001631736755371,0.012127128429710865,13.233370780944824
8951236948,0,128.07855224609375,114.81462860107422,128.0970458984375,95.29285430908203,128.10951232910156,88.03783416748047,128.06935119628906,84.24727630615234,0.002168288454413414,3.4865219593048096,0.00492385309189558,6.743821144104004,0.008069896139204502,9.975465774536133,0.006692140828818083,13.186694145202637
8976236948,0,128.2792205810547,115.27111053466797,128.22738647460938,95.49729919433594,128.2064971923828,88.17230224609375,128.1575469970703,84.36906433105469,0.007626056671142578,3.445521593093872,0.011436610482633114,6.68166446685791,0.015090127475559711,9.889196395874023,0.015053030103445053,13.05291748046875
9001236949,0,128.28958129882812,115.43685150146484,128.2345428466797,95.674560546875,128.21202087402344,88.34562683105469,128.16114807128906,84.55210876464844,0.00787885021418333,3.4308483600616455,0.011708220466971397,6.628641128540039,0.015329490415751934,9.7800931930542,0.015172566287219524,12.856736183166504
9026236949,0,128.36415100097656,115.56027221679688,128.27003479003906,95.7505111694336,128.25828552246094,88.40609741210938,128.21482849121094,84.60833740234375,0.009879650548100471,3.4199941158294678,0.013436847366392612,6.606164455413818,0.01860567182302475,9.742569923400879,0.020136535167694092,12.797616958618164
9051236949,0,128.3671875,116.09864044189453,128.2587127685547,96.01892852783203,128.2372283935547,88.61271667480469,128.17498779296875,84.79766845703125,0.009840412996709347,3.373358726501465,0.012729602865874767,6.527868747711182,0.016876274719834328,9.616422653198242,0.016159484162926674,12.602367401123047
9076236950,0,128.3324432373047,116.27589416503906,128.25413513183594,96.08737182617188,128.22439575195312,88.64337921142578,128.15194702148438,84.81488800048828,0.008873619139194489,3.3582522869110107,0.012468835338950157,6.508183479309082,0.015933960676193237,9.597970008850098,0.014012900181114674,12.5848970413208
9101236950,0,128.349365234375,116.48844909667969,128.22979736328125,96.19422912597656,128.18316650390625,88.73289489746094,128.10116577148438,84.89273071289062,0.009280749596655369,3.340296506881714,0.01122493576258421,6.477672576904297,0.01293676346540451,9.54448413848877,0.0092734070494771,12.506497383117676
9126236950,0,128.30828857421875,117.00883483886719,128.13514709472656,96.51402282714844,128.08724975585938,88.99757385253906,128.01010131835938,85.11529541015625,0.008094877935945988,3.2970516681671143,0.006515425629913807,6.387951374053955,0.00606635631993413,9.389632225036621,0.0009102288750000298,12.2874755859375
9151236951,0,128.24412536621094,117.41527557373047,128.079345703125,96.7837905883789,128.03211975097656,89.24136352539062,127.95931243896484,85.3458023071289,0.0063527473248541355,3.263965129852295,0.0037836097180843353,6.314065456390381,0.002201664727181196,9.251209259033203,-0.0036030279006808996,12.068340301513672
9176236951,0,128.19534301757812,117.40435028076172,128.03529357910156,96.74423217773438,127.9897232055664,89.1729965209961,127.91988372802734,85.27098846435547,0.005084532778710127,3.2648468017578125,0.0016856692964211106,6.324799060821533,-0.000707232509739697,9.289630889892578,-0.007134575862437487,12.138629913330078
9201236952,0,128.10215759277344,117.41104125976562,127.96035766601562,96.69913482666016,127.91931915283203,89.10223388671875,127.8520736694336,85.2052993774414,0.00265864166431129,3.2643067836761475,-0.001896828762255609,6.337077617645264,-0.005575299728661776,9.32972240447998,-0.013238776475191116,12.201001167297363
9226236952,0,128.06553649902344,117.74540710449219,127.92882537841797,96.66738891601562,127.87965393066406,89.01629638671875,127.80020141601562,85.13151550292969,0.001693114871159196,3.2375235557556152,-0.0034099863842129707,6.345747947692871,-0.00835829135030508,9.378861427307129,-0.017981594428420067,12.271804809570312
9251236952,0,127.96711730957031,118.23955535888672,127.8131103515625,96.64983367919922,127.7621841430664,88.88856506347656,127.67044830322266,84.9828872680664,-0.000840435444843024,3.198650360107422,-0.008960286155343056,6.350552082061768,-0.016641737893223763,9.45281982421875,-0.02999873086810112,12.416871070861816
9276236953,0,127.85211181640625,118.4893798828125,127.62532806396484,96.77568817138672,127.55608367919922,88.97212219238281,127.46487426757812,85.0451889038086,-0.0037595026660710573,3.179311990737915,-0.017872121185064316,6.316261291503906,-0.03091118112206459,9.404313087463379,-0.048479270190000534,12.355659484863281
9301236953,0,127.84236907958984,118.31179809570312,127.57893371582031,96.78130340576172,127.50128173828125,88.95978546142578,127.41313171386719,85.02485656738281,-0.004022540524601936,3.1930365562438965,-0.02008061297237873,6.31473970413208,-0.034752458333969116,9.411444664001465,-0.053249847143888474,12.37557315826416
9326236953,0,127.80999755859375,117.97882080078125,127.63731384277344,96.74938201904297,127.53974914550781,88.96981048583984,127.4284896850586,85.04171752929688,-0.004883734043687582,3.219057321548462,-0.017318779602646828,6.323400020599365,-0.03205296769738197,9.405648231506348,-0.051789287477731705,12.359055519104004
9351236954,0,127.82997131347656,117.87178802490234,127.56226348876953,96.73368835449219,127.44139099121094,88.98744201660156,127.34278106689453,85.06700134277344,-0.004380535334348679,3.22750186920166,-0.02091580256819725,6.32766580581665,-0.03886248916387558,9.395471572875977,-0.059440817683935165,12.334367752075195
9376236954,0,127.8003158569336,118.44449615478516,127.4509506225586,96.76589965820312,127.29443359375,88.9129867553711,127.17777252197266,84.95869445800781,-0.0050811260007321835,3.1827709674835205,-0.026200400665402412,6.318915843963623,-0.049302417784929276,9.438592910766602,-0.07498621195554733,12.440800666809082
9401236955,0,127.68057250976562,119.30126953125,127.20274353027344,96.97630310058594,127.04717254638672,89.02301025390625,126.9485092163086,85.02812957763672,-0.007980868220329285,3.117875814437866,-0.037724241614341736,6.262314796447754,-0.06614980846643448,9.375004768371582,-0.0953836739063263,12.372363090515137
9426236955,0,127.73648834228516,120.525390625,127.07952880859375,97.33081817626953,126.87106323242188,89.17483520507812,126.76589965820312,85.08798217773438,-0.006417729891836643,3.02913236618042,-0.042944904416799545,6.169073104858398,-0.07768330723047256,9.288594245910645,-0.11143673956394196,12.313953399658203
9451236955,0,128.052001953125,121.38714599609375,127.22441864013672,97.80521392822266,127.01051330566406,89.45252990722656,126.91128540039062,85.2770004272461,0.0012443895684555173,2.9692976474761963,-0.0355198010802269,6.048308849334717,-0.0670042335987091,9.134434700012207,-0.09690913558006287,12.132951736450195
9476236956,0,128.24606323242188,121.89498901367188,127.38742065429688,97.90138244628906,127.19743347167969,89.48558044433594,127.11444091796875,85.2940902709961,0.005828280467540026,2.935004234313965,-0.027950530871748924,6.024367332458496,-0.05424398556351662,9.116412162780762,-0.0787244439125061,12.116840362548828
9501236956,0,128.31585693359375,122.1168212890625,127.4688720703125,98.10649108886719,127.33871459960938,89.63771057128906,127.31576538085938,85.40867614746094,0.007448306307196617,2.9202423095703125,-0.024043697863817215,5.973893165588379,-0.044309552758932114,9.034331321716309,-0.06030728295445442,12.009875297546387
9526236956,0,128.37808227539062,122.87600708007812,127.52317810058594,98.39932250976562,127.4123764038086,89.81365966796875,127.40868377685547,85.51217651367188,0.008782616816461086,2.870696544647217,-0.02134587988257408,5.903192043304443,-0.03898492828011513,8.941146850585938,-0.05171841010451317,11.91481876373291
9551236957,0,128.32383728027344,123.50951385498047,127.38349151611328,98.723388671875,127.27313995361328,90.01387786865234,127.2758560180664,85.65352630615234,0.007430020719766617,2.8304708003997803,-0.027264539152383804,5.826754570007324,-0.04768636077642441,8.837322235107422,-0.06268025189638138,11.787327766418457
9576236957,0,128.18003845214844,122.62857055664062,127.43970489501953,98.65882873535156,127.31755828857422,90.08150482177734,127.31053924560547,85.74254608154297,0.004202621057629585,2.88668155670166,-0.024838559329509735,5.84183406829834,-0.04460480436682701,8.802773475646973,-0.05929157882928848,11.708382606506348
9601236958,0,128.2073211669922,123.09014129638672,127.41785430908203,99.08245086669922,127.29745483398438,90.4052734375,127.27841186523438,85.99691772460938,0.004795757122337818,2.8569881916046143,-0.025403546169400215,5.744199752807617,-0.04511101543903351,8.640887260437012,-0.06092669442296028,11.48833179473877
9626236958,0,128.63551330566406,123.671142578125,127.69597625732422,99.7094955444336,127.56952667236328,90.86573791503906,127.53913879394531,86.35516357421875,0.014535408467054367,2.820366144180298,-0.012966702692210674,5.605161666870117,-0.026966406032443047,8.420222282409668,-0.0379413366317749,11.19164752960205
9651236958,0,129.1215057373047,124.2461166381836,127.92587280273438,100.04610443115234,127.7601318359375,91.13445281982422,127.6810531616211,86.58641815185547,0.025368694216012955,2.7849254608154297,-0.0031236018985509872,5.533087730407715,-0.014815188944339752,8.296355247497559,-0.02584165148437023,11.007872581481934
9676236959,0,129.49105834960938,125.31570434570312,128.04946899414062,100.51915740966797,127.87047576904297,91.46793365478516,127.793212890625,86.82164764404297,0.033051420003175735,2.721031427383423,0.0020499678794294596,5.434674263000488,-0.007862882688641548,8.147388458251953,-0.016488365828990936,10.826822280883789
9701236959,0,129.60287475585938,125.81045532226562,128.0606689453125,100.91903686523438,127.88343811035156,91.80899047851562,127.83604431152344,87.09573364257812,0.03520331531763077,2.692335605621338,0.002479323884472251,5.353995323181152,-0.0069541628472507,8.000226020812988,-0.012835797853767872,10.622981071472168
9726236959,0,129.4336395263672,127.26691436767578,128.07821655273438,101.53887176513672,127.86915588378906,92.17351531982422,127.79056549072266,87.33964538574219,0.03065670095384121,2.6108429431915283,0.0031293591018766165,5.233254432678223,-0.007665195502340794,7.848437786102295,-0.01613554172217846,10.447708129882812
9751236960,0,129.42942810058594,127.93548583984375,128.12197875976562,101.89915466308594,127.89208221435547,92.43203735351562,127.78785705566406,87.5295639038086,0.030201293528079987,2.5748555660247803,0.004821430891752243,5.165374279022217,-0.006242118310183287,7.744072437286377,-0.01614432968199253,10.315047264099121
9776236960,0,129.57794189453125,128.20774841308594,128.10064697265625,102.34252166748047,127.8453369140625,92.81770324707031,127.71442413330078,87.82990264892578,0.033177636563777924,2.560445547103882,0.003920122981071472,5.084053039550781,-0.008780201897025108,7.593196392059326,-0.021320326253771782,10.111750602722168
9801236961,0,129.5152130126953,127.94172668457031,128.08734130859375,102.5560302734375,127.82923126220703,93.06118774414062,127.69021606445312,88.0422592163086,0.03201020881533623,2.574523687362671,0.003378107212483883,5.045733451843262,-0.009582441300153732,7.500788688659668,-0.022821489721536636,9.972603797912598
9826236961,0,129.71588134765625,129.4684295654297,128.10202026367188,103.52094268798828,127.8077392578125,93.66558837890625,127.66613006591797,88.39384460449219,0.035286497324705124,2.4955027103424072,0.0038250568322837353,4.879029750823975,-0.010487470775842667,7.280381679534912,-0.024068394675850868,9.750150680541992
9851236961,0,130.20889282226562,130.8793487548828,128.10626220703125,104.7003402709961,127.81599426269531,94.54883575439453,127.73824310302734,89.05490112304688,0.04433658719062805,2.4261178970336914,0.003840406658127904,4.688632011413574,-0.00964401476085186,6.9795379638671875,-0.018138425424695015,9.35672664642334
9876236962,0,130.20245361328125,133.41506958007812,128.1037139892578,105.6939697265625,127.82051086425781,95.02543640136719,127.79125213623047,89.34178161621094,0.042382098734378815,2.3094325065612793,0.003637774847447872,4.53856897354126,-0.009212573990225792,6.8267903327941895,-0.014225874096155167,9.19532299041748
9901236962,0,130.30580139160156,133.98748779296875,128.14535522460938,106.24423217773438,127.84872436523438,95.43051147460938,127.85517883300781,89.64399719238281,0.043961092829704285,2.284412384033203,0.005016419570893049,4.459212303161621,-0.007630234118551016,6.701850414276123,-0.009700312279164791,9.030969619750977
9926236962,0,130.2843475341797,134.25392150878906,128.25076293945312,106.2766342163086,127.94866180419922,95.47671508789062,127.9471206665039,89.73648834228516,0.04336567223072052,2.272923707962036,0.008646012283861637,4.45461893081665,-0.0025843654293566942,6.687873840332031,-0.003523457096889615,8.981789588928223
9951236963,0,129.70985412597656,138.08168029785156,128.44610595703125,108.58615112304688,128.11988830566406,96.33432006835938,128.2251739501953,89.74586486816406,0.030579376965761185,2.118095636367798,0.01441026572138071,4.148169040679932,0.005822483450174332,6.438078880310059,0.014995867386460304,8.976832389831543
9976236963,0,128.78024291992188,139.15142822265625,128.4134979248047,110.53462219238281,128.07701110839844,97.50405883789062,128.12265014648438,90.5435562133789,0.013731729239225388,2.0779812335968018,0.012681565247476101,3.91819429397583,0.0035685740876942873,6.124451160430908,0.007816740311682224,8.573468208312988
10001236964,0,129.00717163085938,139.73159790039062,128.80419921875,112.32440948486328,128.39352416992188,98.57636260986328,128.37652587890625,91.35445404052734,0.017573684453964233,2.056755781173706,0.023569276556372643,3.726532459259033,0.017499534413218498,5.861202716827393,0.022991353645920753,8.197504043579102
10026236964,0,128.55906677246094,140.0059051513672,128.8159637451172,114.22252655029297,128.48941040039062,99.51338195800781,128.46461486816406,92.0150146484375,0.009715556167066097,2.0468461513519287,0.022839011624455452,3.5410239696502686,0.021022282540798187,5.647965908050537,0.027433916926383972,7.913757801055908
10051236964,0,127.0925521850586,140.20608520507812,128.22943115234375,119.22976684570312,128.34352111816406,102.81024169921875,128.49742126464844,94.76448822021484,-0.015723498538136482,2.0396647453308105,0.0057409959845244884,3.123201608657837,0.013176770880818367,5.0008015632629395,0.025823617354035378,6.909630298614502
10076236965,0,126.19296264648438,140.3088836669922,127.68950653076172,124.48162841796875,127.84707641601562,106.82888793945312,127.99784851074219,98.4184341430664,-0.03126371651887894,2.0359933376312256,-0.006991909351199865,2.7706329822540283,-0.0051890211179852486,4.377642631530762,-9.624601079849526e-05,5.898632049560547
10101236965,0,125.0687484741211,140.41360473632812,127.0295181274414,130.09649658203125,127.41740417480469,110.70612335205078,127.48269653320312,101.09269714355469,-0.05063621327280998,2.032264471054077,-0.019741861149668694,2.464200019836426,-0.017788460478186607,3.8990612030029297,-0.02101416140794754,5.319648265838623
10126236965,0,125.25514221191406,140.3869171142578,127.07740783691406,129.77850341796875,127.25479888916016,111.39463806152344,127.26168060302734,101.88789367675781,-0.04743484407663345,2.0332138538360596,-0.018870964646339417,2.479963779449463,-0.022355636581778526,3.823925018310547,-0.029194403439760208,5.167471408843994
10151236966,0,125.14112091064453,140.4016876220703,127.08892822265625,132.78329467773438,127.12845611572266,114.95964813232422,127.03813934326172,103.89210510253906,-0.04939461871981621,2.0326883792877197,-0.01771409809589386,2.3375942707061768,-0.02397613599896431,3.473402261734009,-0.03564344346523285,4.817592144012451
10176236966,0,125.89234924316406,140.38893127441406,127.8772964477539,131.7002716064453,127.65467834472656,113.32920837402344,127.4316635131836,102.75303649902344,-0.03642197325825691,2.03314208984375,-0.0024290222208946943,2.3872568607330322,-0.009874551557004452,3.6262083053588867,-0.021840780973434448,5.010847091674805
10201236966,0,126.16566467285156,140.43832397460938,127.9627456665039,134.43771362304688,127.73443603515625,116.05132293701172,127.51885223388672,103.62452697753906,-0.031675972044467926,2.031385898590088,-0.0007051483262330294,2.2650558948516846,-0.007124605588614941,3.3774118423461914,-0.017980637028813362,4.861738681793213
10226236967,0,124.7716293334961,140.42616271972656,127.2305679321289,134.09957885742188,127.40461730957031,116.19979858398438,127.3016357421875,104.0471420288086,-0.05575859919190407,2.031818151473999,-0.01464307401329279,2.279567003250122,-0.01591939479112625,3.364722728729248,-0.025753919035196304,4.7923502922058105
10251236967,0,124.45077514648438,140.4563446044922,126.54513549804688,135.43429565429688,126.62239074707031,117.84884643554688,126.81407165527344,104.11032104492188,-0.061273179948329926,2.0307459831237793,-0.027104979380965233,2.223186492919922,-0.035509806126356125,3.2293169498443604,-0.04364800825715065,4.782134056091309
10276236968,0,125.53730010986328,140.52801513671875,126.50062561035156,138.2511749267578,126.13605499267578,124.32487487792969,126.33769226074219,106.0129165649414,-0.04247114434838295,2.0282037258148193,-0.026746509596705437,2.1116533279418945,-0.04209936410188675,2.7801315784454346,-0.05775880441069603,4.492258548736572
10301236968,0,126.0727767944336,140.52716064453125,126.5018310546875,138.48687744140625,126.18309020996094,126.61432647705078,126.58246612548828,108.74305725097656,-0.033236853778362274,2.0282340049743652,-0.02663026750087738,2.1027493476867676,-0.03931673243641853,2.6468193531036377,-0.04559411481022835,4.128746509552002
10326236968,0,127.7621841430664,140.5308380126953,127.34126281738281,138.8932342529297,126.7376708984375,129.37156677246094,127.10165405273438,111.32351684570312,-0.004101147875189781,2.028103828430176,-0.01163806114345789,2.087545871734619,-0.02600318379700184,2.5003912448883057,-0.026998642832040787,3.831564426422119
10351236969,0,129.6457061767578,140.56564331054688,128.15179443359375,139.50982666015625,127.12556457519531,132.4290771484375,127.28741455078125,112.28573608398438,0.028365887701511383,2.0268712043762207,0.002657293574884534,2.064826250076294,-0.017101429402828217,2.3536410331726074,-0.020904332399368286,3.7304940223693848
10376236969,0,131.2314910888672,140.6166534423828,128.7972869873047,139.9569549560547,127.34589385986328,135.47189331054688,127.6729965209961,113.519775390625,0.05565755069255829,2.025067090988159,0.013865368440747261,2.0486087799072266,-0.012179162353277206,2.221632719039917,-0.009307820349931717,3.6077284812927246
10401236969,0,131.74302673339844,140.66030883789062,128.7307586669922,140.1781768798828,127.02325439453125,137.19143676757812,128.09446716308594,113.4505615234375,0.06442698836326599,2.0235252380371094,0.012667159549891949,2.040663480758667,-0.01770685985684395,2.152482271194458,0.0026934014167636633,3.6144204139709473
10426236970,0,131.92138671875,140.67684936523438,128.6725616455078,140.25311279296875,126.81227111816406,137.94720458984375,127.99771881103516,113.54246520996094,0.06748075038194656,2.0229413509368896,0.011645558290183544,2.0379838943481445,-0.02128489874303341,2.123230457305908,-6.489625229733065e-05,3.605539321899414
10451236970,0,131.8885498046875,140.69435119628906,128.5532989501953,140.33865356445312,126.68663787841797,138.96432495117188,127.56405639648438,117.29747772216797,0.0668986365199089,2.0223240852355957,0.009568504057824612,2.0349321365356445,-0.023178836330771446,2.084904909133911,-0.011373834684491158,3.273493528366089
10476236971,0,131.82977294921875,140.7014617919922,128.4611053466797,140.36810302734375,126.61195373535156,139.28204345703125,127.4415512084961,119.33970642089844,0.06588061898946762,2.02207350730896,0.007970714941620827,2.0338833332061768,-0.02438122034072876,2.0731709003448486,-0.013941465876996517,3.1150193214416504
10501236971,0,131.09764099121094,140.74697875976562,128.434814453125,140.52716064453125,127.19686126708984,140.38636779785156,127.77561950683594,139.49600219726562,0.05325103923678398,2.0204696655273438,0.0074988012202084064,2.0282340049743652,-0.01387943048030138,2.033233165740967,-0.003928779624402523,2.065330982208252
10526236971,0,130.16322326660156,140.78074645996094,128.3502197265625,140.6101531982422,127.58912658691406,140.53321838378906,127.92543029785156,140.4622344970703,0.037169359624385834,2.0192813873291016,0.006032576784491539,2.025296926498413,-0.007085288409143686,2.028019428253174,-0.0012872472871094942,2.0305368900299072
10551236972,0,129.56884765625,140.7974395751953,128.2670440673828,140.64505004882812,127.73316955566406,140.5808868408203,127.9704360961914,140.53184509277344,0.02695002220571041,2.0186944007873535,0.00459752744063735,2.0240638256073,-0.004598147701472044,2.026331663131714,-0.0005098236724734306,2.0280680656433105
10576236972,0,130.17706298828125,140.790771484375,128.3625030517578,140.62472534179688,127.59972381591797,140.54981994628906,127.95966339111328,140.48348999023438,0.0374017097055912,2.0189290046691895,0.006242833100259304,2.0247819423675537,-0.006900873500853777,2.0274314880371094,-0.0006960880127735436,2.02978253364563
10601236972,0,130.0318145751953,140.7855682373047,128.34103393554688,140.619384765625,127.64434814453125,140.54542541503906,127.98524475097656,140.48109436035156,0.034908998757600784,2.0191118717193604,0.005873560439795256,2.024970531463623,-0.006131930276751518,2.0275869369506836,-0.00025463991914875805,2.029867649078369
10626236973,0,129.7532196044922,140.78562927246094,128.30123901367188,140.62521362304688,127.71973419189453,140.55645751953125,128.00791931152344,140.50144958496094,0.03012237511575222,2.0191097259521484,0.00518773915246129,2.0247645378112793,-0.004831393249332905,2.0271964073181152,0.00013662756828125566,2.0291454792022705
10651236973,0,129.3689727783203,140.7891845703125,128.25003051757812,140.63723754882812,127.81098937988281,140.5749969482422,128.01345825195312,140.52955627441406,0.023519350215792656,2.018984794616699,0.004305105656385422,2.0243396759033203,-0.003257399657741189,2.0265402793884277,0.00023209267237689346,2.028149366378784
10676236974,0,128.54721069335938,140.8019256591797,128.16712951660156,140.66763305664062,127.99909973144531,140.61729431152344,128.04376220703125,140.58570861816406,0.009399497881531715,2.0185368061065674,0.002876416314393282,2.0232667922973633,-1.550561864860356e-05,2.0250444412231445,0.0007540779188275337,2.0261611938476562
10701236974,0,128.31040954589844,140.80967712402344,128.20843505859375,140.68280029296875,128.1648712158203,140.6367645263672,128.20632934570312,140.6096649169922,0.005331337917596102,2.0182642936706543,0.003586521139368415,2.0227315425872803,0.0028388253413140774,2.0243563652038574,0.0035540731623768806,2.0253140926361084
10726236974,0,128.2021942138672,140.81619262695312,128.19625854492188,140.6936798095703,128.20846557617188,140.65017700195312,128.243896484375,140.62510681152344,0.0034723919816315174,2.018035411834717,0.0033764666877686977,2.022347927093506,0.003588750958442688,2.0238828659057617,0.004200230818241835,2.024768352508545
10751236975,0,128.1840362548828,140.82095336914062,128.1948699951172,140.701171875,128.22946166992188,140.65904235839844,128.24984741210938,140.6351776123047,0.003160336520522833,2.0178680419921875,0.003352212021127343,2.0220837593078613,0.003949690610170364,2.0235698223114014,0.00430208258330822,2.0244126319885254
10776236975,0,128.20263671875,140.81796264648438,128.2014923095703,140.6968994140625,128.23226928710938,140.6541748046875,128.24887084960938,140.62997436523438,0.003479901934042573,2.0179731845855713,0.003466346301138401,2.0222342014312744,0.003998300991952419,2.0237417221069336,0.004285592120140791,2.0245964527130127
10801236975,0,128.2080841064453,140.81739807128906,128.2008056640625,140.6964111328125,128.23365783691406,140.65380859375,128.24295043945312,140.6297607421875,0.003573479363694787,2.0179929733276367,0.003454558551311493,2.022251605987549,0.004022224806249142,2.023754596710205,0.004183655139058828,2.024604082107544
10826236976,0,128.21185302734375,140.821044921875,128.20108032226562,140.7024383544922,128.2287139892578,140.66127014160156,128.23423767089844,140.6382293701172,0.0036380114033818245,2.017864942550659,0.0034589797724038363,2.0220389366149902,0.003936693072319031,2.023491382598877,0.004033121280372143,2.0243046283721924
10851236976,0,128.215576171875,140.8213653564453,128.2068634033203,140.703369140625,128.234130859375,140.6626739501953,128.2410430908203,140.63992309570312,0.003701929235830903,2.0178537368774414,0.003558412427082658,2.0220062732696533,0.004029847681522369,2.023441791534424,0.004150195047259331,2.024244785308838
10876236977,0,128.2299346923828,140.822998046875,128.2139129638672,140.70538330078125,128.23973083496094,140.6646728515625,128.24398803710938,140.64190673828125,0.003948403522372246,2.017796277999878,0.0036795693449676037,2.021935224533081,0.004126113373786211,2.0233712196350098,0.004200778901576996,2.024174928665161
10901236977,0,128.23097229003906,140.82582092285156,128.21942138671875,140.70921325683594,128.24600219726562,140.6687774658203,128.25009155273438,140.6461944580078,0.003966058604419231,2.0176970958709717,0.003774110460653901,2.0218002796173096,0.004233799874782562,2.023226261138916,0.0043055955320596695,2.0240235328674316
10926236977,0,128.2247314453125,140.8271942138672,128.21571350097656,140.71124267578125,128.2416229248047,140.67112731933594,128.24598693847656,140.64866638183594,0.0038588191382586956,2.017648935317993,0.003710224060341716,2.021728515625,0.004158288240432739,2.0231432914733887,0.004234777297824621,2.0239362716674805
10951236978,0,128.22312927246094,140.8268280029297,128.21957397460938,140.71047973632812,128.24557495117188,140.67005920410156,128.24826049804688,140.6474609375,0.003831328824162483,2.0176615715026855,0.0037766655441373587,2.0217556953430176,0.004226367454975843,2.0231809616088867,0.0042739929631352425,2.0239787101745605
10976236978,0,128.21937561035156,140.82823181152344,128.21566772460938,140.7124786376953,128.24197387695312,140.67233276367188,128.24472045898438,140.64987182617188,0.0037667984142899513,2.0176124572753906,0.0037093700375407934,2.0216851234436035,0.004164255224168301,2.0231008529663086,0.004212900064885616,2.0238935947418213
11001236978,0,128.2130126953125,140.82843017578125,128.21348571777344,140.7128448486328,128.2405548095703,140.67279052734375,128.2433319091797,140.65040588378906,0.003657533321529627,2.0176055431365967,0.00367182120680809,2.021672248840332,0.004139806143939495,2.0230846405029297,0.004188963677734137,2.0238747596740723
11026236979,0,128.20999145507812,140.8301239013672,128.21522521972656,140.71531677246094,128.24398803710938,140.67556762695312,128.24777221679688,140.65338134765625,0.003605568315833807,2.0175459384918213,0.003701606532558799,2.02158522605896,0.004198719747364521,2.022986650466919,0.00426521897315979,2.0237698554992676
11051236979,0,128.21836853027344,140.83016967773438,128.21766662597656,140.71527099609375,128.2451934814453,140.67547607421875,128.24839782714844,140.65322875976562,0.0037494003772735596,2.0175442695617676,0.0037435980048030615,2.0215866565704346,0.004219470079988241,2.0229899883270264,0.004275997634977102,2.023775100708008
11076236980,0,128.21499633789062,140.82920837402344,128.2171173095703,140.71400451660156,128.2442169189453,140.6741180419922,128.2481231689453,140.6518096923828,0.003691551275551319,2.017578125,0.00373421935364604,2.0216312408447266,0.004202747717499733,2.023037910461426,0.004271357785910368,2.023825168609619
11101236980,0,128.2150421142578,140.8299560546875,128.2139892578125,140.71502685546875,128.2412109375,140.6752471923828,128.245361328125,140.65301513671875,0.003692297264933586,2.017551898956299,0.0036803651601076126,2.0215952396392822,0.004150949418544769,2.022998094558716,0.004223740193992853,2.023782730102539
11126236980,0,128.21817016601562,140.82835388183594,128.21554565429688,140.71278381347656,128.24203491210938,140.67276000976562,128.24505615234375,140.65036010742188,0.0037460937164723873,2.017608165740967,0.003707254072651267,2.021674394607544,0.00416527921333909,2.023085594177246,0.004218649584800005,2.023876428604126
11151236981,0,128.2169189453125,140.8289031982422,128.21629333496094,140.71380615234375,128.24172973632812,140.6741180419922,128.2455291748047,140.65188598632812,0.0037245796993374825,2.0175888538360596,0.0037200581282377243,2.0216381549835205,0.0041599455289542675,2.023037910461426,0.004226698540151119,2.023822546005249
11176236981,0,128.22181701660156,140.82638549804688,128.21449279785156,140.71009826660156,128.23863220214844,140.66983032226562,128.24285888671875,140.64730834960938,0.0038088210858404636,2.0176773071289062,0.003689289791509509,2.0217690467834473,0.004106895998120308,2.023189067840576,0.004181009251624346,2.02398419380188
11201236981,0,128.2224884033203,140.82740783691406,128.21778869628906,140.71170043945312,128.24188232421875,140.67178344726562,128.246826171875,140.64942932128906,0.0038202921859920025,2.017641305923462,0.0037458923179656267,2.0217125415802,0.00416271248832345,2.023120164871216,0.004249177873134613,2.023909330368042
11226236982,0,128.22459411621094,140.82728576660156,128.2161407470703,140.71128845214844,128.24095153808594,140.67108154296875,128.24658203125,140.64859008789062,0.0038564561400562525,2.0176455974578857,0.0037175703328102827,2.0217270851135254,0.004146736580878496,2.0231449604034424,0.004245026968419552,2.0239388942718506
11251236982,0,128.22930908203125,140.82655334472656,128.22073364257812,140.71031188964844,128.24488830566406,140.6700439453125,128.25027465820312,140.6475067138672,0.00393745768815279,2.0176713466644287,0.003796620760113001,2.021761417388916,0.004214551765471697,2.023181676864624,0.004308664705604315,2.023977041244507
11276236983,0,128.22378540039062,140.82814025878906,128.2166290283203,140.7124786376953,128.2423553466797,140.67237854003906,128.24832153320312,140.6499481201172,0.0038425219245254993,2.017615556716919,0.0037259040400385857,2.0216851234436035,0.004170816857367754,2.023099184036255,0.004274888429790735,2.023890972137451
11301236983,0,128.22640991210938,140.8260955810547,128.2177276611328,140.70953369140625,128.24392700195312,140.66903686523438,128.2506561279297,140.64637756347656,0.003887701779603958,2.0176873207092285,0.003744960529729724,2.0217888355255127,0.004198068752884865,2.02321720123291,0.004315303638577461,2.024017095565796
11326236983,0,128.22540283203125,140.8282012939453,128.2178497314453,140.7125701904297,128.24368286132812,140.67251586914062,128.25071716308594,140.65008544921875,0.0038702907040715218,2.017613410949707,0.0037468948867172003,2.021682024002075,0.004193654749542475,2.023094415664673,0.004316121339797974,2.023886203765869
11351236984,0,128.2224884033203,140.8270263671875,128.2156982421875,140.7108612060547,128.24156188964844,140.6705780029297,128.2482452392578,140.6480255126953,0.003820313373580575,2.0176546573638916,0.0037099826149642467,2.021742105484009,0.004157271236181259,2.023162841796875,0.0042736949399113655,2.023958921432495
11376236984,0,128.2247772216797,140.82762145996094,128.21937561035156,140.71185302734375,128.24374389648438,140.6718292236328,128.250244140625,140.6494140625,0.0038595807272940874,2.0176336765289307,0.0037731784395873547,2.02170729637146,0.004194746725261211,2.023118495941162,0.004308020230382681,2.0239098072052
11401236984,0,128.2244415283203,140.8266143798828,128.21701049804688,140.71029663085938,128.24205017089844,140.6699981689453,128.250732421875,140.64739990234375,0.0038538735825568438,2.017669200897217,0.003732583951205015,2.0217621326446533,0.004165709484368563,2.0231831073760986,0.004316553007811308,2.0239810943603516
11426236985,0,128.22650146484375,140.82716369628906,128.22010803222656,140.7111358642578,128.244140625,140.6709747314453,128.2522430419922,140.64845275878906,0.0038892135489732027,2.0176498889923096,0.0037858153227716684,2.0217325687408447,0.004201626870781183,2.023148775100708,0.0043424926698207855,2.0239439010620117
11451236985,0,128.22227478027344,140.8278350830078,128.2161102294922,140.7122039794922,128.2401123046875,140.67227172851562,128.24928283691406,140.64988708496094,0.0038166006561368704,2.0176262855529785,0.0037169961724430323,2.0216948986053467,0.004132221918553114,2.0231029987335205,0.0042914412915706635,2.023893117904663
11476236985,0,128.2241668701172,140.8279266357422,128.2177734375,140.71229553222656,128.24240112304688,140.6722869873047,128.2504425048828,140.64988708496094,0.00384908402338624,2.01762318611145,0.0037455973215401173,2.0216915607452393,0.004171610809862614,2.0231025218963623,0.004311405122280121,2.023893117904663
11501236986,0,128.2256622314453,140.82769775390625,128.2177276611328,140.71212768554688,128.24148559570312,140.6723175048828,128.25015258789062,140.65000915527344,0.0038747729267925024,2.0176310539245605,0.0037448194343596697,2.021697521209717,0.00415585283190012,2.023101329803467,0.00430640671402216,2.0238888263702393
11526236986,0,128.2310028076172,140.8253631591797,128.2174072265625,140.7086944580078,128.24014282226562,140.66835021972656,128.24879455566406,140.64573669433594,0.003966609016060829,2.0177130699157715,0.0037394948303699493,2.0218183994293213,0.004132982809096575,2.0232412815093994,0.004283295013010502,2.0240397453308105
11551236987,0,128.2330780029297,140.82681274414062,128.22142028808594,140.7108612060547,128.24453735351562,140.67088317871094,128.25262451171875,140.6484832763672,0.004002158530056477,2.017662286758423,0.003808401059359312,2.021742105484009,0.004208460450172424,2.0231521129608154,0.004349058028310537,2.023942708969116
11576236987,0,128.2404022216797,140.82510375976562,128.2225799560547,140.70831298828125,128.24398803710938,140.6678924560547,128.2520751953125,140.64523315429688,0.004128024447709322,2.0177223682403564,0.003828488988801837,2.02183198928833,0.004199189133942127,2.0232574939727783,0.0043398067355155945,2.024057388305664
11601236987,0,128.2397003173828,140.8253173828125,128.225341796875,140.70870971679688,128.24728393554688,140.66842651367188,128.25570678710938,140.64585876464844,0.004115958698093891,2.017714738845825,0.003875971771776676,2.021817922592163,0.004255880601704121,2.0232386589050293,0.004402289167046547,2.0240354537963867
11626236988,0,128.2494354248047,140.8235321044922,128.22488403320312,140.7060546875,128.2471923828125,140.66534423828125,128.25570678710938,140.64256286621094,0.0042832340113818645,2.017777442932129,0.0038682471495121717,2.021911382675171,0.004254496190696955,2.0233473777770996,0.004402500577270985,2.0241518020629883
11651236988,0,128.2620849609375,140.82168579101562,128.22816467285156,140.70364379882812,128.24819946289062,140.66273498535156,128.2547607421875,140.63986206054688,0.004500569310039282,2.0178422927856445,0.0039248159155249596,2.02199649810791,0.0042719910852611065,2.023439407348633,0.004386384971439838,2.024247169494629
11676236988,0,128.26153564453125,140.8223114013672,128.22715759277344,140.70445251464844,128.2480010986328,140.66366577148438,128.25601196289062,140.64083862304688,0.004491095431149006,2.017820358276367,0.003907446283847094,2.021968126296997,0.004268519580364227,2.023406744003296,0.004407865460962057,2.024212598800659
11701236989,0,128.25120544433594,140.82208251953125,128.2190399169922,140.70404052734375,128.2406005859375,140.66311645507812,128.24806213378906,140.6402130126953,0.00431371945887804,2.0178284645080566,0.003767833113670349,2.0219826698303223,0.004141177516430616,2.023426055908203,0.004271028563380241,2.0242347717285156
11726236989,0,128.25486755371094,140.8211212158203,128.22006225585938,140.70301818847656,128.24026489257812,140.66229248046875,128.24896240234375,140.63949584960938,0.004376666620373726,2.017862319946289,0.00378547515720129,2.0220186710357666,0.004135448485612869,2.0234551429748535,0.004286574199795723,2.0242600440979004
11751236990,0,128.24481201171875,140.82131958007812,128.21466064453125,140.7032470703125,128.23728942871094,140.6624755859375,128.24710083007812,140.6396484375,0.004203977528959513,2.017855167388916,0.003692544996738434,2.022010564804077,0.004084224347025156,2.0234487056732178,0.0042545124888420105,2.024254560470581
11776236990,0,128.23727416992188,140.82107543945312,128.2122039794922,140.70294189453125,128.23463439941406,140.66212463378906,128.2455596923828,140.63929748535156,0.00407454976812005,2.0178637504577637,0.0036503023002296686,2.0220212936401367,0.004038546234369278,2.023461103439331,0.00422799913212657,2.0242669582366943
11801236990,0,128.23077392578125,140.82151794433594,128.21035766601562,140.70352172851562,128.23397827148438,140.66275024414062,128.24610900878906,140.6399383544922,0.003962900023907423,2.017848253250122,0.0036185116041451693,2.022000789642334,0.004027216695249081,2.0234389305114746,0.004237417597323656,2.024244546890259
11826236991,0,128.23658752441406,140.81787109375,128.2089080810547,140.69789123535156,128.23326110839844,140.65609741210938,128.24526977539062,140.63267517089844,0.004062947817146778,2.0179765224456787,0.0035938709042966366,2.0221993923187256,0.004015261773020029,2.0236737728118896,0.004223414696753025,2.024500846862793
11851236991,0,128.22996520996094,140.81732177734375,128.20730590820312,140.69686889648438,128.2318878173828,140.65481567382812,128.2448272705078,140.6311798095703,0.003949253354221582,2.017995595932007,0.0035663617309182882,2.02223539352417,0.003991696983575821,2.023719072341919,0.0042158872820436954,2.0245537757873535
11876236991,0,128.21603393554688,140.81472778320312,128.20753479003906,140.6923065185547,128.2379913330078,140.64898681640625,128.25831604003906,140.62454223632812,0.0037101474590599537,2.0180866718292236,0.003570536384359002,2.0223963260650635,0.004097110126167536,2.0239248275756836,0.004448591265827417,2.0247881412506104
11901236992,0,128.23016357421875,140.81381225585938,128.20468139648438,140.69032287597656,128.22357177734375,140.64622497558594,128.24893188476562,140.62118530273438,0.00395286176353693,2.0181190967559814,0.0035215469542890787,2.0224661827087402,0.003849026979878545,2.024022340774536,0.00428719213232398,2.024906873703003
11926236992,0,128.24684143066406,140.81552124023438,128.2055206298828,140.69204711914062,128.21206665039062,140.64764404296875,128.24008178710938,140.6222381591797,0.004239183850586414,2.0180587768554688,0.0035358970053493977,2.0224053859710693,0.0036508783232420683,2.023972272872925,0.004134709015488625,2.024869680404663
11951236993,0,128.2660675048828,140.81520080566406,128.20693969726562,140.6913604736328,128.20901489257812,140.64666748046875,128.23992919921875,140.62109375,0.004569388926029205,2.0180702209472656,0.003560347016900778,2.0224297046661377,0.003598391078412533,2.0240066051483154,0.004132150672376156,2.0249102115631104
11976236993,0,128.2499237060547,140.81436157226562,128.20343017578125,140.69064331054688,128.2158203125,140.64627075195312,128.25120544433594,140.62094116210938,0.004292190540581942,2.018099546432495,0.00350000336766243,2.0224549770355225,0.0037155752070248127,2.0240209102630615,0.004326364025473595,2.0249156951904297
12001236993,0,128.23452758789062,140.8153839111328,128.197998046875,140.69259643554688,128.21630859375,140.64883422851562,128.2559814453125,140.6239013671875,0.004027717746794224,2.01806378364563,0.0034064468927681446,2.022386074066162,0.003723842091858387,2.023930311203003,0.0044084275141358376,2.024811029434204
12026236994,0,128.29603576660156,140.80990600585938,128.2041015625,140.68402099609375,128.19210815429688,140.6386260986328,128.23277282714844,140.61244201660156,0.0050844489596784115,2.018256425857544,0.0035118930973112583,2.022688627243042,0.0033077134285122156,2.0242908000946045,0.004009406082332134,2.0252158641815186
12051236994,0,128.43724060058594,140.8057861328125,128.1980743408203,140.67572021484375,128.1124725341797,140.62759399414062,128.1427459716797,140.59889221191406,0.007510108407586813,2.0184011459350586,0.003408596618101001,2.0229811668395996,0.001936860615387559,2.0246806144714355,0.0024592201225459576,2.0256950855255127
12076236994,0,128.52099609375,140.80247497558594,128.1669158935547,140.66827392578125,128.0245361328125,140.61744689941406,128.0535888671875,140.58615112304688,0.00894913449883461,2.01851749420166,0.0028727129101753235,2.0232441425323486,0.0004225929151289165,2.025038957595825,0.0009233977762050927,2.0261456966400146
12101236995,0,128.7435760498047,140.79747009277344,128.186767578125,140.65780639648438,127.97470092773438,140.60350036621094,128.02516174316406,140.568603515625,0.01277331355959177,2.018693447113037,0.0032148610334843397,2.023613452911377,-0.00043582182843238115,2.0255320072174072,0.00043367670150473714,2.026766538619995
12126236995,0,128.90823364257812,140.79737854003906,128.21974182128906,140.65576171875,127.9520034790039,140.6001434326172,128.02793884277344,140.56333923339844,0.015601858496665955,2.0186965465545654,0.0037825650069862604,2.0236856937408447,-0.000826866424176842,2.0256507396698,0.0004815785214304924,2.0269527435302734
12151236996,0,129.64599609375,140.78965759277344,128.32644653320312,140.63201904296875,127.8122329711914,140.564453125,128.03338623046875,140.51272583007812,0.028278494253754616,2.018968105316162,0.0056212893687188625,2.024524211883545,-0.0032364653889089823,2.0269134044647217,0.0005758996121585369,2.028745651245117
12176236996,0,129.88226318359375,140.78529357910156,128.35565185546875,140.62042236328125,127.7420654296875,140.5472412109375,128.0214080810547,140.48672485351562,0.03233965486288071,2.0191214084625244,0.006125228945165873,2.0249338150024414,-0.0044470313005149364,2.0275228023529053,0.0003694213810376823,2.029667854309082
12201236996,0,130.02061462402344,140.78353881835938,128.3620147705078,140.6150665283203,127.6815185546875,140.53892517089844,128.00399780273438,140.4725799560547,0.03471759334206581,2.019183397293091,0.006235301028937101,2.025123119354248,-0.005491582211107016,2.0278172492980957,6.900099106132984e-05,2.030169725418091
12226236997,0,129.53076171875,140.7946014404297,128.29351806640625,140.640380859375,127.79255676269531,140.5748291015625,128.02194213867188,140.525390625,0.026296859607100487,2.018794298171997,0.005053657107055187,2.024228811264038,-0.0035750751849263906,2.026546001434326,0.00037842345773242414,2.028296709060669
12251236997,0,129.45372009277344,140.79615783691406,128.28244018554688,140.64390563964844,127.80928802490234,140.57972717285156,128.02723693847656,140.5320587158203,0.02497280202805996,2.0187394618988037,0.004862674046307802,2.024104356765747,-0.0032864941749721766,2.0263729095458984,0.0004696941177826375,2.0280604362487793
12276236997,0,129.8369903564453,140.7867889404297,128.34019470214844,140.6239471435547,127.73027801513672,140.55247497558594,128.0151824951172,140.4940948486328,0.031561125069856644,2.019068956375122,0.005858716554939747,2.0248093605041504,-0.004649902228266001,2.0273373126983643,0.0002619634033180773,2.0294063091278076
12301236998,0,130.1556854248047,140.77813720703125,128.41952514648438,140.6053466796875,127.69320678710938,140.52647399902344,128.01251220703125,140.45379638671875,0.03704125061631203,2.0193734169006348,0.007226876448839903,2.0254666805267334,-0.005291002802550793,2.0282583236694336,0.000216016560443677,2.030836582183838
12326236998,0,131.07801818847656,140.7442626953125,128.54757690429688,140.52407836914062,127.37994384765625,140.38636779785156,127.91322326660156,139.67445373535156,0.052915800362825394,2.0205655097961426,0.009443925693631172,2.0283432006835938,-0.010715491138398647,2.033233165740967,-0.0015154066495597363,2.0588302612304688
12351236999,0,131.71665954589844,140.70086669921875,128.54689025878906,140.3795623779297,126.82144927978516,139.4875030517578,127.22747039794922,123.26160430908203,0.06393536925315857,2.022094488143921,0.009452017024159431,2.033475399017334,-0.020638378337025642,2.065641403198242,-0.0178103968501091,2.8460941314697266
12376236999,0,131.7001190185547,140.6746063232422,128.6090850830078,140.27407836914062,126.87846374511719,138.37486267089844,127.38763427734375,117.17957305908203,0.0636751726269722,2.0230205059051514,0.01054320763796568,2.0372352600097656,-0.019969183951616287,2.1069729328155518,-0.01601840928196907,3.2830801010131836
12401236999,0,131.68124389648438,140.66366577148438,128.69772338867188,140.220703125,127.01530456542969,137.774169921875,127.6183853149414,115.38211822509766,0.06336045265197754,2.023406744003296,0.012086978182196617,2.03914213180542,-0.017692824825644493,2.129868268966675,-0.010395968332886696,3.4356813430786133
12426237000,0,131.6412811279297,140.64157104492188,128.78848266601562,140.1014862060547,127.12557983398438,136.59378051757812,127.53436279296875,113.3721923828125,0.0626927986741066,2.024186849594116,0.013683153316378593,2.04341197013855,-0.015998531132936478,2.1760993003845215,-0.013301168568432331,3.6220250129699707
12451237000,0,131.5078125,140.62823486328125,128.81619262695312,139.9998016357422,127.18891906738281,135.38491821289062,127.40316009521484,111.77962493896484,0.060406576842069626,2.024657964706421,0.014185206964612007,2.0470657348632812,-0.015122685581445694,2.2252299785614014,-0.017731595784425735,3.783045768737793
12476237000,0,131.0946807861328,140.61239624023438,128.68255615234375,139.86013793945312,127.21160125732422,133.92886352539062,127.63610076904297,110.54815673828125,0.05330450087785721,2.0252175331115723,0.01188705489039421,2.0521020889282227,-0.015045389533042908,2.2869536876678467,-0.011156504042446613,3.916677951812744
12501237001,0,130.63351440429688,140.61288452148438,128.5089111328125,139.86691284179688,127.26715850830078,133.8500518798828,127.92831420898438,110.70361328125,0.04536079615354538,2.025200366973877,0.008862056769430637,2.0518574714660645,-0.014002984389662743,2.290377378463745,-0.0021889316849410534,3.8993396759033203
12526237001,0,129.59617614746094,140.5796661376953,128.231201171875,139.5587921142578,127.36308288574219,131.7928924560547,127.68962097167969,110.59931182861328,0.027506548911333084,2.0263750553131104,0.0040444438345730305,2.063039779663086,-0.012588790617883205,2.382939338684082,-0.009503059089183807,3.9109573364257812
12551237002,0,129.0159912109375,140.55909729003906,128.24180603027344,139.23898315429688,127.48810577392578,129.61233520507812,127.60945892333984,109.69679260253906,0.01751360483467579,2.0271029472351074,0.004250075668096542,2.0747547149658203,-0.010500631295144558,2.4882702827453613,-0.012243707664310932,4.0141682624816895
12576237002,0,128.80235290527344,140.53543090820312,128.3417205810547,138.98898315429688,127.47856140136719,128.93350219726562,127.2365951538086,110.27831268310547,0.013835694640874863,2.0279412269592285,0.0060286265797913074,2.0839903354644775,-0.010823952965438366,2.52270770072937,-0.023569628596305847,3.947108745574951
12601237002,0,128.776611328125,140.52505493164062,128.42391967773438,138.92457580566406,127.45214080810547,128.9310302734375,126.95166015625,110.47988891601562,0.013393836095929146,2.028308629989624,0.007485979236662388,2.086380958557129,-0.011372881941497326,2.522834539413452,-0.0321972593665123,3.9243364334106445
12626237003,0,127.52143096923828,140.51025390625,128.0247344970703,138.52587890625,127.08606719970703,126.70182800292969,126.4874038696289,109.04035186767578,-0.008255429565906525,2.0288333892822266,0.00043940311297774315,2.1012821197509766,-0.019745271652936935,2.6419458389282227,-0.04826124384999275,4.092397689819336
12651237003,0,125.87178039550781,140.4873046875,127.4806137084961,137.9198760986328,126.71414184570312,124.87577056884766,126.12855529785156,108.93413543701172,-0.03672458976507187,2.0296471118927,-0.009311608970165253,2.1242763996124268,-0.028740014880895615,2.7469987869262695,-0.05988246947526932,4.105317115783691
12676237003,0,124.94865417480469,140.47225952148438,127.29801940917969,137.64471435546875,126.91474151611328,124.49262237548828,126.26924133300781,109.22645568847656,-0.052665650844573975,2.0301811695098877,-0.012637931853532791,2.134857416152954,-0.024433493614196777,2.7699692249298096,-0.0549459233880043,4.069939136505127
12701237004,0,124.8032455444336,140.46835327148438,127.40937805175781,137.38621520996094,127.08314514160156,123.39466094970703,126.48773956298828,108.31964874267578,-0.05517851933836937,2.0303196907043457,-0.010675150901079178,2.144878625869751,-0.021083038300275803,2.8376901149749756,-0.049207985401153564,4.181541919708252
12726237004,0,124.3315658569336,140.46429443359375,127.42313385009766,137.08084106445312,127.26332092285156,122.27371215820312,126.56522369384766,107.75177001953125,-0.06332383304834366,2.030463695526123,-0.010475446470081806,2.156820058822632,-0.01731761172413826,2.9098806381225586,-0.04742827266454697,4.25431489944458
12751237004,0,123.9770736694336,140.4368438720703,127.4942855834961,136.11300659179688,127.62521362304688,120.92813110351562,126.833984375,108.10939025878906,-0.06947086751461029,2.0314385890960693,-0.009322015568614006,2.1954169273376465,-0.009052651934325695,3.000906229019165,-0.03816232830286026,4.208219528198242
12776237005,0,123.5431900024414,140.42861938476562,127.19966125488281,135.8398895263672,127.68997192382812,120.92732238769531,127.00179290771484,108.52207946777344,-0.07697274535894394,2.031730890274048,-0.014816047623753548,2.2065207958221436,-0.007488592527806759,3.000962495803833,-0.03230098634958267,4.1561479568481445
12801237005,0,123.61437225341797,140.396240234375,127.17718505859375,135.38043212890625,127.75186157226562,121.3965072631836,127.10481262207031,109.71395874023438,-0.07577923685312271,2.0328822135925293,-0.015342554077506065,2.2254159450531006,-0.005936746019870043,2.9686591625213623,-0.028051912784576416,4.01215934753418
12826237006,0,123.70045471191406,140.3543701171875,127.33731079101562,134.5214385986328,127.8948745727539,121.43557739257812,127.26309204101562,110.98970031738281,-0.07433731853961945,2.034372329711914,-0.012526552192866802,2.261486768722534,-0.002513152314350009,2.965996742248535,-0.0223364420235157,3.867793560028076
12851237006,0,123.92298889160156,140.32958984375,127.40593719482422,133.67665100097656,127.77547454833984,120.2897720336914,127.1307601928711,110.30614471435547,-0.07051535695791245,2.035255193710327,-0.01138314325362444,2.297941207885742,-0.005494915880262852,3.0458641052246094,-0.026817720383405685,3.943950653076172
12876237006,0,123.6023178100586,140.30999755859375,127.04283905029297,133.10691833496094,127.54597473144531,119.89836120605469,127.03445434570312,110.23036193847656,-0.0760834589600563,2.0359537601470947,-0.018511652946472168,2.3230955600738525,-0.011202372610569,3.0740225315093994,-0.02984798699617386,3.952561378479004
12901237007,0,123.87113952636719,140.30010986328125,127.2862319946289,133.0224151611328,127.68003845214844,119.9774398803711,127.12958526611328,110.4320068359375,-0.07144295424222946,2.036306142807007,-0.013823510147631168,2.326866865158081,-0.007881544530391693,3.068296432495117,-0.02676602080464363,3.9297242164611816
12926237007,0,124.1312026977539,140.30502319335938,127.5519027709961,132.80447387695312,127.78711700439453,119.34202575683594,127.12429809570312,109.96537017822266,-0.06693819165229797,2.0361311435699463,-0.008709383197128773,2.3366405963897705,-0.005314284469932318,3.114847421646118,-0.027259590104222298,3.9829416275024414
12951237007,0,124.7206802368164,140.3299560546875,127.9048080444336,132.02914428710938,127.82992553710938,116.8119888305664,127.07553100585938,107.6057357788086,-0.05671830475330353,2.0352420806884766,-0.001874082605354488,2.3719866275787354,-0.0044853417202830315,3.3132917881011963,-0.030684780329465866,4.273404121398926
12976237008,0,124.82410430908203,140.32839965820312,127.92411804199219,131.63668823242188,127.80121612548828,116.17939758300781,127.06612396240234,107.19952392578125,-0.05493076518177986,2.0352976322174072,-0.001503750099800527,2.390228748321533,-0.005317555274814367,3.3664612770080566,-0.03135472908616066,4.327336311340332
13001237008,0,124.87376403808594,140.30601501464844,127.7471694946289,129.10231018066406,127.38990783691406,113.26605224609375,126.7723617553711,105.36896514892578,-0.054089561104774475,2.03609561920166,-0.005232707131654024,2.5140674114227295,-0.01747242361307144,3.6323699951171875,-0.04347887262701988,4.586668968200684
13026237009,0,125.1827163696289,140.26254272460938,127.81169128417969,127.720947265625,127.40522003173828,112.64769744873047,126.84835815429688,105.28034210205078,-0.04877516254782677,2.037647008895874,-0.003993949852883816,2.5863094329833984,-0.01729302667081356,3.6937127113342285,-0.04089595004916191,4.599948406219482
13051237009,0,125.47189331054688,140.23468017578125,127.80240631103516,125.1020736694336,127.41468811035156,109.83683013916016,126.99012756347656,102.87187957763672,-0.04378656670451164,2.038642406463623,-0.004397564567625523,2.7335872650146484,-0.018281981348991394,3.997831344604492,-0.03865931183099747,4.990018367767334
13076237009,0,125.74530792236328,140.14390563964844,127.80840301513672,120.52938842773438,127.73953247070312,105.86752319335938,127.63139343261719,99.17386627197266,-0.03910306841135025,2.041890859603882,-0.004665889777243137,3.0288498401641846,-0.009089098311960697,4.513261318206787,-0.016031062230467796,5.723530292510986
13101237010,0,125.95068359375,140.06141662597656,127.84188079833984,118.6280517578125,127.84130859375,104.6667709350586,127.8123550415039,98.13765716552734,-0.03558431565761566,2.0448503494262695,-0.004007633775472641,3.1686670780181885,-0.005741136148571968,4.69386100769043,-0.00848439522087574,5.9662933349609375
13126237010,0,126.63670349121094,139.86465454101562,128.0358428955078,114.99455261230469,127.99746704101562,101.5596923828125,128.02735900878906,94.96553039550781,-0.02374090813100338,2.051938772201538,0.0009852360235527158,3.470257520675659,-0.00010126955749001354,5.229287147521973,0.0014079088578000665,6.845641136169434
13151237010,0,126.91531372070312,139.74612426757812,128.0464324951172,113.73208618164062,127.94549560546875,100.53121948242188,127.98210144042969,93.9669189453125,-0.018922144547104836,2.0562288761138916,0.0013149298029020429,3.587339162826538,-0.0022576770279556513,5.4322075843811035,-0.0009629408014006913,7.175026893615723
13176237011,0,127.1200180053711,139.5334014892578,128.0257110595703,112.81794738769531,127.82581329345703,100.16896057128906,127.8346176147461,93.74414825439453,-0.01539947185665369,2.0639657974243164,0.0007444223738275468,3.676637649536133,-0.0073079378344118595,5.507211208343506,-0.008988712914288044,7.252633094787598
13201237011,0,127.1478500366211,139.20938110351562,127.97416687011719,111.67899322509766,127.74581909179688,99.56165313720703,127.77583312988281,93.31277465820312,-0.014984311535954475,2.0758447647094727,-0.0007694262894801795,3.793654441833496,-0.010899040848016739,5.637373447418213,-0.012430313043296337,7.4075236320495605
13226237012,0,127.23853302001953,138.96450805664062,128.02310180664062,110.8496322631836,127.75482940673828,99.04691314697266,127.77384185791016,92.91368865966797,-0.0134386932477355,2.0848982334136963,0.0007027642568573356,3.883180618286133,-0.010712757706642151,5.752272605895996,-0.012780040502548218,7.556510925292969
13251237012,0,126.83365631103516,138.78968811035156,127.90677642822266,110.1294174194336,127.65615844726562,98.39799499511719,127.65689086914062,92.29988098144531,-0.020638005807995796,2.091402292251587,-0.002889457158744335,3.9640846252441406,-0.015393524430692196,5.90350866317749,-0.019975122064352036,7.797091960906982
13276237012,0,127.61387634277344,137.9283905029297,128.02659606933594,108.4083023071289,127.7516860961914,97.0186996459961,127.77314758300781,90.98942565917969,-0.006921569816768169,2.123950481414795,0.0008633118122816086,4.170385837554932,-0.011729701422154903,6.2510247230529785,-0.014118295162916183,8.362771987915039
13301237013,0,127.63697052001953,137.96449279785156,128.0754852294922,108.22350311279297,127.766845703125,96.68140411376953,127.75828552246094,90.58126831054688,-0.006504026707261801,2.1225690841674805,0.0024627605453133583,4.193702220916748,-0.011164112016558647,6.341917037963867,-0.015373684465885162,8.555255889892578
13326237013,0,127.95342254638672,137.20538330078125,128.01165771484375,107.34554290771484,127.67513275146484,96.11557006835938,127.64514923095703,90.12893676757812,-0.0008441953104920685,2.1519362926483154,0.0003897888818755746,4.307806968688965,-0.01592058502137661,6.500105857849121,-0.023132579401135445,8.778696060180664
13351237013,0,127.9280776977539,136.08697509765625,127.98320770263672,106.6552505493164,127.68315887451172,95.76174926757812,127.66226959228516,89.89934539794922,-0.0013263081200420856,2.1964712142944336,-0.000572653254494071,4.401581287384033,-0.015758460387587547,6.602851390838623,-0.022298913449048996,8.896430015563965
13376237014,0,128.01438903808594,135.6806182861328,128.0140380859375,106.36339569091797,127.70962524414062,95.57076263427734,127.68400573730469,89.75387573242188,0.0002670392859727144,2.2130398750305176,0.0004827947122976184,4.442361831665039,-0.014559145085513592,6.659593105316162,-0.021034717559814453,8.972601890563965
13401237014,0,128.50103759765625,133.8335723876953,128.0283966064453,105.61459350585938,127.74251556396484,95.09092712402344,127.69063568115234,89.3740234375,0.009576275013387203,2.2910945415496826,0.0009983646450564265,4.550230503082275,-0.013178326189517975,6.80629301071167,-0.021043621003627777,9.17751693725586
13426237015,0,128.5367431640625,133.7378692626953,128.00672912597656,105.54019165039062,127.7264633178711,95.04768371582031,127.67625427246094,89.36079406738281,0.010274614207446575,2.2952661514282227,0.00023710666573606431,4.561211585998535,-0.014026164077222347,6.8198137283325195,-0.0220386553555727,9.184815406799316
13451237015,0,128.72665405273438,133.76097106933594,128.03599548339844,105.55753326416016,127.7411880493164,95.08440399169922,127.68009948730469,89.40196228027344,0.013904782943427563,2.294257879257202,0.0012676770566031337,4.558647632598877,-0.013250011950731277,6.808329105377197,-0.021725378930568695,9.162139892578125
13476237015,0,128.8257293701172,132.97122192382812,128.1083526611328,105.0763168334961,127.81819915771484,94.77989196777344,127.73479461669922,89.21746826171875,0.016005288809537888,2.3291563987731934,0.0038714450784027576,4.630789756774902,-0.009431806392967701,6.904687404632568,-0.018203869462013245,9.264603614807129
13501237016,0,128.9025421142578,131.49395751953125,128.00247192382812,104.60184478759766,127.7315673828125,94.56727600097656,127.6658935546875,89.12578582763672,0.017928553745150566,2.3969225883483887,8.96073252079077e-05,4.704005241394043,-0.014057457447052002,6.973507881164551,-0.02305605448782444,9.3163423538208
13526237016,0,128.78741455078125,129.94468688964844,127.88400268554688,104.02598571777344,127.65228271484375,94.22994232177734,127.60597229003906,88.91675567626953,0.016059812158346176,2.4717040061950684,-0.004280515480786562,4.795780658721924,-0.018485812470316887,7.0853986740112305,-0.027527092024683952,9.4364013671875
13551237016,0,129.0966339111328,129.38937377929688,127.89439392089844,103.63359069824219,127.67369842529297,93.98001861572266,127.63531494140625,88.77942657470703,0.02258295938372612,2.4994914531707764,-0.003945400472730398,4.860230922698975,-0.01754453219473362,7.1705121994018555,-0.025685705244541168,9.516905784606934
13576237017,0,129.15748596191406,129.8991241455078,127.87272644042969,103.86589813232422,127.63235473632812,94.08203125,127.58075714111328,88.79419708251953,0.02362622693181038,2.473963737487793,-0.004720224998891354,4.821883201599121,-0.019676173105835915,7.135538578033447,-0.02950238063931465,9.508184432983398
13601237017,0,129.30160522460938,128.15530395507812,127.80465698242188,103.00727844238281,127.55287170410156,93.49137878417969,127.46678924560547,88.36651611328125,0.027392972260713577,2.5632107257843018,-0.007445346098393202,4.966481685638428,-0.024587735533714294,7.342639446258545,-0.03850289061665535,9.76710033416748
13626237018,0,129.34747314453125,128.2047576904297,127.8081283569336,103.00062561035156,127.55694580078125,93.46258544921875,127.47625732421875,88.32682800292969,0.028333336114883423,2.560603380203247,-0.007314607035368681,4.9676337242126465,-0.02439638413488865,7.353026390075684,-0.03791113197803497,9.791813850402832
13651237018,0,129.4015350341797,127.9549331665039,127.83041381835938,102.83599090576172,127.58540344238281,93.34716796875,127.5159683227539,88.23262023925781,0.029601668938994408,2.573821544647217,-0.006499548442661762,4.996291160583496,-0.022952821105718613,7.394944667816162,-0.035239990800619125,9.850963592529297
13676237018,0,129.3047637939453,126.57614135742188,127.87541961669922,102.22563171386719,127.64783477783203,92.90177917480469,127.56147766113281,87.88445281982422,0.028253985568881035,2.6489510536193848,-0.004871076438575983,5.105261325836182,-0.019911952316761017,7.561044216156006,-0.03262646868824959,10.075652122497559
13701237019,0,129.3401336669922,127.33763122558594,127.90235900878906,102.51747131347656,127.69043731689453,93.02810668945312,127.61693572998047,87.9198989868164,0.028620563447475433,2.606995105743408,-0.0037812404334545135,5.052614212036133,-0.017397988587617874,7.513217926025391,-0.02843688242137432,10.052327156066895
13726237019,0,129.32797241210938,127.27240753173828,127.89498138427734,102.44294738769531,127.70550537109375,92.96251678466797,127.65180969238281,87.87509155273438,0.02839430794119835,2.6105434894561768,-0.004076901823282242,5.065962314605713,-0.016602924093604088,7.53797721862793,-0.025920961052179337,10.081829071044922
13751237019,0,129.16676330566406,126.78563690185547,127.90491485595703,102.12693786621094,127.73358154296875,92.7056655883789,127.6640396118164,87.66803741455078,0.025169041007757187,2.6372921466827393,-0.0037299953401088715,5.123295783996582,-0.015206377021968365,7.636447429656982,-0.02534102275967598,10.220348358154297
13776237020,0,129.11497497558594,127.10458374023438,127.87054443359375,102.30836486816406,127.70463562011719,92.85932922363281,127.64083862304688,87.794677734375,0.023912666365504265,2.6197121143341064,-0.005047878250479698,5.090233325958252,-0.016734333708882332,7.577245712280273,-0.02687382511794567,10.135193824768066
13801237020,0,129.01980590820312,126.72391510009766,127.88033294677734,102.04029846191406,127.73218536376953,92.66046142578125,127.66954040527344,87.65502166748047,0.02202373743057251,2.6407179832458496,-0.0047078318893909454,5.139225482940674,-0.01531951129436493,7.6540303230285645,-0.024946829304099083,10.229177474975586
13826237021,0,129.0625762939453,127.03804016113281,127.89861297607422,102.06291961669922,127.77113342285156,92.645751953125,127.72891235351562,87.63260650634766,0.022816434502601624,2.6233632564544678,-0.00398567458614707,5.13505744934082,-0.013100934214890003,7.659768581390381,-0.02049410715699196,10.244418144226074
13851237021,0,129.13922119140625,127.16326141357422,127.97901916503906,101.99465942382812,127.85296630859375,92.57424926757812,127.81423950195312,87.5760269165039,0.024406684562563896,2.6165003776550293,-0.0008266648510470986,5.147654056549072,-0.008445853367447853,7.687779903411865,-0.014094422571361065,10.283082962036133
13876237021,0,128.88804626464844,126.69915771484375,127.92017364501953,101.78533172607422,127.81629943847656,92.4304428100586,127.77957916259766,87.48854064941406,0.01918693445622921,2.642094135284424,-0.0031673384364694357,5.186642169952393,-0.010626331903040409,7.74470853805542,-0.016818715259432793,10.343426704406738
13901237022,0,128.94076538085938,127.27439880371094,128.004150390625,102.02227020263672,127.90910339355469,92.56912231445312,127.88311004638672,87.57162475585938,0.020114440470933914,2.6104350090026855,0.00016337893612217158,5.142551898956299,-0.00522254966199398,7.689795970916748,-0.00887143611907959,10.286104202270508
13926237022,0,128.9034881591797,126.78273010253906,127.97967529296875,101.76472473144531,127.89201354980469,92.37982177734375,127.87548828125,87.4448013305664,0.019490789622068405,2.637453317642212,-0.00080699915997684,5.190510272979736,-0.006262093782424927,7.764938831329346,-0.009527490474283695,10.373851776123047
13951237022,0,128.87063598632812,127.30741882324219,127.9464111328125,101.9967269897461,127.87200164794922,92.53219604492188,127.87593841552734,87.54682159423828,0.018603892996907234,2.608637571334839,-0.0021113066468387842,5.147271633148193,-0.007367490790784359,7.704344272613525,-0.00943075306713581,10.303153038024902
13976237023,0,128.8293914794922,127.21083068847656,128.07034301757812,101.92617797851562,128.00094604492188,92.48441314697266,127.99303436279297,87.5078125,0.01775357872247696,2.613901138305664,0.0027779240626841784,5.160348892211914,5.458067244035192e-05,7.7232489585876465,-0.0005308366962708533,10.33007526397705
14001237023,0,128.669921875,126.65524291992188,128.06134033203125,101.63933563232422,128.01220703125,92.28514099121094,128.01223754882812,87.3711166381836,0.014485815539956093,2.644538402557373,0.002445841673761606,5.214160919189453,0.0007111851591616869,7.803048610687256,0.0009408917976543307,10.425498962402344
14026237023,0,128.53216552734375,126.5108871459961,128.08094787597656,101.73458862304688,128.01356506347656,92.37593078613281,127.97747039794922,87.44322204589844,0.011537563987076283,2.6526010036468506,0.003217319492250681,5.196176052093506,0.0007867829990573227,7.7664971351623535,-0.0017241149907931685,10.374953269958496
14051237024,0,128.53018188476562,126.73666381835938,128.12525939941406,101.8330078125,128.05230712890625,92.44447326660156,128.00186157226562,87.49281311035156,0.011447146534919739,2.640009880065918,0.004962081555277109,5.1777143478393555,0.003023678669705987,7.739119052886963,0.00014200388977769762,10.340463638305664
14076237024,0,128.58709716796875,126.00568389892578,128.09938049316406,101.49879455566406,128.01895141601562,92.22653198242188,127.97574615478516,87.3520736694336,0.01284757535904646,2.681157112121582,0.003981507383286953,5.240908145904541,0.0011073141358792782,7.826817035675049,-0.00186708546243608,10.438926696777344
14101237025,0,128.70376586914062,126.1242904663086,128.1051788330078,101.50117492675781,128.02296447753906,92.19454956054688,127.98400115966797,87.31458282470703,0.015366911888122559,2.6744048595428467,0.0042134677059948444,5.240453243255615,0.0013439188478514552,7.839847087860107,-0.001234621973708272,10.465460777282715
14126237025,0,128.6683349609375,125.7234115600586,128.0508575439453,101.4140853881836,127.98614501953125,92.17257690429688,127.96066284179688,87.31432342529297,0.014702162705361843,2.697345733642578,0.002043386921286583,5.257153034210205,-0.0008116993121802807,7.848822116851807,-0.0030356787610799074,10.465644836425781
14151237025,0,128.60247802734375,125.47100830078125,127.94425964355469,101.30559539794922,127.9022216796875,92.10599517822266,127.89408874511719,87.2674789428711,0.013315990567207336,2.7119665145874023,-0.002247862983494997,5.2780961990356445,-0.0057473499327898026,7.876138210296631,-0.008198329247534275,10.498982429504395
14176237026,0,128.55502319335938,125.42240905761719,127.90248107910156,101.27774810791016,127.85710906982422,92.05712890625,127.84297180175781,87.22288513183594,0.012278301641345024,2.7147974967956543,-0.003936423920094967,5.283496856689453,-0.008419504389166832,7.896301746368408,-0.012190775014460087,10.53091049194336
14201237026,0,128.45492553710938,125.0222396850586,127.94645690917969,101.06648254394531,127.93409729003906,91.89287567138672,127.92694091796875,87.09429931640625,0.010139882564544678,2.7383055686950684,-0.002177015645429492,5.324806213378906,-0.003915221430361271,7.964803218841553,-0.005720208864659071,10.624029159545898
14226237026,0,128.4337921142578,124.76842498779297,127.94419860839844,100.97761535644531,127.93309020996094,91.80928039550781,127.91996765136719,87.02326202392578,0.009715343825519085,2.7534008026123047,-0.00227579427883029,5.342362880706787,-0.003991825971752405,8.000102996826172,-0.006295815110206604,10.676156997680664
14251237027,0,128.48658752441406,124.48429870605469,127.95658111572266,100.7958984375,127.96302032470703,91.66098022460938,127.96292114257812,86.90983581542969,0.010956762358546257,2.7704718112945557,-0.0017819629283621907,5.378600120544434,-0.002222841838374734,8.063464164733887,-0.002939030760899186,10.760417938232422
14276237027,0,128.42919921875,124.12884521484375,127.96671295166016,100.60906982421875,127.97187805175781,91.53531646728516,127.9555892944336,86.82510375976562,0.009730416350066662,2.79209041595459,-0.0013750618090853095,5.416337490081787,-0.0017012791940942407,8.11790657043457,-0.0035403037909418344,10.824204444885254
14301237028,0,128.32492065429688,124.06591033935547,128.0119171142578,100.53948974609375,128.0369110107422,91.46920776367188,128.02294921875,86.76808166503906,0.007375211920589209,2.7959489822387695,0.0004934868193231523,5.430517196655273,0.0022405688650906086,8.146829605102539,0.0018365149153396487,10.86754322052002
14326237028,0,128.2422637939453,123.88523864746094,127.98287200927734,100.42650604248047,128.00497436523438,91.4159164428711,127.99221801757812,86.74517059326172,0.005518173798918724,2.8070778846740723,-0.000712087785359472,5.453691005706787,0.00030278225312940776,8.1702880859375,-0.0006237220368348062,10.885050773620605
14351237028,0,128.17437744140625,123.12273406982422,128.00625610351562,100.0829086303711,128.02914428710938,91.20352172851562,128.00650024414062,86.6080551147461,0.004031130578368902,2.8549118041992188,0.0002632767427712679,5.5253119468688965,0.0017935901414602995,8.265077590942383,0.0005258815363049507,10.990975379943848
14376237029,0,128.08653259277344,123.38499450683594,127.9220962524414,100.18060302734375,127.91788482666016,91.28401184082031,127.88066864013672,86.67981719970703,0.0019901879131793976,2.838299512863159,-0.0032670721411705017,5.504770755767822,-0.005032417364418507,8.228909492492676,-0.009606929495930672,10.935291290283203
14401237029,0,127.99742889404297,122.48938751220703,127.9170913696289,99.73796081542969,127.91079711914062,91.02008056640625,127.85411071777344,86.51587677001953,-6.018254134687595e-05,2.8957419395446777,-0.00353244855068624,5.598998546600342,-0.005542646627873182,8.348649024963379,-0.011877656914293766,11.063310623168945
14426237029,0,128.12496948242188,123.12348175048828,127.9144287109375,100.08799743652344,127.89832305908203,91.20809173583984,127.85294342041016,86.62391662597656,0.002888911170884967,2.8548641204833984,-0.003600459545850754,5.524238109588623,-0.006255886983126402,8.263015747070312,-0.011884239502251148,10.978620529174805
14451237030,0,128.2034912109375,123.22188568115234,127.91266632080078,100.16195678710938,127.8853988647461,91.2469482421875,127.8369369506836,86.64849090576172,0.00469505600631237,2.848611354827881,-0.0036649631801992655,5.50868034362793,-0.0070368400774896145,8.245526313781738,-0.013155678287148476,10.9595308303833
14476237030,0,128.27503967285156,123.13963317871094,127.97412109375,100.03087615966797,127.92610168457031,91.16370391845703,127.86090087890625,86.59860229492188,0.006356066092848778,2.8538362979888916,-0.0010910882847383618,5.53631067276001,-0.004557279869914055,8.2830810546875,-0.01126065757125616,10.998351097106934
14501237031,0,128.34129333496094,123.62310791015625,127.95658874511719,100.2020492553711,127.8862075805664,91.24566650390625,127.81461334228516,86.63695526123047,0.007813296280801296,2.8233625888824463,-0.0018191657727584243,5.500279903411865,-0.006987648084759712,8.246102333068848,-0.014968503266572952,10.968484878540039
14526237031,0,128.2717742919922,123.36382293701172,127.9062728881836,100.06253051757812,127.83975982666016,91.16338348388672,127.77490234375,86.58440399169922,0.006253190338611603,2.8396339416503906,-0.003947199322283268,5.529614448547363,-0.009882114827632904,8.28322696685791,-0.018240340054035187,11.009448051452637
14551237031,0,128.24197387695312,123.50800323486328,127.88530731201172,100.06574249267578,127.8006591796875,91.1624755859375,127.72334289550781,86.58438110351562,0.005551935639232397,2.8305656909942627,-0.004829585552215576,5.528936386108398,-0.012294058687984943,8.283638000488281,-0.022418392822146416,11.009466171264648
14576237032,0,128.2446746826172,123.96914672851562,127.87628936767578,100.20470428466797,127.79331970214844,91.20999145507812,127.72208404541016,86.59123992919922,0.005564089398831129,2.8018996715545654,-0.0051836553029716015,5.499724864959717,-0.012715181335806847,8.26215934753418,-0.02250981517136097,11.00410270690918
14601237032,0,128.34022521972656,124.33320617675781,127.86773681640625,100.30304718017578,127.75161743164062,91.22579193115234,127.66544342041016,86.57908630371094,0.00768315838649869,2.779625415802002,-0.005522763356566429,5.4792256355285645,-0.015268188901245594,8.255040168762207,-0.027120010927319527,11.013608932495117
14626237032,0,128.45022583007812,124.50445556640625,127.8454818725586,100.36229705810547,127.71001434326172,91.2457046508789,127.6178207397461,86.5882797241211,0.010134093463420868,2.769254684448242,-0.006438558921217918,5.466943264007568,-0.01780710555613041,8.246085166931152,-0.03096090815961361,11.006417274475098
14651237033,0,128.38873291015625,124.38296508789062,127.8113784790039,100.22523498535156,127.67921447753906,91.15736389160156,127.59664916992188,86.53408813476562,0.008770247921347618,2.7766051292419434,-0.00789776723831892,5.495433330535889,-0.01978926546871662,8.285955429077148,-0.032797880470752716,11.048946380615234
14676237033,0,128.33218383789062,124.65689086914062,127.77108001708984,100.09127044677734,127.62728881835938,91.01834869384766,127.54351806640625,86.40908813476562,0.007455451413989067,2.760080099105835,-0.009630813263356686,5.523548126220703,-0.023160623386502266,8.349445343017578,-0.037440165877342224,11.14826774597168
14701237034,0,128.26890563964844,124.93365478515625,127.74073028564453,100.04151916503906,127.6004638671875,90.92790985107422,127.5276870727539,86.31343078613281,0.006003695540130138,2.7435574531555176,-0.010926999151706696,5.5340576171875,-0.024946179240942,8.391250610351562,-0.03899749740958214,11.225444793701172
14726237034,0,128.20338439941406,125.11009979248047,127.64186096191406,99.94758605957031,127.48526763916016,90.82977294921875,127.41468811035156,86.2334213256836,0.00452575646340847,2.733114004135132,-0.015144607052206993,5.554002285003662,-0.032306283712387085,8.437068939208984,-0.04859915375709534,11.290794372558594
14751237034,0,128.16937255859375,124.81704711914062,127.56623840332031,99.68971252441406,127.39546203613281,90.62501525878906,127.31547546386719,86.06761169433594,0.003789828857406974,2.750497817993164,-0.018513277173042297,5.609451770782471,-0.038359906524419785,8.534220695495605,-0.05750681459903717,11.428589820861816
14776237035,0,128.09780883789062,124.81361389160156,127.5160903930664,99.54229736328125,127.3427505493164,90.47526550292969,127.26277160644531,85.9416275024414,0.002188683021813631,2.7507026195526123,-0.020764175802469254,5.641616344451904,-0.04204266145825386,8.606637001037598,-0.06249413266777992,11.535479545593262
14801237035,0,128.05918884277344,125.24192810058594,127.49591827392578,99.71638488769531,127.32328033447266,90.56805419921875,127.2337646484375,85.98905944824219,0.001313822460360825,2.725356101989746,-0.02149388939142227,5.603668689727783,-0.04307180270552635,8.561628341674805,-0.06473278254270554,11.495009422302246
14826237035,0,127.98162841796875,125.82080841064453,127.4612045288086,99.78298950195312,127.28138732910156,90.53675842285156,127.18146514892578,85.93071746826172,-0.00040341028943657875,2.6917407512664795,-0.022918997332453728,5.589276313781738,-0.04581542685627937,8.57675838470459,-0.06944073736667633,11.54482650756836
14851237036,0,127.9085922241211,126.05276489257812,127.43280029296875,99.73722839355469,127.26920318603516,90.48809051513672,127.18470001220703,85.88404846191406,-0.0019985539838671684,2.6784732341766357,-0.024167045950889587,5.599157333374023,-0.04671487957239151,8.600388526916504,-0.06939879804849625,11.584976196289062
14876237036,0,127.79920959472656,125.4203872680664,127.32568359375,99.29120635986328,127.17205810546875,90.19646453857422,127.0940933227539,85.67706298828125,-0.0044420817866921425,2.7149152755737305,-0.029200589284300804,5.697201728820801,-0.053772903978824615,8.744633674621582,-0.07827827334403992,11.76635456085205
14901237037,0,127.75442504882812,125.37277221679688,127.33494567871094,99.24669647216797,127.17681884765625,90.18917083740234,127.09447479248047,85.68641662597656,-0.005437696352601051,2.7176942825317383,-0.028846552595496178,5.707162380218506,-0.053485140204429626,8.748300552368164,-0.078191839158535,11.758040428161621
14926237037,0,127.79371643066406,124.9078369140625,127.34944915771484,99.19949340820312,127.21161651611328,90.1861343383789,127.14444732666016,85.70065307617188,-0.004607817158102989,2.745091438293457,-0.028266437351703644,5.7177605628967285,-0.05123276636004448,8.749828338623047,-0.07379996031522751,11.745406150817871
14951237037,0,127.755126953125,124.77366638183594,127.39464569091797,99.21903991699219,127.2843017578125,90.18999481201172,127.24412536621094,85.71269989013672,-0.005483707878738642,2.753087282180786,-0.026283759623765945,5.713367462158203,-0.04649947211146355,8.747885704040527,-0.06514445692300797,11.734736442565918
14976237038,0,127.67440032958984,125.0016860961914,127.45826721191406,99.41302490234375,127.34210205078125,90.30207824707031,127.29493713378906,85.77202606201172,-0.007260139100253582,2.739522695541382,-0.023354945704340935,5.670107364654541,-0.042482368648052216,8.691863059997559,-0.0605035237967968,11.682463645935059
15001237038,0,127.75714111328125,124.71136474609375,127.52735137939453,99.4000473022461,127.43734741210938,90.32068634033203,127.40620422363281,85.78852081298828,-0.0054450309835374355,2.7568142414093018,-0.020386269316077232,5.672982215881348,-0.036295197904109955,8.682628631591797,-0.05089440569281578,11.668008804321289
15026237038,0,127.81005859375,124.634521484375,127.45060729980469,99.48571014404297,127.3572998046875,90.38520812988281,127.34741973876953,85.82783508300781,-0.004264809191226959,2.761423110961914,-0.0236225388944149,5.654054641723633,-0.04131336137652397,8.65075397491455,-0.055773817002773285,11.633698463439941
15051237039,0,127.73027038574219,125.25753021240234,127.42977905273438,99.6621322631836,127.35350799560547,90.46759796142578,127.37382507324219,85.85913848876953,-0.0059854695573449135,2.724440574645996,-0.024361731484532356,5.615443706512451,-0.041371703147888184,8.610376358032227,-0.05339616909623146,11.606518745422363
15076237039,0,127.81046295166016,124.58036041259766,127.36647033691406,99.50328063964844,127.3030776977539,90.421630859375,127.34463500976562,85.84559631347656,-0.004260113928467035,2.7646796703338623,-0.02722281776368618,5.650187015533447,-0.04471023380756378,8.632859230041504,-0.055939968675374985,11.618261337280273
15101237040,0,127.81576538085938,125.19080352783203,127.33777618408203,99.88970184326172,127.26679229736328,90.66206359863281,127.3178482055664,85.98485565185547,-0.004093410447239876,2.7283599376678467,-0.02806154265999794,5.566359519958496,-0.04643206298351288,8.516484260559082,-0.05764659494161606,11.498584747314453
15126237040,0,127.99009704589844,124.90889739990234,127.41941833496094,99.82975006103516,127.34040832519531,90.63896179199219,127.37227630615234,85.97021484375,-0.00022120079665910453,2.745028495788574,-0.02465497888624668,5.579212188720703,-0.041821934282779694,8.527536392211914,-0.053102634847164154,11.511054992675781
15151237040,0,128.10520935058594,125.19938659667969,127.52159118652344,99.8885498046875,127.42823028564453,90.62413024902344,127.43275451660156,85.92445373535156,0.002337213372811675,2.7278554439544678,-0.020273273810744286,5.566606044769287,-0.03628237918019295,8.534645080566406,-0.0481441505253315,11.550199508666992
15176237041,0,128.0653839111328,125.82573699951172,127.50133514404297,100.13265991210938,127.40020751953125,90.74374389648438,127.39881896972656,85.98717498779297,0.0014355938183143735,2.691457748413086,-0.020948290824890137,5.514832973480225,-0.03781771659851074,8.477628707885742,-0.050795577466487885,11.496612548828125
15201237041,0,127.93290710449219,125.45811462402344,127.46746063232422,99.94949340820312,127.3663330078125,90.64742279052734,127.33735656738281,85.9428939819336,-0.001483247266151011,2.712717056274414,-0.02251792885363102,5.553596019744873,-0.0401599258184433,8.52348518371582,-0.05616653338074684,11.534394264221191
15226237041,0,127.7656021118164,125.84428405761719,127.41204833984375,100.07992553710938,127.3089370727539,90.69512939453125,127.2669677734375,85.96646118164062,-0.005144755356013775,2.6903927326202393,-0.024745505303144455,5.525941371917725,-0.04368574544787407,8.500714302062988,-0.062027934938669205,11.514256477355957
15251237042,0,127.82269287109375,126.1494140625,127.5834732055664,100.27997589111328,127.462890625,90.83689880371094,127.42304229736328,86.06539154052734,-0.003869751701131463,2.672978639602661,-0.01740662381052971,5.4840216636657715,-0.033697985112667084,8.433725357055664,-0.048477791249752045,11.43045711517334
15276237042,0,127.93142700195312,125.63516998291016,127.61412811279297,100.06272888183594,127.50127410888672,90.74293518066406,127.46416473388672,86.03433227539062,-0.0015109640080481768,2.702441692352295,-0.01625039428472519,5.5295729637146,-0.03144669532775879,8.478012084960938,-0.04512219503521919,11.45663833618164
15301237042,0,128.0557861328125,125.83888244628906,127.61029052734375,100.1735610961914,127.47244262695312,90.8365249633789,127.41007232666016,86.1029281616211,0.001224562176503241,2.6907026767730713,-0.01634744554758072,5.506246566772461,-0.033099353313446045,8.433900833129883,-0.049435634166002274,11.398967742919922
15326237043,0,128.11883544921875,125.32282257080078,127.61798095703125,99.97757720947266,127.48269653320312,90.75814819335938,127.42034149169922,86.07217407226562,0.0026338044553995132,2.7206149101257324,-0.016137102618813515,5.547619819641113,-0.03259162977337837,8.47081184387207,-0.048681244254112244,11.42475414276123
15351237043,0,128.11013793945312,125.37031555175781,127.57698059082031,100.0205078125,127.43840789794922,90.78582000732422,127.37374877929688,86.092529296875,0.0024388653691858053,2.7178378105163574,-0.017841646447777748,5.538507461547852,-0.035329826176166534,8.457744598388672,-0.05251825600862503,11.407674789428711
15376237044,0,128.26219177246094,125.65229034423828,127.55535888671875,100.20144653320312,127.4233627319336,90.91099548339844,127.38063049316406,86.14971923828125,0.0057753911241889,2.701451539993286,-0.018633263185620308,5.500406742095947,-0.03603619709610939,8.399113655090332,-0.051731210201978683,11.35995101928711
15401237044,0,128.3184814453125,124.87320709228516,127.5999526977539,100.1392822265625,127.46257019042969,90.97080993652344,127.39900970458984,86.23541259765625,0.007118674460798502,2.7471513748168945,-0.016801534220576286,5.51344108581543,-0.03348008170723915,8.371370315551758,-0.049893975257873535,11.289159774780273
15426237044,0,128.4911346435547,125.19757843017578,127.8702621459961,100.36021423339844,127.71292114257812,91.07925415039062,127.58930969238281,86.2945327758789,0.01091086957603693,2.727961778640747,-0.005406395997852087,5.467374324798584,-0.01778240315616131,8.321515083312988,-0.033954326063394547,11.240814208984375
15451237045,0,128.61856079101562,124.92420959472656,128.0769500732422,100.35093688964844,127.94947814941406,91.08824157714844,127.82638549804688,86.32178497314453,0.013812701217830181,2.7441184520721436,0.0032076893839985132,5.469294548034668,-0.0031279800459742546,8.317408561706543,-0.014326480217278004,11.218663215637207
15476237045,0,128.5490264892578,124.77925109863281,128.14202880859375,100.33122253417969,128.06187438964844,91.12094116210938,127.98109436035156,86.36457824707031,0.012293646112084389,2.752753973007202,0.005924636963754892,5.4733781814575195,0.0038243031594902277,8.30250072479248,-0.001555425114929676,11.184049606323242
15501237045,0,128.70535278320312,125.36710357666016,128.15708923339844,100.52289581298828,128.0858154296875,91.23543548583984,128.0307159423828,86.41852569580078,0.015620085410773754,2.7180256843566895,0.006508837919682264,5.4339094161987305,0.00527246855199337,8.250700950622559,0.0025176401250064373,11.140708923339844
15526237046,0,128.8909454345703,126.15670013427734,128.2195587158203,100.73081970214844,128.1479034423828,91.3169174194336,128.0947723388672,86.42546081542969,0.01944238506257534,2.672565221786499,0.009031363762915134,5.391689777374268,0.009048801846802235,8.214210510253906,0.007764304988086224,11.135160446166992
15551237046,0,128.7742156982422,126.56932067871094,128.22210693359375,100.90454864501953,128.15525817871094,91.41024017333984,128.0889892578125,86.49140930175781,0.016767336055636406,2.649332284927368,0.00908126961439848,5.356878757476807,0.009453099220991135,8.172794342041016,0.007257341872900724,11.082664489746094
15576237047,0,128.65113830566406,127.30023193359375,128.27191162109375,101.1585922241211,128.21788024902344,91.56450653076172,128.14158630371094,86.58641815185547,0.013915440067648888,2.6090288162231445,0.01102076843380928,5.306722640991211,0.01316132489591837,8.10519790649414,0.011471579782664776,11.007872581481934
15601237047,0,128.5659942626953,126.56433868408203,128.2795867919922,100.83137512207031,128.2276153564453,91.42375946044922,128.14608764648438,86.54067993164062,0.012258964590728283,2.649610757827759,0.011460456997156143,5.371490001678467,0.013849016278982162,8.166828155517578,0.011873518116772175,11.043756484985352
15626237047,0,128.59310913085938,127.0241470336914,128.23574829101562,101.03418731689453,128.15597534179688,91.54978942871094,128.07144165039062,86.63189697265625,0.012738900259137154,2.624126672744751,0.009595983661711216,5.331174373626709,0.00942897517234087,8.111600875854492,0.0057703410275280476,10.97241497039795
15651237048,0,128.5219268798828,127.2437744140625,128.22506713867188,101.18071746826172,128.14334106445312,91.63116455078125,128.04685974121094,86.6740951538086,0.011165468953549862,2.6121039390563965,0.009115212596952915,5.302395820617676,0.00862929318100214,8.076318740844727,0.0037739763502031565,10.93971061706543
15676237048,0,128.85159301757812,127.82453918457031,128.16880798339844,101.49798583984375,128.05392456054688,91.80438995361328,127.9670181274414,86.76822662353516,0.018028415739536285,2.5807676315307617,0.006763184443116188,5.241062641143799,0.0032179239206016064,8.002177238464355,-0.0026393539737910032,10.867433547973633
15701237048,0,128.7598114013672,127.95433807373047,128.02664184570312,101.6671142578125,127.91123962402344,91.9218521118164,127.83393859863281,86.83746337890625,0.016048064455389977,2.5738532543182373,0.0010613036574795842,5.208904266357422,-0.005265505984425545,7.952637195587158,-0.013226950541138649,10.814855575561523
15726237049,0,128.67494201660156,128.3804473876953,127.94717407226562,101.75030517578125,127.82691955566406,91.92359924316406,127.76850128173828,86.80579376220703,0.014147789217531681,2.551377534866333,-0.002098487224429846,5.1932196617126465,-0.010266698896884918,7.951903820037842,-0.01847853697836399,10.838844299316406
15751237049,0,128.7198028564453,127.21083068847656,127.96674346923828,101.60978698730469,127.8433609008789,91.95246887207031,127.78892517089844,86.89590454101562,0.015407774597406387,2.613901138305664,-0.0013273709919303656,5.219763278961182,-0.00927799567580223,7.939819812774658,-0.01674635149538517,10.770855903625488
15776237050,0,128.73580932617188,127.82752227783203,127.86774444580078,101.77500915527344,127.71163940429688,92.05916595458984,127.63300323486328,86.94692993164062,0.015576416626572609,2.580608367919922,-0.005249436013400555,5.188579082489014,-0.01698922924697399,7.895458698272705,-0.029017556458711624,10.732720375061035
15801237050,0,128.90475463867188,128.26361083984375,127.78512573242188,101.6837387084961,127.6015625,91.90557861328125,127.50728607177734,86.79984283447266,0.01900438591837883,2.5575063228607178,-0.008554929867386818,5.2057623863220215,-0.023655710741877556,7.9594645500183105,-0.03934489190578461,10.843362808227539
15826237050,0,128.6410675048828,128.30795288085938,127.7161636352539,101.8431396484375,127.52659606933594,91.97174072265625,127.43883514404297,86.8454360961914,0.01345502957701683,2.5551774501800537,-0.011240202933549881,5.175820827484131,-0.028013447299599648,7.931771755218506,-0.04467330873012543,10.808831214904785
15851237051,0,128.5637664794922,128.69735717773438,127.66385650634766,102.09813690185547,127.4794921875,92.17798614501953,127.40657806396484,87.00084686279297,0.011751332320272923,2.5348808765411377,-0.01319884043186903,5.128581523895264,-0.030485974624753,7.8466105461120605,-0.04675181210041046,10.692706108093262
15876237051,0,128.7974090576172,128.3083953857422,127.83706665039062,102.093505859375,127.6371078491211,92.20918273925781,127.5750732421875,87.03077697753906,0.016736268997192383,2.555154323577881,-0.006398642435669899,5.12943172454834,-0.021221667528152466,7.83388090133667,-0.03341052681207657,10.670619010925293
15901237051,0,128.8512725830078,129.1787109375,127.76005554199219,102.44309997558594,127.5610580444336,92.45027160644531,127.52460479736328,87.17835235595703,0.017594825476408005,2.510174036026001,-0.00931477639824152,5.065934181213379,-0.025366390123963356,7.73681116104126,-0.03701526299118996,10.562981605529785
15926237052,0,128.8440399169922,130.07415771484375,127.71617889404297,102.80287170410156,127.5306396484375,92.71027374267578,127.53565979003906,87.37562561035156,0.017176343128085136,2.465301752090454,-0.010889404453337193,5.002093315124512,-0.026783738285303116,7.634659290313721,-0.03569062054157257,10.422323226928711
15951237052,0,128.77227783203125,130.6201171875,127.58092498779297,103.07508850097656,127.35628509521484,92.84503173828125,127.36162567138672,87.45684814453125,0.015569602139294147,2.4386157989501953,-0.015937862917780876,4.954771518707275,-0.036495696753263474,7.582717418670654,-0.048809584230184555,10.36545467376709
15976237053,0,128.28546142578125,132.57212829589844,127.41402435302734,103.61973571777344,127.1602783203125,93.0442886352539,127.16875457763672,87.52963256835938,0.00556961540132761,2.347137689590454,-0.021901404485106468,4.8625359535217285,-0.04715760424733162,7.5071330070495605,-0.06325847655534744,10.314998626708984
16001237053,0,128.46885681152344,131.9897003173828,127.63422393798828,103.61417388916016,127.38204956054688,93.09815979003906,127.36308288574219,87.61444091796875,0.009236643090844154,2.373809337615967,-0.013673637993633747,4.863461494445801,-0.03461463004350662,7.486943244934082,-0.04820666089653969,10.256800651550293
16026237053,0,128.343017578125,133.039794921875,127.7197036743164,104.18437957763672,127.4139404296875,93.58353424072266,127.36017608642578,88.00713348388672,0.006641313433647156,2.3260903358459473,-0.01029254775494337,4.770209789276123,-0.03209000825881958,7.309580326080322,-0.047238659113645554,9.995365142822266
16051237054,0,127.98704528808594,133.38815307617188,127.76846313476562,104.16667938232422,127.4659652709961,93.66032409667969,127.3929443359375,88.12300109863281,-0.0002493984648026526,2.3106203079223633,-0.008506767451763153,4.773054599761963,-0.02913769707083702,7.2822489738464355,-0.044497258961200714,9.920659065246582
16076237054,0,127.73759460449219,133.79766845703125,127.80384826660156,104.2725601196289,127.49200439453125,93.65731811523438,127.38069915771484,88.07933807373047,-0.005018237978219986,2.2926578521728516,-0.007183058653026819,4.756083011627197,-0.02772081084549427,7.283315181732178,-0.04551810398697853,9.948684692382812
16101237054,0,127.75806427001953,135.3318328857422,127.90773010253906,104.8167953491211,127.51194763183594,93.95471954345703,127.35980987548828,88.24658203125,-0.004514697473496199,2.227430582046509,-0.003322879085317254,4.670574188232422,-0.02627176232635975,7.179235935211182,-0.04656907916069031,9.842154502868652
16126237055,0,127.53500366210938,136.01519775390625,127.95260620117188,105.03772735595703,127.573486328125,94.13683319091797,127.42623901367188,88.42179870605469,-0.008584541268646717,2.1993825435638428,-0.0016953604063019156,4.6366658210754395,-0.022770265117287636,7.116882801055908,-0.041291527450084686,9.73287296295166
16151237055,0,127.77226257324219,137.081298828125,127.96807861328125,105.96154022216797,127.56478881835938,94.85442352294922,127.39733123779297,88.99246215820312,-0.004135507624596357,2.15680193901062,-0.0011108234757557511,4.499660015106201,-0.022505072876811028,6.880866050720215,-0.04191534221172333,9.392578125
16176237056,0,128.23179626464844,136.44650268554688,127.7232894897461,106.12293243408203,127.23358154296875,95.18173217773438,127.05657196044922,89.31805419921875,0.004250673111528158,2.1819863319396973,-0.009583628736436367,4.476485729217529,-0.03907245770096779,6.7780656814575195,-0.06438138335943222,9.20846939086914
16201237056,0,128.42608642578125,135.748291015625,127.80464935302734,106.1689682006836,127.27909088134766,95.52747344970703,127.0353775024414,89.71160888671875,0.007899139076471329,2.210265874862671,-0.006756684277206659,4.469915866851807,-0.03621228411793709,6.672582626342773,-0.06436504423618317,8.99496841430664
16226237056,0,128.2297821044922,136.36807250976562,128.0573272705078,106.79978942871094,127.52084350585938,95.97822570800781,127.27679443359375,90.05097198486328,0.004218872170895338,2.1851325035095215,0.00194686243776232,4.3816375732421875,-0.023616252467036247,6.539628982543945,-0.04734911024570465,8.818340301513672
16251237057,0,128.02511596679688,137.6423797607422,128.2529754638672,107.88599395751953,127.73314666748047,96.69268035888672,127.52579498291016,90.6036148071289,0.0004521850496530533,2.1349475383758545,0.008331133052706718,4.236906051635742,-0.01277188677340746,6.338839054107666,-0.030124474316835403,8.544498443603516
16276237057,0,127.86251831054688,138.08522033691406,128.18499755859375,108.25801086425781,127.77574157714844,97.15696716308594,127.64749145507812,91.18578338623047,-0.002458618488162756,2.1179606914520264,0.0060299355536699295,4.189330577850342,-0.010535160079598427,6.2144694328308105,-0.021714044734835625,8.273088455200195
16301237057,0,127.6233139038086,138.39991760253906,128.25518798828125,109.2174072265625,127.84861755371094,97.95396423339844,127.72880554199219,91.85269927978516,-0.006704443134367466,2.106027126312256,0.008103352971374989,4.071025848388672,-0.006893225479871035,6.011352062225342,-0.016144026070833206,7.981730937957764
16326237058,0,127.8066635131836,138.8111114501953,128.26034545898438,109.80793762207031,127.81378173828125,97.78925323486328,127.6923828125,91.29429626464844,-0.003419918939471245,2.0906035900115967,0.008137999102473259,4.00119161605835,-0.008533637039363384,6.052299976348877,-0.01884222775697708,8.224309921264648
16351237058,0,128.13014221191406,139.2503662109375,128.27731323242188,110.2671890258789,127.76223754882812,97.7723617553711,127.56430053710938,91.07365417480469,0.0022870423272252083,2.074335813522339,0.008564354851841927,3.9483723640441895,-0.01090284064412117,6.056528568267822,-0.026996269822120667,8.324075698852539
16376237059,0,127.648193359375,139.77085876464844,128.2984161376953,111.88378143310547,127.8145751953125,98.54022979736328,127.66200256347656,91.56068420410156,-0.006134959403425455,2.0553324222564697,0.008842531591653824,3.7721219062805176,-0.008256837725639343,5.869726657867432,-0.020421141758561134,8.106860160827637
16401237059,0,127.0993881225586,139.52003479003906,128.00230407714844,110.71826171875,127.66523742675781,98.19032287597656,127.5731201171875,91.51716613769531,-0.01576361060142517,2.064453601837158,7.032856956357136e-05,3.8977131843566895,-0.015105903148651123,5.953491687774658,-0.02584875002503395,8.12582778930664
16426237059,0,128.38333129882812,139.25509643554688,128.49806213378906,109.71717834472656,128.0854034423828,97.31143188476562,128.0282745361328,90.69721984863281,0.0067359632812440395,2.0741617679595947,0.015606122091412544,4.011782646179199,0.003987579140812159,6.1741042137146,0.0017871832242235541,8.49971866607666
16451237060,0,129.2554168701172,139.34344482421875,128.85116577148438,109.87249755859375,128.32745361328125,97.23908233642578,128.22265625,90.48653411865234,0.02203146182000637,2.070915937423706,0.02656078152358532,3.99368953704834,0.015332990325987339,6.192949295043945,0.01423410139977932,8.601146697998047
16476237060,0,129.2908935546875,138.92953491210938,128.7305450439453,108.7902603149414,128.2415313720703,96.57766723632812,128.12387084960938,90.01407623291016,0.022794142365455627,2.0861966609954834,0.02346738986670971,4.122936248779297,0.011614046059548855,6.370373725891113,0.008126579225063324,8.837221145629883
16501237060,0,129.36404418945312,138.94393920898438,128.64492797851562,108.79480743408203,128.25857543945312,96.5733642578125,128.18807983398438,89.99836730957031,0.024080626666545868,2.0856616497039795,0.020714541897177696,4.122376918792725,0.012435787357389927,6.371559143066406,0.012349795550107956,8.845283508300781
16526237061,0,129.52044677734375,138.50555419921875,128.3911590576172,108.42437744140625,128.06167602539062,96.42252349853516,128.03018188476562,89.90623474121094,0.027018669992685318,2.102046489715576,0.012691468000411987,4.168368816375732,0.0029845337849110365,6.413382530212402,0.0019920156337320805,8.892852783203125
16551237061,0,130.4737091064453,137.9561309814453,128.54486083984375,107.9134750366211,128.16317749023438,96.01268005371094,128.11598205566406,89.5439224243164,0.04432452470064163,2.1228888034820557,0.017929937690496445,4.233357906341553,0.008031011559069157,6.529671669006348,0.007812945172190666,9.084766387939453
16576237061,0,131.0857696533203,138.30335998535156,128.6243438720703,108.43338012695312,128.1402130126953,96.30341339111328,128.09881591796875,89.69378662109375,0.055002015084028244,2.1096765995025635,0.02025233395397663,4.167240142822266,0.006818230729550123,6.446774482727051,0.006600195541977882,9.00443172454834
16601237062,0,130.61192321777344,137.4976043701172,128.41171264648438,107.7481918334961,128.0754852294922,95.95542907714844,128.07879638671875,89.5103988647461,0.047128722071647644,2.1405508518218994,0.0136110233142972,4.2547807693481445,0.0037239915691316128,6.546233177185059,0.005318154115229845,9.102924346923828
16626237062,0,130.64230346679688,137.77664184570312,128.53024291992188,108.24957275390625,128.11521911621094,96.39219665527344,128.12176513671875,89.87693786621094,0.047474637627601624,2.1297733783721924,0.0172871183604002,4.190398693084717,0.005582442507147789,6.421853542327881,0.008049714379012585,8.908082008361816
16651237063,0,131.1339569091797,138.01339721679688,128.59988403320312,108.6155776977539,128.09634399414062,96.73945617675781,128.13232421875,90.19403076171875,0.05610629543662071,2.1207003593444824,0.019362080842256546,4.1445136070251465,0.0046024080365896225,6.326097011566162,0.00859530083835125,8.745857238769531
16676237063,0,131.08029174804688,137.87664794921875,128.5554656982422,108.34839630126953,128.14300537109375,96.54554748535156,128.19873046875,90.03215789794922,0.05526001378893852,2.1259326934814453,0.01806020364165306,4.177918434143066,0.006885417737066746,6.379233360290527,0.013024689629673958,8.827958106994629
16701237063,0,130.6558837890625,138.61273193359375,128.42254638671875,109.06092834472656,128.02020263671875,96.95429229736328,128.06407165527344,90.3298110961914,0.04711969569325447,2.0980207920074463,0.013474377803504467,4.089903354644775,0.0009567830129526556,6.268191337585449,0.004131032153964043,8.678108215332031
16726237064,0,129.7851104736328,138.28062438964844,127.90553283691406,108.63435363769531,127.57566833496094,96.64773559570312,127.67121887207031,90.05103302001953,0.03182945027947426,2.11053729057312,-0.0030474949162453413,4.142184734344482,-0.02034600079059601,6.3511271476745605,-0.021525610238313675,8.81830883026123
16751237064,0,129.35910034179688,138.00396728515625,127.84577178955078,108.0423583984375,127.51793670654297,96.20568084716797,127.60061645507812,89.73222351074219,0.024335043504834175,2.121060371398926,-0.005057096481323242,4.216789722442627,-0.023536257445812225,6.474419116973877,-0.02661813423037529,8.98404598236084
16776237064,0,129.83074951171875,138.32640075683594,127.85626983642578,108.5588607788086,127.44172668457031,96.42638397216797,127.50960540771484,89.78491973876953,0.032620690762996674,2.108804702758789,-0.004646285902708769,4.151564121246338,-0.027010852470993996,6.4123053550720215,-0.03258700296282768,8.956241607666016
16801237065,0,129.91378784179688,137.55789184570312,127.6900863647461,107.77471923828125,127.14056396484375,95.87442016601562,127.13976287841797,89.3685073852539,0.03450002893805504,2.138214349746704,-0.010237999260425568,4.251328945159912,-0.04254331812262535,6.569802284240723,-0.058533743023872375,9.180558204650879
16826237065,0,130.04977416992188,138.14097595214844,127.92122650146484,108.15218353271484,127.25955963134766,96.04946899414062,127.1537857055664,89.50507354736328,0.036625709384679794,2.115838050842285,-0.0025751127395778894,4.202764511108398,-0.03638607636094093,6.519071578979492,-0.057130374014377594,9.105815887451172
16851237066,0,130.33824157714844,138.49295043945312,127.9821548461914,108.23074340820312,127.30586242675781,96.0212631225586,127.17613220214844,89.53704071044922,0.04155893623828888,2.102520704269409,-0.0005820947699248791,4.192784309387207,-0.034150756895542145,6.527195453643799,-0.05552030727267265,9.08848762512207
16876237066,0,130.38050842285156,137.104248046875,127.94849395751953,106.77667236328125,127.408935546875,95.2315673828125,127.34778594970703,89.08175659179688,0.04321266710758209,2.155900716781616,-0.0017503334674984217,4.3848161697387695,-0.03006817027926445,6.762667655944824,-0.04512406885623932,9.341386795043945
16901237066,0,130.0529327392578,137.36517333984375,127.86731719970703,107.13154602050781,127.34184265136719,95.5022201538086,127.30596923828125,89.31707000732422,0.03711751848459244,2.145697832107544,-0.0044634221121668816,4.336483478546143,-0.03309569135308266,6.680181503295898,-0.047364719212055206,9.209015846252441
16926237067,0,130.013916015625,136.37554931640625,127.72193908691406,106.37200927734375,127.22044372558594,95.05939483642578,127.17950439453125,89.0440673828125,0.036971837282180786,2.1848320960998535,-0.00956061203032732,4.441148281097412,-0.0399530753493309,6.816147327423096,-0.05689232051372528,9.362927436828613
16951237067,0,129.6034393310547,135.2714080810547,127.71936798095703,105.5508041381836,127.26457214355469,94.56182861328125,127.21381378173828,88.71728515625,0.029949922114610672,2.2299396991729736,-0.00988518726080656,4.559642314910889,-0.03852267190814018,6.975287914276123,-0.05557894706726074,9.5537691116333
16976237067,0,129.70526123046875,135.55776977539062,127.76963806152344,105.91609954833984,127.26075744628906,94.85930633544922,127.19596862792969,88.9448471069336,0.03170829638838768,2.218090295791626,-0.008027040399610996,4.506224155426025,-0.038218580186367035,6.879310607910156,-0.056077152490615845,9.42009449005127
17001237068,0,129.39154052734375,135.14126586914062,127.55057525634766,105.45035552978516,127.08416748046875,94.59662628173828,127.03742218017578,88.81820678710938,0.026045531034469604,2.2353603839874268,-0.015878405421972275,4.574535846710205,-0.047898631542921066,6.963930606842041,-0.0676405057311058,9.494039535522461
17026237068,0,129.14710998535156,135.265380859375,127.4930191040039,105.2767105102539,127.07198333740234,94.33226013183594,127.0708236694336,88.5528335571289,0.021428391337394714,2.2301902770996094,-0.018005361780524254,4.600493907928467,-0.04911043122410774,7.0511040687561035,-0.06634014844894409,9.65265941619873
17051237069,0,129.1187286376953,133.54002380371094,127.4071273803711,104.50933837890625,127.02576446533203,93.91793060302734,127.0173110961914,88.29267120361328,0.0214841291308403,2.30393123626709,-0.021552810445427895,4.718529224395752,-0.0525309257209301,7.191956996917725,-0.07128109782934189,9.813180923461914
17076237069,0,128.92225646972656,133.2420196533203,127.23143005371094,104.32501983642578,126.83360290527344,93.74608612060547,126.83467102050781,88.14318084716797,0.01779724843800068,2.3170886039733887,-0.028099283576011658,4.747714996337891,-0.06338930130004883,7.251951217651367,-0.08531199395656586,9.907757759094238
17101237069,0,128.8880157470703,133.7215576171875,127.35238647460938,104.58772277832031,126.92900085449219,93.84475708007812,126.90562438964844,88.19633483886719,0.017003346234560013,2.295978307723999,-0.023486189544200897,4.706217288970947,-0.057941876351833344,7.217388153076172,-0.07985467463731766,9.873929977416992
17126237070,0,128.57421875,133.60842895507812,127.26294708251953,104.40966796875,126.84244537353516,93.6729507446289,126.79756164550781,88.03865814208984,0.011015085503458977,2.300928831100464,-0.026876624673604965,4.734270095825195,-0.06312102824449539,7.277772426605225,-0.08860238641500473,9.974932670593262
17151237070,0,127.82146453857422,134.1178436279297,127.10433959960938,104.2450942993164,126.72433471679688,93.48081970214844,126.7010498046875,87.88066864013672,-0.0033967122435569763,2.2787792682647705,-0.03282693773508072,4.760474681854248,-0.07018373906612396,7.346445083618164,-0.0966661274433136,10.078147888183594
17176237070,0,127.36077880859375,136.10989379882812,127.0369644165039,105.15386962890625,126.61267852783203,93.88047790527344,126.57017517089844,88.0679931640625,-0.011783566325902939,2.195543050765991,-0.03432881087064743,4.619021892547607,-0.07493261992931366,7.204952239990234,-0.10516515374183655,9.955991744995117
17201237071,0,127.82958984375,134.9545135498047,127.01734924316406,104.56636047363281,126.65995025634766,93.6292495727539,126.65727233886719,87.96753692626953,-0.003199036931619048,2.243178129196167,-0.03565993905067444,4.709566593170166,-0.07322005927562714,7.293285369873047,-0.09938037395477295,10.021143913269043
17226237071,0,128.00732421875,135.187744140625,127.03020477294922,104.4083251953125,126.70330047607422,93.63350677490234,126.69265747070312,88.09282684326172,0.00013698692782782018,2.233422040939331,-0.0353650338947773,4.734482765197754,-0.07083747535943985,7.291771411895752,-0.0960080474615097,9.940010070800781
17251237072,0,128.18853759765625,135.26123046875,126.97480010986328,104.35657501220703,126.63153839111328,93.64740753173828,126.61160278320312,88.16816711425781,0.0035221753641963005,2.230362892150879,-0.03744524344801903,4.742694854736328,-0.07470976561307907,7.286832332611084,-0.10148540139198303,9.891828536987305
17276237072,0,128.3939971923828,135.43722534179688,126.8525161743164,104.26315307617188,126.47540283203125,93.57521057128906,126.450439453125,88.15301513671875,0.007340059150010347,2.223065137863159,-0.04203300178050995,4.7575860023498535,-0.08351235091686249,7.312554359436035,-0.11337194591760635,9.901482582092285
17301237072,0,128.19400024414062,135.2236328125,126.88450622558594,104.31182098388672,126.49278259277344,93.6690444946289,126.46318054199219,88.24862670898438,0.0036263815127313137,2.2319271564483643,-0.040799643844366074,4.749817848205566,-0.08220282942056656,7.279156684875488,-0.11177811771631241,9.840865135192871
17326237073,0,127.69132232666016,132.97235107421875,126.6913833618164,103.63011932373047,126.33747100830078,93.3119125366211,126.2967758178711,88.03777313232422,-0.0059830546379089355,2.329105854034424,-0.04889475554227829,4.860808372497559,-0.09219289571046829,7.407839298248291,-0.12551000714302063,9.975504875183105
17351237073,0,127.67117309570312,131.07936096191406,126.69871520996094,102.81700897216797,126.29938507080078,92.85074615478516,126.19609069824219,87.76411437988281,-0.006577823776751757,2.416550397872925,-0.04990367591381073,4.999615669250488,-0.09639067202806473,7.58052921295166,-0.13523708283901215,10.155620574951172
17376237073,0,127.8236312866211,130.9282989501953,127.00604248046875,102.84223937988281,126.59803009033203,92.99808502197266,126.45890045166016,87.94989776611328,-0.0035371077246963978,2.4237704277038574,-0.038086630403995514,4.9951982498168945,-0.07890593260526657,7.524531841278076,-0.1141887828707695,10.032669067382812
17401237074,0,127.71936798095703,130.1852569580078,126.78321838378906,102.3093032836914,126.33434295654297,92.59063720703125,126.17679595947266,87.64007568359375,-0.00570000009611249,2.4598305225372314,-0.0474446602165699,5.090063571929932,-0.0956018790602684,7.681342601776123,-0.13776759803295135,10.239335060119629
17426237074,0,127.77886962890625,129.234619140625,126.80686950683594,101.94615173339844,126.40192413330078,92.4897689819336,126.26668548583984,87.65614318847656,-0.004566045477986336,2.507331132888794,-0.047086622565984726,5.15664005279541,-0.09217453747987747,7.721126079559326,-0.13084082305431366,10.228416442871094
17451237075,0,127.86125183105469,128.9263458251953,126.62223815917969,101.914794921875,126.24658966064453,92.4664077758789,126.14470672607422,87.63526153564453,-0.0028804780449718237,2.5230751037597656,-0.054430052638053894,5.162464618682861,-0.10124942660331726,7.730395793914795,-0.1402355283498764,10.242610931396484
17476237075,0,127.8743896484375,128.25572204589844,126.60384368896484,101.5710220336914,126.20262145996094,92.11117553710938,126.03944396972656,87.30475616455078,-0.0026388175319880247,2.5579211711883545,-0.05579796060919762,5.227129936218262,-0.10562160611152649,7.874006748199463,-0.15139219164848328,10.472436904907227
17501237075,0,127.98956298828125,128.18789672851562,126.4209213256836,101.71745300292969,125.9870376586914,92.28121948242188,125.80130767822266,87.46122741699219,-0.00021952502720523626,2.5614917278289795,-0.06279756873846054,5.199402809143066,-0.1172984391450882,7.8046345710754395,-0.16806261241436005,10.362404823303223
17526237076,0,127.83959197998047,128.00096130371094,126.50367736816406,101.63874816894531,126.05970764160156,92.13796997070312,125.85674285888672,87.25166320800781,-0.0033851757179945707,2.5713772773742676,-0.05966449901461601,5.214271545410156,-0.1138681173324585,7.862997531890869,-0.16607631742954254,10.510285377502441
17551237076,0,128.0115203857422,127.70602416992188,126.89002227783203,101.31864929199219,126.53240203857422,91.91548156738281,126.37340545654297,87.06021118164062,0.0002444080600980669,2.5871095657348633,-0.04474257305264473,5.275568008422852,-0.08708973228931427,7.955308437347412,-0.12764355540275574,10.648982048034668
17576237076,0,128.14601135253906,127.99898529052734,126.99103546142578,101.58747100830078,126.62970733642578,92.17069244384766,126.46846008300781,87.280029296875,0.0030814639758318663,2.5714821815490723,-0.04030126705765724,5.224001884460449,-0.08028660714626312,7.8495917320251465,-0.11845538020133972,10.490031242370605
17601237077,0,128.04627990722656,128.08786010742188,126.78689575195312,101.53314208984375,126.41911315917969,92.09037780761719,126.27737426757812,87.19387817382812,0.0009751563193276525,2.5667736530303955,-0.048544395714998245,5.234347820281982,-0.09299580007791519,7.882571697235107,-0.13399016857147217,10.551778793334961
17626237077,0,127.97654724121094,128.7174072265625,126.72478485107422,101.85833740234375,126.31991577148438,92.27114868164062,126.17369079589844,87.2983169555664,-0.0004886841052211821,2.533843517303467,-0.05047409236431122,5.172982692718506,-0.09794975072145462,7.80871057510376,-0.14108514785766602,10.47701358795166
17651237078,0,127.7929458618164,129.36911010742188,126.20488739013672,101.94218444824219,125.71136474609375,92.21139526367188,125.49333190917969,87.19204711914062,-0.004265367519110441,2.5005154609680176,-0.0708530992269516,5.157376289367676,-0.13382305204868317,7.83297872543335,-0.19499845802783966,10.553098678588867
17676237078,0,127.95512390136719,128.67593383789062,126.0499267578125,102.0015869140625,125.4646987915039,92.34292602539062,125.11742401123047,87.31875610351562,-0.0009357655071653426,2.535989999771118,-0.07681699842214584,5.1463727951049805,-0.1472877860069275,7.7797465324401855,-0.22238625586032867,10.462501525878906
17701237078,0,127.93580627441406,129.40896606445312,126.24820709228516,102.29588317871094,125.661376953125,92.51139068603516,125.33676147460938,87.4465560913086,-0.001321488874964416,2.498501777648926,-0.06833604723215103,5.092495441436768,-0.13474595546722412,7.712564945220947,-0.20376473665237427,10.372627258300781
17726237079,0,128.1754913330078,130.005859375,126.4712905883789,102.17849731445312,125.97393798828125,92.23326110839844,125.73970794677734,87.16078186035156,0.0035754810087382793,2.4686756134033203,-0.05986568704247475,5.1138596534729,-0.11834161728620529,7.824081897735596,-0.17619501054286957,10.575687408447266
17751237079,0,128.150634765625,130.68984985351562,126.11457824707031,102.24699401855469,125.55271911621094,92.1113052368164,125.30481719970703,87.00334930419922,0.003033282468095422,2.4352431297302246,-0.07366766780614853,5.101372718811035,-0.14381170272827148,7.873953342437744,-0.21230033040046692,10.69085693359375
17776237079,0,128.4425811767578,129.44287109375,126.60478210449219,101.92900085449219,126.1761474609375,92.04048919677734,126.03301239013672,87.01853942871094,0.009105576202273369,2.496790885925293,-0.05509351193904877,5.159824371337891,-0.10755535960197449,7.9031901359558105,-0.1547834575176239,10.679638862609863
17801237080,0,128.0179443359375,128.37962341308594,126.75111389160156,101.62350463867188,126.36415100097656,91.84896850585938,126.21870422363281,86.88481140136719,0.0003761455009225756,2.5514206886291504,-0.0498238243162632,5.217161178588867,-0.09739932417869568,7.983307361602783,-0.1414305716753006,10.779180526733398
17826237080,0,127.80198669433594,128.01715087890625,127.07591247558594,101.46035766601562,126.83636474609375,91.73072814941406,126.77970886230469,86.78787994384766,-0.004177572205662727,2.5705184936523438,-0.03707026690244675,5.248267650604248,-0.06969865411520004,8.03354549407959,-0.09752324968576431,10.852458000183105
17851237080,0,127.90361022949219,127.40948486328125,127.30530548095703,101.23391723632812,127.07589721679688,91.58641815185547,126.98571014404297,86.66075134277344,-0.0020558785181492567,2.603095769882202,-0.02808390185236931,5.292017936706543,-0.055759117007255554,8.095683097839355,-0.08176293969154358,10.950032234191895
17876237081,0,128.0973663330078,126.8843765258789,127.38987731933594,100.76850891113281,127.13546752929688,91.3167953491211,127.00714111328125,86.50846099853516,0.0020965763833373785,2.6318278312683105,-0.025064004585146904,5.384101867675781,-0.05289284139871597,8.214265823364258,-0.0808754712343216,11.069169998168945
17901237081,0,128.0624237060547,127.20747375488281,127.30020904541016,101.26576232910156,127.02435302734375,91.79283142089844,126.89176940917969,86.9178695678711,0.001336294924840331,2.614084482192993,-0.028259152546525,5.285824775695801,-0.05825529620051384,8.007083892822266,-0.08779584616422653,10.75440788269043
17926237082,0,127.65715789794922,125.23828887939453,127.15416717529297,100.6537857055664,126.90180206298828,91.70133972167969,126.7529067993164,87.04266357421875,-0.007610632106661797,2.7255699634552,-0.034886159002780914,5.407260417938232,-0.06587725877761841,8.046126365661621,-0.0979771539568901,10.661870956420898
17951237082,0,127.43791961669922,124.52948760986328,127.06925201416016,100.43901824951172,126.86724853515625,91.67254638671875,126.76533508300781,87.11058044433594,-0.012645788490772247,2.767744302749634,-0.0386783666908741,5.45111608505249,-0.06804946064949036,8.058487892150879,-0.09656473994255066,10.612151145935059
17976237082,0,127.79249572753906,124.94371795654297,127.232177734375,100.62550354003906,127.03034210205078,91.65289306640625,126.93714904785156,86.96929168701172,-0.0046319435350596905,2.742959976196289,-0.03169992193579674,5.412997722625732,-0.05830995365977287,8.066946983337402,-0.08391154557466507,10.716090202331543
18001237083,0,127.89930725097656,124.35519409179688,127.23491668701172,100.38726806640625,127.0267562866211,91.51210021972656,126.93553161621094,86.86310577392578,-0.0022729455959051847,2.778289794921875,-0.031851932406425476,5.461782455444336,-0.058947883546352386,8.12804126739502,-0.08463964611291885,10.795506477355957
18026237083,0,128.06039428710938,123.67416381835938,127.2810287475586,100.57950592041016,127.01644897460938,91.7273941040039,126.88805389404297,87.05227661132812,0.0013812523102387786,2.8201775550842285,-0.02973085828125477,5.422353744506836,-0.058922044932842255,8.034971237182617,-0.08730360120534897,10.654806137084961
18051237083,0,128.3824005126953,123.30107116699219,127.3866195678711,100.5654067993164,127.0945816040039,91.77082824707031,126.95907592773438,87.09750366210938,0.008809325285255909,2.8435966968536377,-0.02537699230015278,5.425227642059326,-0.05412215739488602,8.016440391540527,-0.08148253709077835,10.621689796447754
18076237084,0,128.5715789794922,123.969970703125,127.62784576416016,100.85737609863281,127.33042907714844,91.88453674316406,127.17552185058594,87.13291931152344,0.012997936457395554,2.8018486499786377,-0.015241116285324097,5.366290092468262,-0.039795298129320145,7.968311786651611,-0.06438831984996796,10.595895767211914
18101237084,0,128.64794921875,124.44441223144531,127.75373840332031,100.80680847167969,127.50369262695312,91.78501892089844,127.35782623291016,87.04907989501953,0.0146013293415308,2.772883176803589,-0.010103043168783188,5.3764119148254395,-0.02964591793715954,8.010403633117676,-0.05043049901723862,10.65715503692627
18126237085,0,128.67550659179688,124.36824798583984,127.77484130859375,100.86798095703125,127.50262451171875,91.96669006347656,127.35301971435547,87.27806854248047,0.015244465321302414,2.7774977684020996,-0.009217706508934498,5.364171028137207,-0.029439399018883705,7.933879375457764,-0.050046440213918686,10.49142837524414
18151237085,0,128.6515655517578,123.7320785522461,127.72651672363281,100.49628448486328,127.50112915039062,91.72689056396484,127.38263702392578,87.12095642089844,0.01488499902188778,2.816572666168213,-0.011342091485857964,5.439357280731201,-0.029886851087212563,8.035186767578125,-0.04825162515044212,10.604594230651855
18176237085,0,128.7504119873047,123.89077758789062,127.75538635253906,100.73600006103516,127.5472412109375,91.8768310546875,127.41382598876953,87.21797943115234,0.01709071360528469,2.8067352771759033,-0.010060162283480167,5.390645503997803,-0.026919709518551826,7.971555233001709,-0.04552188143134117,10.53443431854248
18201237086,0,128.9575653076172,124.40997314453125,127.88668823242188,100.85579681396484,127.68959045410156,91.80982971191406,127.5575942993164,87.05906677246094,0.021592607721686363,2.774967908859253,-0.0046407971531152725,5.366605281829834,-0.018518464639782906,7.9998698234558105,-0.03471948578953743,10.649821281433105
18226237086,0,128.98037719726562,124.81980895996094,127.923828125,101.11722564697266,127.75569152832031,91.92201232910156,127.64569091796875,87.07254028320312,0.021935472264885902,2.750332832336426,-0.003091685241088271,5.3148298263549805,-0.014492922462522984,7.952569484710693,-0.027780910953879356,10.639944076538086
18251237086,0,128.8526611328125,123.79007720947266,127.89339447021484,100.61753845214844,127.78800964355469,91.58676147460938,127.73220825195312,86.85570526123047,0.01945720985531807,2.8129703998565674,-0.004402487073093653,5.414615631103516,-0.012790989130735397,8.095534324645996,-0.021303677931427956,10.801084518432617
18276237087,0,128.63003540039062,121.71202850341797,127.92533874511719,99.56945037841797,127.8875503540039,90.95764923095703,127.85581970214844,86.47749328613281,0.014978009276092052,2.9472782611846924,-0.0032005002722144127,5.635666370391846,-0.007010100409388542,8.377459526062012,-0.011769640259444714,11.09370231628418
18301237087,0,128.5463104248047,122.05894470214844,127.98837280273438,99.58480072021484,127.92247772216797,90.91722106933594,127.8497085571289,86.41865539550781,0.012897586449980736,2.9240810871124268,-0.0004981450620107353,5.632307052612305,-0.004843059927225113,8.396218299865723,-0.012318565510213375,11.140604019165039
18326237088,0,128.500732421875,121.89813232421875,128.0033721923828,99.19099426269531,127.93830871582031,90.62866973876953,127.86396026611328,86.21286010742188,0.011859655380249023,2.9347939491271973,0.00014656757412012666,5.719672679901123,-0.003913745749741793,8.532468795776367,-0.01131188403815031,11.307706832885742
18351237088,0,128.66775512695312,122.11161804199219,128.11831665039062,99.04090881347656,128.03309631347656,90.46250915527344,127.94361877441406,86.06025695800781,0.015748146921396255,2.9205870628356934,0.005171007942408323,5.753638744354248,0.0021185539662837982,8.612859725952148,-0.004739056807011366,11.434776306152344
18376237088,0,128.7700958251953,122.2362289428711,128.294677734375,98.93722534179688,128.2360076904297,90.33619689941406,128.15347290039062,85.94683837890625,0.018116669729351997,2.9123504161834717,0.01292840950191021,5.777324676513672,0.01521134190261364,8.674945831298828,0.013004886917769909,11.531020164489746
18401237089,0,128.56390380859375,120.93826293945312,128.30252075195312,98.39179992675781,128.2703857421875,90.08238983154297,128.19358825683594,85.83406829833984,0.01361780520528555,3.000202178955078,0.013546803034842014,5.9049882888793945,0.01767171174287796,8.802323341369629,0.016537876799702644,11.628276824951172
18426237089,0,128.54856872558594,121.24223327636719,128.2596435546875,98.54084014892578,128.21871948242188,90.12792205810547,128.1371307373047,85.83932495117188,0.013165700249373913,2.979212999343872,0.011561483144760132,5.869582653045654,0.01425903383642435,8.779210090637207,0.01171036809682846,11.62370777130127
18451237089,0,128.46197509765625,121.0746078491211,128.058349609375,98.5125503540039,128.04690551757812,90.0838851928711,128.02294921875,85.79808044433594,0.01112531591206789,2.990755319595337,0.002600980456918478,5.876272678375244,0.003065369324758649,8.801562309265137,0.0019656214863061905,11.659647941589355
18476237090,0,128.45851135253906,120.76847076416016,128.01783752441406,98.61470794677734,128.00643920898438,90.24323272705078,127.98334503173828,85.95274353027344,0.011111215688288212,3.012040376663208,0.0007920699426904321,5.852181911468506,0.00041713955579325557,8.721190452575684,-0.00141070073004812,11.525970458984375
18501237090,0,128.36000061035156,121.27220153808594,127.95975494384766,98.63601684570312,127.93766021728516,90.22224426269531,127.91328430175781,85.93972778320312,0.00863479170948267,2.9771573543548584,-0.0017856400227174163,5.847179889678955,-0.004043095745146275,8.731696128845215,-0.007351805921643972,11.537104606628418
18526237091,0,128.28216552734375,121.09809112548828,127.89816284179688,98.41844177246094,127.8851318359375,90.08448791503906,127.85913848876953,85.84761047363281,0.006791879888623953,2.989133596420288,-0.0045556435361504555,5.898630142211914,-0.007506613619625568,8.801255226135254,-0.012021762318909168,11.6165132522583
18551237091,0,128.30068969726562,120.79292297363281,128.03640747070312,98.10641479492188,127.98513793945312,89.90052795410156,127.89926147460938,85.72632598876953,0.007283034268766642,3.0103304386138916,0.0016481392085552216,5.973911762237549,-0.0009812141070142388,8.895814895629883,-0.008673450909554958,11.72269058227539
18576237091,0,128.57406616210938,121.25753021240234,128.1520233154297,98.21866607666016,128.0887451171875,89.947265625,128.00271606445312,85.76318359375,0.013773362152278423,2.978163480758667,0.006852519232779741,5.9466233253479,0.005843820050358772,8.871607780456543,0.0002332232252229005,11.690225601196289
18601237092,0,128.7547607421875,121.69830322265625,128.1573028564453,98.39091491699219,128.08404541015625,90.04391479492188,128.01161193847656,85.81396484375,0.017948094755411148,2.94820237159729,0.007044218480587006,5.905200004577637,0.005504703149199486,8.821946144104004,0.0009934294503182173,11.645781517028809
18626237092,0,128.7441864013672,122.16917419433594,128.05230712890625,98.49882507324219,127.97367095947266,90.03639221191406,127.8994369506836,85.75818634033203,0.017530545592308044,2.9167776107788086,0.002332839649170637,5.879523277282715,-0.0017251863609999418,8.82579231262207,-0.008638291619718075,11.69461727142334
18651237092,0,128.73257446289062,122.65646362304688,127.98077392578125,98.65078735351562,127.90691375732422,90.10353088378906,127.8624038696289,85.80015563964844,0.01709100417792797,2.8848719596862793,-0.0008525722660124302,5.843717575073242,-0.006076770834624767,8.791577339172363,-0.011783462017774582,11.657835006713867
18676237093,0,128.63128662109375,123.28500366210938,127.92469024658203,98.86913299560547,127.81490325927734,90.18677520751953,127.74272155761719,85.83456420898438,0.01454744953662157,2.8446130752563477,-0.0033124415203928947,5.792979717254639,-0.012028008699417114,8.749505996704102,-0.021978016942739487,11.62784481048584
18701237093,0,128.50062561035156,123.09149169921875,127.78302001953125,98.8965072631836,127.65782165527344,90.20904541015625,127.58649444580078,85.86898803710938,0.011580174788832664,2.8569021224975586,-0.009533983655273914,5.786676406860352,-0.022208334878087044,8.73831558227539,-0.03523604944348335,11.597990989685059
18726237094,0,128.53746032714844,122.71896362304688,127.87027740478516,98.57363891601562,127.73703002929688,89.97138977050781,127.65213012695312,85.672607421875,0.012523528188467026,2.880824089050293,-0.005769195035099983,5.861844062805176,-0.017293190583586693,8.859161376953125,-0.03006879985332489,11.770318984985352
18751237094,0,128.40188598632812,122.34989929199219,127.74861145019531,98.61094665527344,127.63137817382812,90.05616760253906,127.57667541503906,85.7718276977539,0.009433109313249588,2.904872179031372,-0.011164410971105099,5.853065490722656,-0.024127157405018806,8.815688133239746,-0.03632725030183792,11.682637214660645
18776237094,0,128.31744384765625,123.37847137451172,127.71683502197266,98.82669067382812,127.53937530517578,90.14053344726562,127.43998718261719,85.8470458984375,0.007301907986402512,2.838710308074951,-0.01247449778020382,5.802777290344238,-0.030008740723133087,8.772828102111816,-0.047795992344617844,11.617003440856934
18801237095,0,128.36703491210938,122.7674331665039,127.75437927246094,98.2894287109375,127.6133804321289,89.82189178466797,127.52941131591797,85.64701843261719,0.008544228039681911,2.8776917457580566,-0.011041663587093353,5.929540157318115,-0.0256377961486578,8.9368314743042,-0.040752507746219635,11.793139457702637
18826237095,0,128.330322265625,122.93397521972656,127.88365173339844,98.4618911743164,127.75196838378906,89.88626861572266,127.64989471435547,85.6792221069336,0.007664448115974665,2.866974115371704,-0.005196245387196541,5.8882880210876465,-0.01638845168054104,8.903225898742676,-0.030247388407588005,11.764433860778809
18851237095,0,128.26246643066406,123.20362854003906,127.8657455444336,98.55947875976562,127.73414611816406,89.91780090332031,127.62317657470703,85.68482971191406,0.006057921797037125,2.8497695922851562,-0.005973925348371267,5.865182876586914,-0.017535129562020302,8.88685417175293,-0.03254236653447151,11.75944995880127
18876237096,0,128.147216796875,123.08101654052734,127.78817749023438,98.29857635498047,127.7016372680664,89.7235336303711,127.6518325805664,85.53182983398438,0.003406030125916004,2.857570171356201,-0.009518981911242008,5.927338600158691,-0.019895043224096298,8.988646507263184,-0.030407607555389404,11.896932601928711
18901237096,0,127.97965240478516,123.32613372802734,127.66790771484375,98.43729400634766,127.62086486816406,89.79220581054688,127.62104797363281,85.58786010742188,-0.0004685168096330017,2.842012882232666,-0.014845416881144047,5.894138336181641,-0.025183429941534996,8.952409744262695,-0.03295974060893059,11.84622573852539
18926237097,0,128.03256225585938,123.09908294677734,127.64054870605469,98.44686889648438,127.56304931640625,89.82611083984375,127.54362487792969,85.61700439453125,0.0007530989241786301,2.8564183712005615,-0.016062621027231216,5.891860008239746,-0.028968529775738716,8.934621810913086,-0.03960874304175377,11.820015907287598
18951237097,0,127.89179992675781,121.8271255493164,127.70539093017578,97.83357238769531,127.63155364990234,89.47134399414062,127.6197280883789,85.38607025146484,-0.002566329203546047,2.9395463466644287,-0.013477591797709465,6.04123067855835,-0.024922901764512062,9.124167442321777,-0.033573128283023834,12.030832290649414
18976237097,0,128.05026245117188,121.92784881591797,127.75984191894531,97.87898254394531,127.69660186767578,89.48895263671875,127.69020080566406,85.39844512939453,0.001189738279208541,2.9328091144561768,-0.010967324487864971,6.029928207397461,-0.020502164959907532,9.114577293395996,-0.027326030656695366,12.019351959228516
19001237098,0,127.94886779785156,121.65609741210938,127.76823425292969,97.8134536743164,127.70411682128906,89.49313354492188,127.69216918945312,85.41018676757812,-0.0012169494293630123,2.9510483741760254,-0.01061093807220459,6.046250343322754,-0.019989563152194023,9.112303733825684,-0.027128633111715317,12.008478164672852
19026237098,0,127.91949462890625,121.88987731933594,127.74931335449219,97.95437622070312,127.69184112548828,89.59678649902344,127.68975067138672,85.48006439208984,-0.0019070542184635997,2.9353456497192383,-0.011414877139031887,6.011249542236328,-0.020696265622973442,9.056272506713867,-0.027200039476156235,11.944154739379883
19051237098,0,128.03445434570312,121.30696868896484,127.79148864746094,97.7447280883789,127.73403930664062,89.50372314453125,127.72615051269531,85.42643737792969,0.000825821771286428,2.974776268005371,-0.009571765549480915,6.0634589195251465,-0.017957160249352455,9.106549263000488,-0.024104703217744827,11.99345874786377
19076237099,0,128.0755157470703,119.36126708984375,127.95594024658203,97.0770492553711,127.93470764160156,89.13304138183594,127.9281997680664,85.1597671508789,0.0018843641737475991,3.1134190559387207,-0.0020764251239597797,6.235549449920654,-0.004503794480115175,9.312228202819824,-0.0064480481669306755,12.244600296020508
19101237099,0,128.3232421875,118.94017028808594,128.077880859375,97.23098754882812,128.07749938964844,89.3653335571289,128.07347106933594,85.3798599243164,0.008138306438922882,3.1449379920959473,0.0036479351110756397,6.195064544677734,0.005274312105029821,9.182310104370117,0.006489562802016735,12.036602020263672
19126237099,0,128.37269592285156,118.34712982177734,128.1330108642578,97.12582397460938,128.12745666503906,89.3188705444336,128.1057891845703,85.35187530517578,0.00950347539037466,3.1902976036071777,0.006256298627704382,6.222668170928955,0.008697484619915485,9.208017349243164,0.009363746270537376,12.062668800354004
19151237100,0,128.54151916503906,117.95155334472656,128.23072814941406,97.02067565917969,128.21888732910156,89.26611328125,128.18496704101562,85.31346130371094,0.013927215710282326,3.221204996109009,0.010898134671151638,6.250499248504639,0.014982236549258232,9.237374305725098,0.01641927659511566,12.098628044128418
19176237100,0,128.5709228515625,118.80548095703125,128.11363220214844,97.5231704711914,128.0947723388672,89.60221862792969,128.0579833984375,85.56217956542969,0.014415554702281952,3.1551389694213867,0.005261595360934734,6.119565963745117,0.006363042164593935,9.053353309631348,0.005052715539932251,11.869414329528809
19201237101,0,128.8393096923828,119.05990600585938,128.1971893310547,97.54341125488281,128.15834045410156,89.6155014038086,128.1140899658203,85.56649780273438,0.021077632904052734,3.135918378829956,0.009123366326093674,6.114399433135986,0.010623008944094181,9.046225547790527,0.009938717819750309,11.865509033203125
19226237101,0,128.61398315429688,119.12213134765625,128.19566345214844,97.62370300292969,128.1545867919922,89.75200653076172,128.08438110351562,85.7222900390625,0.015398632735013962,3.131249189376831,0.009024403057992458,6.093986988067627,0.010291426442563534,8.973587989807129,0.007267235778272152,11.726256370544434
19251237101,0,128.5224609375,118.88663482666016,128.22976684570312,97.4594955444336,128.19711303710938,89.66468811035156,128.141845703125,85.65894317626953,0.013169079087674618,3.1489856243133545,0.010665671899914742,6.135871410369873,0.013187426142394543,9.019923210144043,0.0122729716822505,11.78249454498291
19276237102,0,128.5533447265625,118.87040710449219,128.22901916503906,97.49119567871094,128.19754028320312,89.69000244140625,128.15138244628906,85.67887878417969,0.013952360488474369,3.150214195251465,0.010617743246257305,6.127743244171143,0.013197097927331924,9.00644302368164,0.01307903416454792,11.764739990234375
19301237102,0,128.73631286621094,118.99102020263672,128.30392456054688,97.51319885253906,128.26351928710938,89.71815490722656,128.21514892578125,85.68457794189453,0.018518174067139626,3.141101837158203,0.014078342355787754,6.122114181518555,0.017576992511749268,8.991497039794922,0.018580542877316475,11.759673118591309
19326237102,0,128.5659637451172,118.94415283203125,128.2698974609375,97.14463806152344,128.25491333007812,89.36609649658203,128.2005615234375,85.3836898803711,0.01424812525510788,3.144637107849121,0.012685397639870644,6.217712879180908,0.017347661778330803,9.181888580322266,0.017710156738758087,12.03304386138916
19351237103,0,128.580078125,119.7062759399414,128.18759155273438,97.33491516113281,128.16024780273438,89.46236419677734,128.12986755371094,85.45011901855469,0.014370161108672619,3.088010549545288,0.0087507339194417,6.168010711669922,0.010845252312719822,9.129064559936523,0.011411038227379322,11.971637725830078
19376237103,0,128.6802520751953,120.34332275390625,128.0983123779297,97.37813568115234,128.0659942626953,89.44984436035156,128.06558227539062,85.42521667480469,0.01662968471646309,3.0420470237731934,0.0045782458037137985,6.156824588775635,0.004469564650207758,9.13590145111084,0.005773189943283796,11.994585990905762
19401237104,0,128.62155151367188,119.92339324951172,128.03182983398438,97.26799774169922,127.99258422851562,89.45255279541016,127.97725677490234,85.4956283569336,0.015327814035117626,3.0722079277038574,0.0014887240249663591,6.1854047775268555,-0.0005021668621338904,9.134422302246094,-0.0019916342571377754,11.92991828918457
19426237104,0,128.45541381835938,119.41075134277344,127.95973205566406,97.06523895263672,127.94320678710938,89.34281158447266,127.93485260009766,85.42268371582031,0.011352199129760265,3.1097521781921387,-0.0018986208597198129,6.238675594329834,-0.003870147978886962,9.194753646850586,-0.005735989660024643,11.99692440032959
19451237104,0,128.54270935058594,118.8687744140625,127.9721450805664,96.96195983886719,127.93659973144531,89.25393676757812,127.91014099121094,85.34232330322266,0.013684671372175217,3.1503379344940186,-0.0013187845470383763,6.266142845153809,-0.004342637024819851,9.244175910949707,-0.007959408685564995,12.0715913772583
19476237105,0,128.4066162109375,118.59056091308594,127.95394134521484,96.91868591308594,127.90470123291016,89.24694061279297,127.87141418457031,85.35004425048828,0.010314243845641613,3.1715385913848877,-0.002184422919526696,6.277719020843506,-0.006530190352350473,9.248087882995605,-0.011383111588656902,12.064377784729004
19501237105,0,128.5304718017578,117.45917510986328,127.9241943359375,96.61615753173828,127.88178253173828,89.10308837890625,127.86433410644531,85.25060272216797,0.013790861703455448,3.2604269981384277,-0.003639418864622712,6.359787464141846,-0.008168790489435196,9.32923698425293,-0.012100008316338062,12.157918930053711
19526237105,0,128.51278686523438,117.76383972167969,127.9600601196289,96.70679473876953,127.88479614257812,89.10694885253906,127.83634185791016,85.2240219116211,0.01324235089123249,3.236058473587036,-0.0019104733364656568,6.334988594055176,-0.007958754897117615,9.327041625976562,-0.014625970274209976,12.183160781860352
19551237106,0,128.04637145996094,117.16709899902344,127.80219268798828,96.24093627929688,127.73963165283203,88.71681213378906,127.69388580322266,84.9049301147461,0.0012133307754993439,3.28409743309021,-0.00964369811117649,6.464420795440674,-0.018407100811600685,9.554051399230957,-0.028033575043082237,12.49429702758789
19576237106,0,127.90692138671875,117.6275634765625,127.56991577148438,96.56785583496094,127.46430969238281,89.00245666503906,127.38658905029297,85.14933013916016,-0.00241086701862514,3.246918201446533,-0.020688876509666443,6.373077392578125,-0.03723511844873428,9.386820793151855,-0.05513133481144905,12.254636764526367
19601237107,0,127.89570617675781,118.45067596435547,127.49716186523438,96.98538208007812,127.40178680419922,89.22881317138672,127.34780883789062,85.27975463867188,-0.0026534886565059423,3.1822943687438965,-0.02378443442285061,6.259893417358398,-0.041034698486328125,9.258238792419434,-0.058041077107191086,12.130351066589355
19626237107,0,127.9752426147461,118.07015228271484,127.63288879394531,96.865966796875,127.5442886352539,89.15996551513672,127.49461364746094,85.2261734008789,-0.0006350906915031374,3.2118828296661377,-0.01744789071381092,6.291876792907715,-0.0313851423561573,9.296989440917969,-0.045158546417951584,12.181114196777344
19651237107,0,128.0040283203125,117.47447967529297,127.53778839111328,96.48139953613281,127.44361114501953,88.86784362792969,127.40210723876953,84.98310852050781,0.00010469040716998279,3.25919508934021,-0.022312860935926437,6.396996974945068,-0.03898248076438904,9.464923858642578,-0.054424598813056946,12.41665267944336
19676237108,0,127.99186706542969,117.33007049560547,127.5787124633789,96.2642822265625,127.44740295410156,88.58720397949219,127.36080169677734,84.6983871459961,-0.0002120369317708537,3.2708520889282227,-0.02051926590502262,6.4578166007995605,-0.03937186673283577,9.631829261779785,-0.059489138424396515,12.704026222229004
19701237108,0,127.91056823730469,117.20692443847656,127.53485870361328,96.13697814941406,127.42353057861328,88.51416015625,127.33694458007812,84.66259002685547,-0.002337962156161666,3.2808518409729004,-0.022774698212742805,6.493985652923584,-0.04125441610813141,9.676201820373535,-0.06188393756747246,12.741071701049805
19726237108,0,127.79183959960938,117.60460662841797,127.33983612060547,96.16948699951172,127.24727630615234,88.50275421142578,127.18304443359375,84.64806365966797,-0.005394361447542906,3.2487540245056152,-0.03228010982275009,6.484713554382324,-0.05390509217977524,9.683165550231934,-0.07633522897958755,12.756163597106934
19751237109,0,127.67198944091797,118.29530334472656,127.24504089355469,96.40032958984375,127.15557098388672,88.63715362548828,127.10723876953125,84.76082611083984,-0.008373393677175045,3.1943166255950928,-0.03656608238816261,6.419579982757568,-0.05998390540480614,9.601710319519043,-0.08268127590417862,12.639907836914062
19776237109,0,127.64371490478516,117.87612915039062,127.30181884765625,96.2949447631836,127.21559143066406,88.58251190185547,127.17546844482422,84.72352600097656,-0.0091782845556736,3.227158308029175,-0.03396274894475937,6.449161052703857,-0.05590397119522095,9.634668350219727,-0.07658618688583374,12.678135871887207
19801237110,0,127.56192016601562,117.91571044921875,127.30278015136719,96.29391479492188,127.20886993408203,88.57121276855469,127.16607666015625,84.71664428710938,-0.01127567607909441,3.224031686782837,-0.03391742706298828,6.449451923370361,-0.05642144754528999,9.641510009765625,-0.07750045508146286,12.685213088989258
19826237110,0,127.72893524169922,118.74779510498047,127.46234893798828,96.50486755371094,127.34027862548828,88.68547058105469,127.26889038085938,84.80778503417969,-0.006852712947875261,3.1595258712768555,-0.025929776951670647,6.390487194061279,-0.04672751948237419,9.572748184204102,-0.06746198236942291,12.592097282409668
19851237110,0,127.83832550048828,119.00819396972656,127.58110809326172,96.56153106689453,127.46771240234375,88.70602416992188,127.39530181884766,84.8044204711914,-0.004064607433974743,3.139808177947998,-0.020155668258666992,6.374821662902832,-0.03765510767698288,9.560479164123535,-0.055812232196331024,12.595512390136719
19876237111,0,127.91644287109375,118.93461608886719,127.61079406738281,96.58433532714844,127.52381896972656,88.710693359375,127.47164154052734,84.79067993164062,-0.0021039764396846294,3.145357370376587,-0.018709905445575714,6.368536949157715,-0.03367660194635391,9.557695388793945,-0.048818644136190414,12.60947322845459
19901237111,0,127.99356079101562,118.09942626953125,127.74755096435547,96.31988525390625,127.6868667602539,88.59521484375,127.6349105834961,84.71831512451172,-0.0001650774065637961,3.2095892429351807,-0.01226769108325243,6.442137241363525,-0.022299591451883316,9.626986503601074,-0.03392503410577774,12.683493614196777
19926237111,0,128.1063690185547,117.92562866210938,127.86155700683594,96.32474517822266,127.78948974609375,88.65989685058594,127.714599609375,84.77426147460938,0.0027372261974960566,3.2232491970062256,-0.006726255174726248,6.440770149230957,-0.014933153986930847,9.588056564331055,-0.02640398032963276,12.626193046569824
19951237112,0,128.19281005859375,117.09750366210938,127.98353576660156,96.19178009033203,127.90365600585938,88.68011474609375,127.79720306396484,84.84656524658203,0.005052749998867512,3.2897825241088867,-0.0008043115376494825,6.478368759155273,-0.006826156284660101,9.575950622558594,-0.018656278029084206,12.552878379821777
19976237112,0,128.57174682617188,117.39057922363281,128.32801818847656,96.52606964111328,128.23660278320312,88.958251953125,128.10133361816406,85.08424377441406,0.01488636527210474,3.265958786010742,0.01580594852566719,6.384616851806641,0.01648881286382675,9.412332534790039,0.009152833372354507,12.317585945129395
20001237113,0,128.57632446289062,117.60298156738281,128.33740234375,96.63029479980469,128.2494354248047,88.97715759277344,128.10813903808594,85.07145690917969,0.014935661107301712,3.2488839626312256,0.016189340502023697,6.355907440185547,0.017363760620355606,9.401405334472656,0.00977708026766777,12.33002758026123
20026237113,0,128.55810546875,117.52362060546875,128.28826904296875,96.62394714355469,128.20755004882812,88.97746276855469,128.0778045654297,85.07689666748047,0.014488723129034042,3.2552449703216553,0.013835376128554344,6.357648849487305,0.014447766356170177,9.401228904724121,0.007031549233943224,12.32473087310791
20051237113,0,128.69773864746094,118.24005889892578,128.3821258544922,96.8862533569336,128.30166625976562,89.13749694824219,128.16807556152344,85.19493865966797,0.017833026126027107,3.19861102104187,0.01814669370651245,6.286421775817871,0.020803194493055344,9.30970287322998,0.015053859911859035,12.210896492004395
20076237114,0,128.65711975097656,118.36761474609375,128.3758544921875,96.92144775390625,128.31504821777344,89.1471176147461,128.20242309570312,85.2003402709961,0.01674867421388626,3.188711404800415,0.01782367005944252,6.276979446411133,0.02171383425593376,9.304254531860352,0.01812281273305416,12.20573616027832
20101237114,0,128.64181518554688,119.00780487060547,128.31890869140625,97.23560333251953,128.25701904296875,89.3480453491211,128.14605712890625,85.35543823242188,0.01613580621778965,3.1398375034332275,0.014934932813048363,6.1938581466674805,0.017509162425994873,9.191858291625977,0.01292454544454813,12.059344291687012
20126237114,0,128.65966796875,118.65531158447266,128.30918884277344,97.04792022705078,128.25253295898438,89.23153686523438,128.14633178710938,85.27099609375,0.0167099442332983,3.1665821075439453,0.01458823587745428,6.243265628814697,0.017319871112704277,9.256711959838867,0.013031241483986378,12.138622283935547
20151237115,0,128.61276245117188,118.98199462890625,128.31552124023438,97.10355377197266,128.25184631347656,89.23817443847656,128.14891052246094,85.2602310180664,0.015413857065141201,3.14178204536438,0.01485402137041092,6.228543281555176,0.017266128212213516,9.252994537353516,0.013271650299429893,12.14880084991455
20176237115,0,128.5625762939453,119.513427734375,128.2879180908203,97.23741149902344,128.19212341308594,89.29805755615234,128.06837463378906,85.2994155883789,0.0139931570738554,3.1021676063537598,0.013482634909451008,6.193385601043701,0.013126037083566189,9.21957778930664,0.00607593497261405,12.111827850341797
20201237116,0,128.46932983398438,118.62118530273438,128.24166870117188,96.84964752197266,128.1626739501953,89.04317474365234,128.0490264892578,85.09245300292969,0.011897219344973564,3.1691925525665283,0.011493460275232792,6.296271800994873,0.011280235834419727,9.363439559936523,0.004425480496138334,12.309612274169922
20226237116,0,128.42333984375,117.93318176269531,128.27699279785156,96.59561920166016,128.2167510986328,88.8859634399414,128.09982299804688,84.96627044677734,0.010892141610383987,3.222653388977051,0.013309489004313946,6.365432262420654,0.015170017257332802,9.454338073730469,0.009098424576222897,12.433297157287598
20251237116,0,128.37216186523438,117.81613159179688,128.2676544189453,96.59514617919922,128.2119140625,88.91405487060547,128.08721923828125,85.00080108642578,0.009599842131137848,3.2319083213806152,0.012861027382314205,6.365562438964844,0.014806849882006645,9.437972068786621,0.007928532548248768,12.399210929870605
20276237117,0,128.2393341064453,117.933837890625,128.17860412597656,96.47293090820312,128.12722778320312,88.7815933227539,128.0103759765625,84.88531494140625,0.006157756317406893,3.2226016521453857,0.008624941110610962,6.399348735809326,0.008959822356700897,9.515625953674316,0.0009516660938970745,12.513925552368164
20301237117,0,128.17257690429688,117.48298645019531,128.1226348876953,96.36326599121094,128.0767822265625,88.7225570678711,127.96556854248047,84.8406753540039,0.004484193399548531,3.2585105895996094,0.005948797799646854,6.429954528808594,0.005426360759884119,9.550631523132324,-0.0031689703464508057,12.558819770812988
20326237117,0,128.0828094482422,117.8774642944336,128.05308532714844,96.51921844482422,127.99942016601562,88.8229751586914,127.88519287109375,84.93427276611328,0.0021331978496164083,3.227052927017212,0.0025586949195712805,6.386512756347656,-4.0733477362664416e-05,9.49123477935791,-0.010490047745406628,12.465044975280762
20351237118,0,128.03758239746094,117.23889923095703,127.99995422363281,96.27498626708984,127.95284271240234,88.71095275878906,127.84443664550781,84.85724639892578,0.0009818001417443156,3.278250217437744,-2.2286042167252162e-06,6.454792022705078,-0.003335018176585436,9.557540893554688,-0.014299142174422741,12.542118072509766
20376237118,0,128.07066345214844,117.21133422851562,128.04115295410156,96.25157165527344,127.98760223388672,88.69117736816406,127.86455535888672,84.85279846191406,0.0018471329240128398,3.2804927825927734,0.002005449729040265,6.4614105224609375,-0.0008778233313933015,9.56933879852295,-0.012454168871045113,12.54659652709961
20401237118,0,127.97167205810547,117.5843505859375,127.97422790527344,96.3406753540039,127.92007446289062,88.70806121826172,127.79877471923828,84.86183166503906,-0.0007344291661866009,3.250375509262085,-0.001251318259164691,6.436293601989746,-0.00565340556204319,9.559264183044434,-0.018489722162485123,12.537504196166992
20426237119,0,127.86822509765625,117.68836212158203,127.88453674316406,96.36770629882812,127.85517120361328,88.71131134033203,127.77265930175781,84.86038970947266,-0.0034086136147379875,3.242065191268921,-0.005599893629550934,6.428709506988525,-0.010242242366075516,9.557327270507812,-0.020891696214675903,12.538954734802246
20451237119,0,127.8023452758789,117.8655014038086,127.81915283203125,96.40144348144531,127.75739288330078,88.72329711914062,127.65306091308594,84.86422729492188,-0.005092976614832878,3.227998971939087,-0.008758844807744026,6.4192681312561035,-0.017144793644547462,9.550190925598145,-0.03187279775738716,12.53509521484375
20476237120,0,127.77546691894531,117.7068099975586,127.82579040527344,96.40533447265625,127.75418853759766,88.7391586303711,127.64527893066406,84.87837219238281,-0.005805639084428549,3.2405951023101807,-0.00843602605164051,6.4181809425354,-0.017354782670736313,9.540762901306152,-0.03255192190408707,12.52088737487793
20501237120,0,127.76530456542969,117.63842010498047,127.77863311767578,96.49473571777344,127.69241333007812,88.82465362548828,127.57310485839844,84.954833984375,-0.006077496334910393,3.2460508346557617,-0.01068047434091568,6.393296241760254,-0.02160588465631008,9.490248680114746,-0.038943950086832047,12.444625854492188
20526237120,0,127.72686767578125,117.39521789550781,127.72178649902344,96.5210189819336,127.64495086669922,88.86689758300781,127.5389175415039,84.98392486572266,-0.0071107205003499985,3.2655839920043945,-0.013408812694251537,6.386014461517334,-0.024877337738871574,9.46547794342041,-0.04196847975254059,12.415846824645996
20551237121,0,127.75849151611328,116.78418731689453,127.74214935302734,96.17160034179688,127.70059204101562,88.61213684082031,127.62594604492188,84.77803039550781,-0.006373211741447449,3.3155970573425293,-0.012607051059603691,6.484111785888672,-0.021300435066223145,9.616772651672363,-0.034595608711242676,12.622350692749023
20576237121,0,127.6575698852539,117.47708129882812,127.6094741821289,96.33277893066406,127.56398010253906,88.66607666015625,127.52175903320312,84.81089782714844,-0.008898770436644554,3.258985757827759,-0.018967436626553535,6.438511371612549,-0.030918866395950317,9.58435344696045,-0.044118206948041916,12.58894157409668
20601237121,0,127.63419342041016,117.43751525878906,127.64588165283203,96.23338317871094,127.64205169677734,88.58028411865234,127.64321899414062,84.7401123046875,-0.009514535777270794,3.262171983718872,-0.017269710078835487,6.4665608406066895,-0.0255140271037817,9.636016845703125,-0.033096276223659515,12.661109924316406
20626237122,0,127.73773193359375,116.91044616699219,127.71769714355469,96.03439331054688,127.73167419433594,88.4781494140625,127.74174499511719,84.65940856933594,-0.006901582702994347,3.3051512241363525,-0.013881383463740349,6.523411273956299,-0.01924441196024418,9.698221206665039,-0.024109376594424248,12.74437427520752
20651237122,0,127.74090576171875,116.82974243164062,127.72059631347656,96.17658233642578,127.71974182128906,88.62171173095703,127.70500183105469,84.78495025634766,-0.006830337457358837,3.311821222305298,-0.013658023439347744,6.482692718505859,-0.01992660015821457,9.611002922058105,-0.02726910635828972,12.615302085876465
20676237123,0,127.84123992919922,116.37034606933594,127.82135772705078,95.9752197265625,127.83280944824219,88.50127410888672,127.82857513427734,84.693603515625,-0.004228624049574137,3.350252151489258,-0.008805870078504086,6.540499210357666,-0.011974154971539974,9.684069633483887,-0.015960244461894035,12.708965301513672
20701237123,0,127.9562759399414,116.01821899414062,127.9840087890625,95.90929412841797,128.01307678222656,88.48998260498047,128.02268981933594,84.6971206665039,-0.0011739203473553061,3.3802525997161865,-0.0007904333178885281,6.559636116027832,0.000937197997700423,9.690975189208984,0.0021119150333106518,12.705333709716797
20726237123,0,128.05897521972656,115.76863861083984,128.0493621826172,95.70597839355469,128.09764099121094,88.28207397460938,128.13790893554688,84.48652648925781,0.0015924182953312993,3.401808500289917,0.00246086111292243,6.619326114654541,0.007087173871695995,9.819828033447266,0.01305273175239563,12.926363945007324
20751237124,0,127.95415496826172,116.22723388671875,127.93812561035156,95.8043212890625,127.9974365234375,88.30262756347656,128.04019165039062,84.48749542236328,-0.0012250480940565467,3.3623874187469482,-0.00307189067825675,6.59032678604126,-0.00018583281780593097,9.806943893432617,0.0038037425838410854,12.925329208374023
20776237124,0,128.0700225830078,116.44186401367188,128.13351440429688,95.78569030761719,128.169677734375,88.25743865966797,128.17559814453125,84.43851470947266,0.0018620721530169249,3.344217300415039,0.006633809767663479,6.595802307128906,0.012334552593529224,9.835314750671387,0.016684072092175484,12.977803230285645
20801237124,0,128.08523559570312,116.11795806884766,128.16265869140625,95.66549682617188,128.19923400878906,88.1839828491211,128.1973114013672,84.35859680175781,0.0022832646500319242,3.371706485748291,0.008122922852635384,6.631333351135254,0.014548850245773792,9.881770133972168,0.018868338316679,13.064311027526855
20826237125,0,128.3490447998047,116.07015991210938,128.3712921142578,95.73611450195312,128.39306640625,88.25550842285156,128.36907958984375,84.41023254394531,0.009360245428979397,3.3757975101470947,0.018486587330698967,6.610414028167725,0.028576958924531937,9.836529731750488,0.035147201269865036,13.00829029083252
20851237125,0,128.5129852294922,116.7452621459961,128.4658203125,96.02783203125,128.4818115234375,88.43179321289062,128.44210815429688,84.54843139648438,0.013549038209021091,3.318829298019409,0.022911550477147102,6.525301933288574,0.03465316444635391,9.726710319519043,0.04163799062371254,12.86062240600586
20876237126,0,128.47085571289062,117.48490905761719,128.4229278564453,96.59870910644531,128.37893676757812,88.8666763305664,128.2643585205078,84.91561126708984,0.012234074994921684,3.2583558559417725,0.020319106057286263,6.364582061767578,0.02655142731964588,9.465606689453125,0.02418961562216282,12.483633041381836
20901237126,0,128.38278198242188,117.70596313476562,128.37466430664062,96.51553344726562,128.33485412597656,88.7540054321289,128.23057556152344,84.80027770996094,0.009897585958242416,3.2406625747680664,0.018061408773064613,6.387533187866211,0.023620421066880226,9.531953811645508,0.021288473159074783,12.59971809387207
20926237126,0,128.25216674804688,117.71307373046875,128.30084228515625,96.46516418457031,128.27597045898438,88.7147445678711,128.19578552246094,84.77413177490234,0.0065192561596632,3.2400963306427,0.014532534405589104,6.4015069007873535,0.01951252669095993,9.555282592773438,0.0181133933365345,12.626325607299805
20951237127,0,128.2490692138672,117.4842758178711,128.36793518066406,96.18893432617188,128.361572265625,88.4845962524414,128.29420471191406,84.58580780029297,0.006471566390246153,3.2584068775177,0.01797650381922722,6.479178428649902,0.025921935215592384,9.6942720413208,0.027626072987914085,12.821240425109863
20976237127,0,128.29469299316406,117.04869079589844,128.43576049804688,95.93756103515625,128.4374542236328,88.31263732910156,128.38259887695312,84.4461669921875,0.00773104652762413,3.29378080368042,0.02151387371122837,6.551417827606201,0.031692687422037125,9.800680160522461,0.03632943704724312,12.969576835632324
21001237127,0,128.29513549804688,116.67864990234375,128.43746948242188,95.72303771972656,128.42764282226562,88.16624450683594,128.3627166748047,84.32906341552734,0.007806782145053148,3.324373722076416,0.021793555468320847,6.614278316497803,0.03126242756843567,9.893052101135254,0.03476867079734802,13.096564292907715
21026237128,0,128.25228881835938,116.40020751953125,128.32614135742188,95.68694305419922,128.2991943359375,88.14974212646484,128.20950317382812,84.34652709960938,0.006715273018926382,3.3477301597595215,0.016272244974970818,6.624967098236084,0.021894671022892,9.903570175170898,0.020053787156939507,13.077473640441895
21051237128,0,128.22499084472656,115.97868347167969,128.3432159423828,95.53248596191406,128.3056640625,88.04756927490234,128.1912078857422,84.26698303222656,0.00604607118293643,3.3836510181427,0.01723654940724373,6.67107629776001,0.022510532289743423,9.969171524047852,0.01842123083770275,13.16486644744873
21076237129,0,128.17845153808594,115.82734680175781,128.33575439453125,95.44123840332031,128.30467224121094,87.98780059814453,128.18736267089844,84.21411895751953,0.004812001716345549,3.3967161178588867,0.016927460208535194,6.698600769042969,0.02252136915922165,10.007935523986816,0.018128903582692146,13.223577499389648
21101237129,0,128.13107299804688,116.03079223632812,128.33901977539062,95.4973373413086,128.3015594482422,88.0116195678711,128.1610107421875,84.24015808105469,0.0035180936101824045,3.3791732788085938,0.01705128140747547,6.681653022766113,0.022258110344409943,9.992452621459961,0.015545993112027645,13.194595336914062
21126237129,0,128.0749053955078,116.3047866821289,128.40353393554688,95.58319854736328,128.38363647460938,88.03363800048828,128.23983764648438,84.26145935058594,0.0019980808719992638,3.355801582336426,0.02022218145430088,6.65587043762207,0.028277333825826645,9.978180885314941,0.0231166984885931,13.170977592468262
21151237130,0,128.0809783935547,116.11945343017578,128.36447143554688,95.56643676757812,128.3162841796875,88.0306167602539,128.1573944091797,84.24425506591797,0.0021691503934562206,3.3715786933898926,0.018277643248438835,6.660888671875,0.023317277431488037,9.98013687133789,0.015191741287708282,13.190046310424805
21176237130,0,128.04605102539062,116.47914123535156,128.3212890625,95.75675964355469,128.28311157226562,88.1495132446289,128.13795471191406,84.3422622680664,0.0012235833564773202,3.3410792350769043,0.015983039513230324,6.6043219566345215,0.02071804739534855,9.903716087341309,0.013209682889282703,13.082131385803223
21201237130,0,128.06884765625,116.81578826904297,128.34251403808594,95.78015899658203,128.32376098632812,88.12890625,128.19422912597656,84.33979034423828,0.001815552357584238,3.3129770755767822,0.01702214404940605,6.5974297523498535,0.02372303418815136,9.91688060760498,0.01860189624130726,13.084832191467285
21226237131,0,128.09335327148438,116.74223327636719,128.327880859375,95.74943542480469,128.30897521972656,88.11444091796875,128.18016052246094,84.34432983398438,0.002465826692059636,3.3190810680389404,0.016315989196300507,6.606482028961182,0.02265995368361473,9.926141738891602,0.017248159274458885,13.079873085021973
21251237131,0,128.15110778808594,117.09400939941406,128.3984832763672,95.86750793457031,128.3905792236328,88.17906188964844,128.2682647705078,84.39741516113281,0.003960213623940945,3.2900686264038086,0.019731206819415092,6.5718207359313965,0.028530307114124298,9.88489818572998,0.025573087856173515,13.0221529006958
21276237132,0,128.23873901367188,116.87574768066406,128.49429321289062,95.74565887451172,128.5161895751953,88.1019515991211,128.42633056640625,84.33695220947266,0.006287273485213518,3.308016061782837,0.024600904434919357,6.607596397399902,0.03788622468709946,9.934150695800781,0.040840327739715576,13.087933540344238
21301237132,0,128.3531494140625,117.0410385131836,128.6000213623047,95.75334930419922,128.61233520507812,88.09532928466797,128.51361083984375,84.34620666503906,0.009266179986298084,3.2944083213806152,0.02985331229865551,6.605327606201172,0.04496142268180847,9.938403129577637,0.049164459109306335,13.077823638916016
21326237132,0,128.43284606933594,117.6390609741211,128.60980224609375,95.91921997070312,128.6065673828125,88.16978454589844,128.5062255859375,84.38968658447266,0.011208497919142246,3.245999336242676,0.030129550024867058,6.556748390197754,0.0443328320980072,9.890798568725586,0.04828746244311333,13.030524253845215
21351237133,0,128.46612548828125,117.56275939941406,128.62725830078125,95.90513610839844,128.63134765625,88.15744018554688,128.54249572753906,84.37815856933594,0.012090479023754597,3.252105236053467,0.03101029060781002,6.56084680557251,0.04617923125624657,9.898661613464355,0.051795363426208496,13.0430326461792
21376237133,0,128.53268432617188,117.53253173828125,128.71853637695312,95.88768005371094,128.73983764648438,88.1555404663086,128.672119140625,84.3695068359375,0.013826069422066212,3.2545294761657715,0.03554883971810341,6.565933704376221,0.054120972752571106,9.899871826171875,0.06421618908643723,13.052436828613281
21401237133,0,128.6611328125,117.93519592285156,128.89389038085938,96.01350402832031,128.94363403320312,88.19123840332031,128.8685302734375,84.39675903320312,0.017009587958455086,3.22249436378479,0.043992575258016586,6.5294342041015625,0.06887698918581009,9.87716293334961,0.08279944211244583,13.022862434387207
21426237134,0,128.79849243164062,118.1760025024414,129.11639404296875,96.1541748046875,129.1488494873047,88.26766204833984,129.01901245117188,84.43880462646484,0.02043643407523632,3.2036032676696777,0.05462305247783661,6.489078044891357,0.08346197009086609,9.828882217407227,0.09681696444749832,12.977490425109863
21451237134,0,129.03915405273438,118.33734130859375,129.3614501953125,96.26941680908203,129.427978515625,88.31388092041016,129.29400634765625,84.45635986328125,0.026503270491957664,3.1910560131073,0.06629687547683716,6.456365585327148,0.10344631224870682,9.79990291595459,0.12277102470397949,12.958637237548828
21476237135,0,129.1707763671875,118.43589782714844,129.59292602539062,96.24333953857422,129.70681762695312,88.28130340576172,129.59523010253906,84.42410278320312,0.02979687601327896,3.183434247970581,0.077652208507061,6.463740825653076,0.12389352172613144,9.820311546325684,0.1517430990934372,12.993321418762207
21501237135,0,129.11712646484375,118.91905212402344,129.52407836914062,96.39236450195312,129.61837768554688,88.35749053955078,129.49810791015625,84.4740219116211,0.02813868224620819,3.146533489227295,0.07384210079908371,6.421806812286377,0.11692672967910767,9.772708892822266,0.14193424582481384,12.939723014831543
21526237135,0,129.10919189453125,119.00209045410156,129.60922241210938,96.45410919189453,129.693359375,88.41148376464844,129.5287628173828,84.50852966308594,0.027889462187886238,3.140267848968506,0.07777049392461777,6.404581546783447,0.12194161117076874,9.739241600036621,0.1444389969110489,12.902921676635742
21551237136,0,129.25143432617188,118.7943115234375,129.6157684326172,96.38265991210938,129.67559814453125,88.39689636230469,129.5072021484375,84.50584411621094,0.03160571679472923,3.155987501144409,0.07831567525863647,6.4245219230651855,0.12076994776725769,9.748262405395508,0.14243252575397491,12.905779838562012
21576237136,0,129.2051239013672,118.85975646972656,129.4349365234375,96.37039184570312,129.46287536621094,88.40291595458984,129.29656982421875,84.50807189941406,0.030393611639738083,3.1510212421417236,0.06958582997322083,6.427957057952881,0.10539910942316055,9.744538307189941,0.12250566482543945,12.903409004211426
21601237136,0,129.04112243652344,118.62890625,129.0467987060547,96.36347198486328,129.05099487304688,88.43075561523438,128.9493408203125,84.50853729248047,0.02638743817806244,3.1686015129089355,0.050777893513441086,6.429896831512451,0.07559511065483093,9.727349281311035,0.08969458937644958,12.902914047241211
21626237137,0,128.79161071777344,117.9305419921875,128.824951171875,96.1624755859375,128.8202362060547,88.34927368164062,128.7085723876953,84.45545959472656,0.020368577912449837,3.2228612899780273,0.04034943878650665,6.486711502075195,0.05929132178425789,9.777822494506836,0.06723185628652573,12.959603309631348
21651237137,0,128.65673828125,117.62211608886719,128.63870239257812,96.09999084472656,128.61343383789062,88.32977294921875,128.50216674804688,84.43901062011719,0.017012476921081543,3.2473537921905518,0.031320761889219284,6.504566669464111,0.04439542442560196,9.789976119995117,0.0477103665471077,12.977270126342773
21676237137,0,128.51268005371094,118.39649963378906,128.6293487548828,96.4629135131836,128.5916748046875,88.54397583007812,128.44192504882812,84.58966827392578,0.013059059157967567,3.1864774227142334,0.030404217541217804,6.402132987976074,0.04226626083254814,9.658041954040527,0.04148441180586815,12.81718635559082
21701237138,0,128.51109313964844,118.61312866210938,128.6721649169922,96.4496078491211,128.63426208496094,88.51716613769531,128.4764862060547,84.57905578613281,0.012958132661879063,3.169809341430664,0.03249036520719528,6.405834674835205,0.045382022857666016,9.67436695098877,0.04476648196578026,12.828338623046875
21726237138,0,128.48541259765625,117.79083251953125,128.68841552734375,96.11061096191406,128.6766357421875,88.32139587402344,128.53323364257812,84.44485473632812,0.012528040446341038,3.233914852142334,0.033743731677532196,6.501525402069092,0.048994604498147964,9.795206069946289,0.050638213753700256,12.970988273620605
21751237139,0,128.41220092773438,118.42091369628906,128.73231506347656,96.3226318359375,128.73948669433594,88.43798828125,128.61148071289062,84.51780700683594,0.010494117625057697,3.184591054916382,0.03558263182640076,6.441364765167236,0.05316579341888428,9.722892761230469,0.057730477303266525,12.89306354522705
21776237139,0,128.44517517089844,118.68865966796875,128.5928497314453,96.42845916748047,128.57431030273438,88.51754760742188,128.45118713378906,84.56729125976562,0.01126860547810793,3.164034366607666,0.028681322932243347,6.411726474761963,0.041091468185186386,9.674134254455566,0.042429279536008835,12.840721130371094
21801237139,0,128.5706787109375,117.63399505615234,128.6651153564453,95.9657974243164,128.64044189453125,88.21800231933594,128.5242156982422,84.37391662597656,0.014779298566281796,3.2464041709899902,0.032798632979393005,6.543227672576904,0.04666948691010475,9.860203742980957,0.050067223608493805,13.047642707824707
21826237140,0,128.54806518554688,117.46631622314453,128.69186401367188,95.93560791015625,128.66378784179688,88.19837188720703,128.53836059570312,84.37260437011719,0.01424600463360548,3.2598519325256348,0.034160710871219635,6.551984786987305,0.04842934012413025,9.872636795043945,0.051423635333776474,13.049068450927734
21851237140,0,128.54808044433594,117.24430847167969,128.7041473388672,95.8505630493164,128.68511962890625,88.15519714355469,128.57962036132812,84.352783203125,0.014316306449472904,3.2778103351593018,0.034891169518232346,6.5767741203308105,0.05011927708983421,9.900091171264648,0.05545356497168541,13.070649147033691
21876237140,0,128.4677734375,116.3829116821289,128.64321899414062,95.56918334960938,128.61985778808594,88.02207946777344,128.5162811279297,84.256103515625,0.012455765157938004,3.3491904735565186,0.03225261718034744,6.6600661277771,0.04572185128927231,9.985668182373047,0.04978339001536369,13.176908493041992
21901237141,0,128.45852661132812,116.24896240234375,128.65008544921875,95.48826599121094,128.6307830810547,87.97382354736328,128.5277099609375,84.23191833496094,0.012246502563357353,3.360539674758911,0.032709214836359024,6.684388160705566,0.04666827619075775,10.01704216003418,0.05098605155944824,13.203753471374512
21926237141,0,128.30235290527344,116.39950561523438,128.50587463378906,95.53257751464844,128.47047424316406,87.99947357177734,128.349853515625,84.2626724243164,0.008047975599765778,3.3477892875671387,0.0254052821546793,6.671048164367676,0.03475207835435867,10.00034236907959,0.03371722251176834,13.169636726379395
21951237142,0,128.25985717773438,116.02828216552734,128.43589782714844,95.46955871582031,128.39584350585938,87.98046875,128.2764434814453,84.23712158203125,0.006975151132792234,3.3793888092041016,0.02194979228079319,6.690034866333008,0.029274174943566322,10.012711524963379,0.02669793739914894,13.197968482971191
21976237142,0,128.22515869140625,116.06320190429688,128.31027221679688,95.50475311279297,128.2090606689453,88.00857543945312,128.0218963623047,84.26006317138672,0.006038975901901722,3.3763933181762695,0.015600474551320076,6.679418563842773,0.01543370820581913,9.994428634643555,0.0021107164211571217,13.172523498535156
22001237142,0,128.2538604736328,116.14773559570312,128.32135009765625,95.5254898071289,128.24160766601562,88.01914978027344,128.08172607421875,84.26606750488281,0.006795748136937618,3.3691623210906982,0.016143228858709335,6.673178672790527,0.017824687063694,9.987567901611328,0.00787419080734253,13.16588020324707
22026237143,0,128.20013427734375,116.18524169921875,128.26763916015625,95.52332305908203,128.20108032226562,88.01557159423828,128.07135009765625,84.27067565917969,0.005352971144020557,3.3659632205963135,0.01344626396894455,6.673830032348633,0.01483808271586895,9.989888191223145,0.0068718986585736275,13.160785675048828
22051237143,0,128.1797637939453,116.38428497314453,128.18568420410156,95.5716323852539,128.10140991210938,88.03767395019531,127.9698715209961,84.29043579101562,0.004786561243236065,3.349074363708496,0.009309705346822739,6.659332275390625,0.007472909055650234,9.975569725036621,-0.00289708049967885,13.138982772827148
22076237143,0,128.2327423095703,116.37798309326172,128.20904541015625,95.55200958251953,128.12179565429688,88.02505493164062,127.97108459472656,84.27564239501953,0.006198097486048937,3.34960675239563,0.010489705950021744,6.665214538574219,0.008982203900814056,9.983739852905273,-0.002783785108476877,13.155298233032227
22101237144,0,128.3542022705078,116.25700378417969,128.3020782470703,95.54830932617188,128.2216339111328,88.03120422363281,128.0718536376953,84.26698303222656,0.0094584496691823,3.359856605529785,0.015160390175879002,6.666324615478516,0.01633882150053978,9.979757308959961,0.006922478321939707,13.16486644744873
22126237144,0,128.30662536621094,116.17410278320312,128.2999725341797,95.5185775756836,128.24490356445312,88.03164672851562,128.11827087402344,84.26815032958984,0.008203345350921154,3.366912841796875,0.015073741786181927,6.675257205963135,0.018053758889436722,9.979470252990723,0.011393295601010323,13.163576126098633
22151237145,0,128.29200744628906,116.10916900634766,128.29811096191406,95.50333404541016,128.2759246826172,88.02386474609375,128.19493103027344,84.26310729980469,0.007823762483894825,3.372457981109619,0.014989913441240788,6.679846286773682,0.020350443199276924,9.98451042175293,0.018785860389471054,13.169154167175293
22176237145,0,128.3052978515625,116.24711608886719,128.36907958984375,95.5702896118164,128.3600616455078,88.0528793334961,128.278564453125,84.26969146728516,0.008154352195560932,3.360697031021118,0.018505709245800972,6.659734725952148,0.02650785632431507,9.965742111206055,0.026831360533833504,13.161872863769531
22201237145,0,128.34999084472656,116.73139953613281,128.48480224609375,95.74600219726562,128.45521545410156,88.14523315429688,128.32684326171875,84.33639526367188,0.009246871806681156,3.319981813430786,0.02412819117307663,6.607494831085205,0.033321406692266464,9.906447410583496,0.03131135553121567,13.088542938232422
22226237146,0,128.40467834472656,117.02994537353516,128.5606689453125,95.80415344238281,128.52687072753906,88.18341064453125,128.38772583007812,84.3731689453125,0.010620848275721073,3.295318603515625,0.027835844084620476,6.590376377105713,0.038475532084703445,9.882134437561035,0.03703347221016884,13.048454284667969
22251237146,0,128.46224975585938,117.0067138671875,128.6927490234375,95.85810852050781,128.6708221435547,88.19918823242188,128.5369110107422,84.36465454101562,0.012138080783188343,3.2972259521484375,0.03431551530957222,6.5745673179626465,0.04894009232521057,9.872119903564453,0.051318150013685226,13.05771541595459
22276237146,0,128.36892700195312,117.5943603515625,128.6372833251953,96.00440979003906,128.61268615722656,88.25187683105469,128.4842529296875,84.38976287841797,0.009562687948346138,3.2495739459991455,0.03137560933828354,6.532059192657471,0.04455384612083435,9.838817596435547,0.046191275119781494,13.03044319152832
22301237147,0,128.47422790527344,117.2130126953125,128.777587890625,95.87911224365234,128.7793426513672,88.17915344238281,128.66253662109375,84.3253173828125,0.01239579264074564,3.2803564071655273,0.03848415985703468,6.5684332847595215,0.05692765861749649,9.88484001159668,0.06352759897708893,13.100666046142578
22326237147,0,128.4626922607422,116.57524871826172,128.6609344482422,95.71525573730469,128.68264770507812,88.12429809570312,128.5890350341797,84.28565979003906,0.012267302721738815,3.3330130577087402,0.032936785370111465,6.616580009460449,0.05003414303064346,9.919829368591309,0.0566621795296669,13.144246101379395
22351237148,0,128.5063018798828,116.27273559570312,128.69383239746094,95.62583923339844,128.72021484375,88.08406066894531,128.639404296875,84.24945831298828,0.01351524144411087,3.3585205078125,0.034707073122262955,6.643136024475098,0.0529196560382843,9.945646286010742,0.06168922781944275,13.184274673461914
22376237148,0,128.47853088378906,116.09810638427734,128.65469360351562,95.59434509277344,128.662353515625,88.07025146484375,128.56393432617188,84.24700927734375,0.012824506498873234,3.3734042644500732,0.03279297426342964,6.652536869049072,0.048709966242313385,9.954536437988281,0.05441882461309433,13.186990737915039
22401237148,0,128.49949645996094,115.70075988769531,128.61203002929688,95.52009582519531,128.59832763671875,88.05184173583984,128.49383544921875,84.21395874023438,0.013508093543350697,3.4077138900756836,0.030752774327993393,6.674800872802734,0.044051919132471085,9.966411590576172,0.04778333380818367,13.223755836486816
22426237149,0,128.4635772705078,115.3582534790039,128.50634765625,95.46137237548828,128.4757080078125,88.04470825195312,128.3824920654297,84.1875,0.012635749764740467,3.4377927780151367,0.025506217032670975,6.692508697509766,0.03503961116075516,9.971020698547363,0.03709013760089874,13.253334045410156
22451237149,0,128.23399353027344,115.58132934570312,128.24412536621094,95.53709411621094,128.2059326171875,88.10003662109375,128.10284423828125,84.22616577148438,0.006345327012240887,3.4181485176086426,0.012257748283445835,6.66969108581543,0.015116418711841106,9.935379981994629,0.00994123425334692,13.210153579711914
22476237149,0,128.15985107421875,115.55681610107422,128.16970825195312,95.48499298095703,128.13099670410156,88.05393981933594,128.031494140625,84.19051361083984,0.004337206482887268,3.420297384262085,0.008540105074644089,6.685375690460205,0.009643382392823696,9.965057373046875,0.003053222084417939,13.249958038330078
22501237150,0,128.20462036132812,116.057861328125,128.25941467285156,95.57545471191406,128.21339416503906,88.06181335449219,128.0888214111328,84.19949340820312,0.005488783121109009,3.3768513202667236,0.01300424337387085,6.6581878662109375,0.015701407566666603,9.959975242614746,0.008604517206549644,13.239910125732422
22526237150,0,128.15371704101562,116.67928314208984,128.25094604492188,95.7340087890625,128.2108154296875,88.12017059326172,128.08682250976562,84.26859283447266,0.004065991844981909,3.3243210315704346,0.012495679780840874,6.61103630065918,0.015455511398613453,9.922471046447754,0.008363503031432629,13.163087844848633
22551237151,0,128.12179565429688,117.03437805175781,128.15194702148438,95.83042907714844,128.07171630859375,88.1655502319336,127.94458770751953,84.30206298828125,0.0031962317880243063,3.294954776763916,0.007535481359809637,6.582668781280518,0.005242978688329458,9.893494606018066,-0.005323274526745081,13.126187324523926
22576237151,0,127.91435241699219,116.85432434082031,128.004150390625,95.79437255859375,127.93682861328125,88.1578598022461,127.82136535644531,84.29756927490234,-0.0022566355764865875,3.3097870349884033,0.00020614145614672452,6.593249797821045,-0.004620481748133898,9.898393630981445,-0.01716710440814495,13.131129264831543
22601237151,0,127.7732162475586,117.40705108642578,127.89877319335938,95.91395568847656,127.83549499511719,88.19647216796875,127.72272491455078,84.32513427734375,-0.005902544595301151,3.2646288871765137,-0.005002588499337435,6.558279991149902,-0.012003540061414242,9.873842239379883,-0.026587029919028282,13.10086727142334
22626237152,0,127.6843032836914,117.29166412353516,127.84654998779297,95.87547302246094,127.78760528564453,88.1813735961914,127.67305755615234,84.31459045410156,-0.008237632922828197,3.2739648818969727,-0.007595661096274853,6.56949520111084,-0.015512398444116116,9.883428573608398,-0.03137631714344025,13.1124267578125
22651237152,0,127.69243621826172,116.99803161621094,127.84803009033203,95.76447296142578,127.80462646484375,88.12017059326172,127.7017822265625,84.28154754638672,-0.008077786304056644,3.2979395389556885,-0.007557533215731382,6.602048397064209,-0.014323419891297817,9.922471046447754,-0.028696641325950623,13.148780822753906
22676237152,0,127.60844421386719,116.730712890625,127.7215347290039,95.61051940917969,127.67190551757812,88.01982116699219,127.57440948486328,84.20758819580078,-0.010345189832150936,3.3200387954711914,-0.01393850240856409,6.647705554962158,-0.02420426718890667,9.98713207244873,-0.04120147228240967,13.230866432189941
22701237153,0,127.71282958984375,116.08747863769531,127.81159210205078,95.46084594726562,127.75537872314453,87.94747924804688,127.64916229248047,84.15008544921875,-0.007697949651628733,3.374314069747925,-0.009490870870649815,6.6926679611206055,-0.01812812313437462,10.03425121307373,-0.03412538766860962,13.295376777648926
22726237153,0,127.76073455810547,115.5941390991211,127.8583984375,95.36481475830078,127.8154525756836,87.91958618164062,127.71856689453125,84.11511993408203,-0.006486381869763136,3.4170265197753906,-0.007162363734096289,6.7218194007873535,-0.013700198382139206,10.052533149719238,-0.027453526854515076,13.334903717041016
22751237154,0,127.8055191040039,115.80548858642578,127.85059356689453,95.39591979980469,127.79549407958984,87.92960357666016,127.69420623779297,84.13169860839844,-0.005246854852885008,3.3986105918884277,-0.007547094952315092,6.712350845336914,-0.015172304585576057,10.04595947265625,-0.029789118096232414,13.316133499145508
22776237154,0,127.80802917480469,115.9439468383789,127.85137176513672,95.45280456542969,127.80763244628906,87.96047973632812,127.71707153320312,84.15389251708984,-0.005162818357348442,3.3866419792175293,-0.007489575073122978,6.695099830627441,-0.014244148507714272,10.025751113891602,-0.0275113508105278,13.29108715057373
22801237154,0,127.74665069580078,116.20503234863281,127.76959991455078,95.58145141601562,127.73777770996094,88.04367065429688,127.65863800048828,84.23808288574219,-0.006773273926228285,3.3642771244049072,-0.011546829715371132,6.656393527984619,-0.019315967336297035,9.971691131591797,-0.03296494856476784,13.196900367736816
22826237155,0,127.70214080810547,116.42497253417969,127.67691040039062,95.63229370117188,127.63581085205078,88.0701904296875,127.56507873535156,84.26245880126953,-0.007923818193376064,3.3456406593322754,-0.01615726202726364,6.641212463378906,-0.026782840490341187,9.954575538635254,-0.041916374117136,13.169872283935547
22851237155,0,127.88113403320312,116.15509033203125,127.84574890136719,95.61420440673828,127.8281021118164,88.10010528564453,127.77456665039062,84.29936218261719,-0.003181466832756996,3.368534803390503,-0.0077197919599711895,6.646605968475342,-0.012618056498467922,9.935336112976074,-0.021661384031176567,13.129156112670898
22876237155,0,127.97493743896484,116.13525390625,127.90259552001953,95.58258819580078,127.87184143066406,88.05897521972656,127.8075942993164,84.2582015991211,-0.0006711049354635179,3.3702282905578613,-0.004881329368799925,6.656053066253662,-0.009431494399905205,9.961807250976562,-0.018549911677837372,13.174585342407227
22901237156,0,128.01593017578125,115.7390365600586,127.91828155517578,95.4858169555664,127.89578247070312,88.01412963867188,127.82850646972656,84.20700073242188,0.000430429499829188,3.40438175201416,-0.004112113732844591,6.685127258300781,-0.0076910932548344135,9.990823745727539,-0.01660311035811901,13.231522560119629
22926237156,0,127.91543579101562,115.63542175292969,127.82243347167969,95.47388458251953,127.79387664794922,88.00410461425781,127.73876190185547,84.17559814453125,-0.002290329895913601,3.4134154319763184,-0.008939779363572598,6.6887288093566895,-0.01522111427038908,9.997332572937012,-0.025356940925121307,13.266679763793945
22951237156,0,127.95745086669922,115.86270904541016,127.8749771118164,95.55049896240234,127.8648681640625,88.03816223144531,127.84441375732422,84.20697021484375,-0.0011464257258921862,3.3936550617218018,-0.00627393601462245,6.665667533874512,-0.009957578033208847,9.975253105163574,-0.015063085593283176,13.231555938720703
22976237157,0,127.9356918334961,115.8568115234375,127.92951965332031,95.53616333007812,127.8814697265625,88.02739715576172,127.8143081665039,84.18766784667969,-0.0017329248366877437,3.394165277481079,-0.0035390197299420834,6.669970989227295,-0.008740111254155636,9.982222557067871,-0.018006231635808945,13.253145217895508
23001237157,0,128.00355529785156,115.99859619140625,127.96643829345703,95.60774993896484,127.89766693115234,88.06684875488281,127.80062103271484,84.2239990234375,9.549657988827676e-05,3.3819386959075928,-0.0016801191959530115,6.648532390594482,-0.0075272428803145885,9.9567289352417,-0.01927598938345909,13.212566375732422
23026237158,0,128.02734375,115.98552703857422,128.0137939453125,95.63612365722656,127.95556640625,88.0792007446289,127.85424041748047,84.24714660644531,0.0007346811471506953,3.3830621242523193,0.0006897042039781809,6.640070915222168,-0.003265860490500927,9.948773384094238,-0.014065423980355263,13.186838150024414
23051237158,0,127.96931457519531,116.0496826171875,127.94102478027344,95.63426208496094,127.89823913574219,88.08772277832031,127.814697265625,84.26676177978516,-0.0008232656982727349,3.3775525093078613,-0.0029490231536328793,6.640625953674316,-0.007475442253053188,9.943291664123535,-0.017852643504738808,13.165112495422363
23076237158,0,128.06373596191406,116.30387878417969,128.00514221191406,95.68119812011719,127.9614486694336,88.09689331054688,127.88407135009766,84.25749969482422,0.0017001742962747812,3.3558785915374756,0.00025662381085567176,6.626670837402344,-0.0028304008301347494,9.937398910522461,-0.01117736753076315,13.175362586975098
23101237159,0,128.11302185058594,116.70977020263672,128.08529663085938,95.81570434570312,128.0170135498047,88.1572494506836,127.91874694824219,84.29732513427734,0.0029875184409320354,3.3217811584472656,0.0042327153496444225,6.5869855880737305,0.0012444519670680165,9.898782730102539,-0.007808716967701912,13.13139820098877
23126237159,0,128.06765747070312,116.43972778320312,128.10047912597656,95.78741455078125,128.01873779296875,88.16576385498047,127.90461730957031,84.28562927246094,0.0017992645734921098,3.3443973064422607,0.0049920533783733845,6.595295429229736,0.0013698495458811522,9.89335823059082,-0.009175353683531284,13.144279479980469
23151237159,0,128.19314575195312,116.2450942993164,128.29405212402344,95.650146484375,128.21237182617188,88.09799194335938,128.0738525390625,84.2306900024414,0.005159060936421156,3.3608686923980713,0.014694036915898323,6.635896682739258,0.01559106633067131,9.936692237854004,0.007136168889701366,13.205120086669922
23176237160,0,128.4256134033203,116.50119018554688,128.31150817871094,95.76651763916016,128.19781494140625,88.20135498046875,128.03390502929688,84.3224105834961,0.011303015053272247,3.3392255306243896,0.015490110963582993,6.60144567489624,0.014429735951125622,9.870745658874512,0.003251764690503478,13.103851318359375
23201237160,0,128.68614196777344,116.88777923583984,128.37220764160156,95.92607116699219,128.2552947998047,88.30915069580078,128.10430908203125,84.40460968017578,0.018064940348267555,3.3070220947265625,0.018385035917162895,6.554755687713623,0.018499553203582764,9.802861213684082,0.009937786497175694,13.014368057250977
23226237161,0,128.4024658203125,116.51533508300781,128.17481994628906,95.6893310546875,128.0954132080078,88.15579223632812,127.99822235107422,84.29045867919922,0.010684888809919357,3.3380374908447266,0.008721452206373215,6.624258995056152,0.00697960564866662,9.899711608886719,-0.00017093402857426554,13.138957977294922
23251237161,0,128.34117126464844,116.67560577392578,128.1404571533203,95.70330810546875,128.09249877929688,88.14439392089844,128.02757263183594,84.27995300292969,0.009025112725794315,3.32462739944458,0.007003022823482752,6.620116710662842,0.006771188694983721,9.906983375549316,0.002653579693287611,13.150540351867676
23276237161,0,128.18182373046875,116.39436340332031,128.0399627685547,95.607421875,128.017822265625,88.0953598022461,127.98031616210938,84.23626708984375,0.00484031205996871,3.3482232093811035,0.0020005879923701286,6.648630619049072,0.0013086179969832301,9.938383102416992,-0.0019011285621672869,13.198918342590332
23301237162,0,128.20932006835938,116.09252166748047,128.0022430419922,95.50865173339844,127.97700500488281,88.05245971679688,127.93408203125,84.2047348022461,0.0056104352697730064,3.373882293701172,0.00011276137229287997,6.6782450675964355,-0.001692943274974823,9.966012954711914,-0.00638301856815815,13.234052658081055
23326237162,0,128.20460510253906,116.53274536132812,127.9671630859375,95.64591979980469,127.93505096435547,88.12641906738281,127.89368438720703,84.25909423828125,0.005429847631603479,3.336576223373413,-0.001641182112507522,6.637154579162598,-0.0047597638331353664,9.918471336364746,-0.010249183513224125,13.173596382141113
23351237162,0,128.0031280517578,116.50843048095703,127.9287109375,95.59325408935547,127.93562316894531,88.05443572998047,127.92440795898438,84.18783569335938,8.305816299980506e-05,3.3386173248291016,-0.0035709657240659,6.652863025665283,-0.004738983232527971,9.964736938476562,-0.007329934276640415,13.25295639038086
23376237163,0,128.00350952148438,116.34852600097656,127.90858459472656,95.59356689453125,127.9022216796875,88.10292053222656,127.87199401855469,84.2410888671875,9.352320194011554e-05,3.352097511291504,-0.004579061176627874,6.652769565582275,-0.007176101673394442,9.9335298538208,-0.01235835999250412,13.193561553955078
23401237163,0,127.90260314941406,116.31122589111328,127.78707122802734,95.60739135742188,127.78609466552734,88.10481262207031,127.77108764648438,84.23347473144531,-0.002597656799480319,3.3552558422088623,-0.010659502819180489,6.64863920211792,-0.015696996822953224,9.9323148727417,-0.022114139050245285,13.202022552490234
23426237164,0,127.96317291259766,116.2319107055664,127.74467468261719,95.5760269165039,127.71420288085938,88.08454895019531,127.69014739990234,84.22167205810547,-0.0009839710546657443,3.361989736557007,-0.012798937037587166,6.658016681671143,-0.02099904790520668,9.945332527160645,-0.02996230311691761,13.215158462524414
23451237164,0,127.83438110351562,116.5608901977539,127.59049987792969,95.57657623291016,127.54820251464844,88.04486846923828,127.52305603027344,84.19248962402344,-0.0043924483470618725,3.3342158794403076,-0.020526926964521408,6.6578521728515625,-0.03327808529138565,9.970917701721191,-0.04623018205165863,13.247745513916016
23476237164,0,127.90393829345703,116.29528045654297,127.73013305664062,95.51094055175781,127.71630096435547,88.0067138671875,127.71119689941406,84.15455627441406,-0.0025629696901887655,3.356607437133789,-0.01356532797217369,6.677555561065674,-0.020946253091096878,9.995637893676758,-0.028081053867936134,13.290339469909668
23501237165,0,127.96949005126953,116.43309020996094,127.72522735595703,95.62629699707031,127.69405364990234,88.07601165771484,127.65948486328125,84.19556427001953,-0.0008114944794215262,3.344956398010254,-0.01374448649585247,6.642999649047852,-0.02249145694077015,9.950825691223145,-0.03299781307578087,13.244305610656738
23526237165,0,127.87467956542969,116.18843841552734,127.64923858642578,95.591552734375,127.6168212890625,88.0653305053711,127.5700912475586,84.18831634521484,-0.003351690247654915,3.3656907081604004,-0.017571380361914635,6.653371334075928,-0.02818787656724453,9.957708358764648,-0.041685327887535095,13.252418518066406
23551237165,0,127.77674102783203,116.18294525146484,127.55599212646484,95.58021545410156,127.52902221679688,88.05717468261719,127.49974060058594,84.18977355957031,-0.005971794947981834,3.3661587238311768,-0.022253256291151047,6.656763076782227,-0.03466426208615303,9.962968826293945,-0.04850095137953758,13.250786781311035
23576237166,0,127.56123352050781,116.26757049560547,127.29291534423828,95.66683959960938,127.24552917480469,88.11630249023438,127.23016357421875,84.24530029296875,-0.011713814921677113,3.3589589595794678,-0.035308703780174255,6.63093376159668,-0.05532579496502876,9.924948692321777,-0.0742984339594841,13.188886642456055
23601237166,0,127.63224792480469,115.98411560058594,127.38249969482422,95.56133270263672,127.35569763183594,88.05447387695312,127.33136749267578,84.19303131103516,-0.009881204925477505,3.383183717727661,-0.030973335728049278,6.662418842315674,-0.04742903634905815,9.964712142944336,-0.06480767577886581,13.247139930725098
23626237167,0,127.6826171875,115.63096618652344,127.56913757324219,95.4044189453125,127.59280395507812,87.97537231445312,127.5907211303711,84.15411376953125,-0.008596847765147686,3.4138050079345703,-0.021756619215011597,6.709768295288086,-0.030123349279165268,10.016033172607422,-0.03979666531085968,13.290838241577148
23651237167,0,127.7700424194336,115.78732299804688,127.74681091308594,95.42444610595703,127.74116516113281,87.95806884765625,127.68777465820312,84.13896179199219,-0.006206545513123274,3.40018630027771,-0.012773982249200344,6.7036895751953125,-0.01916871778666973,10.027327537536621,-0.030397456139326096,13.307927131652832
23676237167,0,127.95311737060547,115.29127502441406,127.98190307617188,95.30889892578125,128.00669860839844,87.9128189086914,127.97552490234375,84.09684753417969,-0.0012798593379557133,3.443730354309082,-0.0009175582672469318,6.7389044761657715,0.0004974943003617227,10.056977272033691,-0.002391128335148096,13.355649948120117
23701237168,0,127.95024871826172,115.24787139892578,127.99607849121094,95.35070037841797,128.0596160888672,87.9468765258789,128.06211853027344,84.11526489257812,-0.001359534333460033,3.4475879669189453,-0.00019847412477247417,6.726123809814453,0.004418129567056894,10.034645080566406,0.006059529725462198,13.334738731384277
23726237168,0,128.0066680908203,115.42577362060547,128.0353546142578,95.40387725830078,128.10548400878906,87.9908447265625,128.13650512695312,84.148681640625,0.00018146989168599248,3.431825637817383,0.0017852905439212918,6.709932327270508,0.007795893121510744,10.00595474243164,0.013279154896736145,13.296958923339844
23751237168,0,128.01402282714844,115.40897369384766,128.0508575439453,95.3890151977539,128.08140563964844,87.96346282958984,128.07000732421875,84.11683654785156,0.0003817742981482297,3.4333083629608154,0.002569768810644746,6.714450359344482,0.006026678718626499,10.0238037109375,0.006828178185969591,13.33295726776123
23776237169,0,127.99703216552734,115.09929656982422,128.1212158203125,95.32109832763672,128.15357971191406,87.94081115722656,128.11582946777344,84.09078979492188,-8.138045814121142e-05,3.4608516693115234,0.00614272290840745,6.735169410705566,0.011386075988411903,10.038615226745605,0.011321788653731346,13.362542152404785
23801237169,0,128.00094604492188,115.43355560302734,128.16502380371094,95.39945220947266,128.1821746826172,87.9636001586914,128.1257781982422,84.11532592773438,2.5741688659763895e-05,3.4311392307281494,0.008334729820489883,6.711277008056641,0.013486766256392002,10.023714065551758,0.012269331142306328,13.33466911315918
23826237170,0,128.0199432373047,115.37849426269531,128.15524291992188,95.41140747070312,128.19595336914062,87.9711685180664,128.17295837402344,84.12092590332031,0.0005433401674963534,3.436001777648926,0.007836731150746346,6.707645893096924,0.014499954879283905,10.018774032592773,0.016863839700818062,13.328324317932129
23851237170,0,128.08639526367188,115.467529296875,128.20718383789062,95.42488861083984,128.2561492919922,87.96477508544922,128.24134826660156,84.12032318115234,0.0023489601444453,3.428144693374634,0.010452711954712868,6.703555107116699,0.018961863592267036,10.022947311401367,0.023533182218670845,13.329007148742676
23876237170,0,128.1265106201172,115.46833801269531,128.2412872314453,95.43966674804688,128.27484130859375,87.98131561279297,128.23931884765625,84.1290283203125,0.00343957357108593,3.4280734062194824,0.012165600433945656,6.6990766525268555,0.02032451145350933,10.012158393859863,0.023318549618124962,13.319153785705566
23901237171,0,128.1787567138672,115.55069732666016,128.26390075683594,95.46247863769531,128.29129028320312,88.00021362304688,128.26028442382812,84.13970184326172,0.004850850440561771,3.4208340644836426,0.013292827643454075,6.692174434661865,0.02151546999812126,9.999860763549805,0.025339078158140182,13.30709171295166
23926237171,0,128.1483154296875,115.35601043701172,128.17921447753906,95.4162368774414,128.1634979248047,87.99917602539062,128.10110473632812,84.12849426269531,0.004042850341647863,3.4379913806915283,0.009044959209859371,6.706179618835449,0.012077173218131065,10.00053596496582,0.009851792827248573,13.319757461547852
23951237171,0,128.28250122070312,115.33981323242188,128.30111694335938,95.36595153808594,128.27630615234375,87.99063110351562,128.19888305664062,84.12278747558594,0.007703425828367472,3.439425468444824,0.0152300875633955,6.721473217010498,0.02042093314230442,10.00609302520752,0.019388578832149506,13.326216697692871
23976237172,0,128.3410186767578,115.49348449707031,128.3343963623047,95.42485809326172,128.30702209472656,88.03768920898438,128.2233428955078,84.16578674316406,0.009266262874007225,3.4258601665496826,0.016870781779289246,6.703564643859863,0.02262447401881218,9.97555923461914,0.021696146577596664,13.277701377868652
24001237172,0,128.41293334960938,115.48546600341797,128.42825317382812,95.40560150146484,128.42291259765625,88.02213287353516,128.34613037109375,84.15858459472656,0.011222419328987598,3.426565647125244,0.021623771637678146,6.709408760070801,0.03119470924139023,9.985633850097656,0.03364397585391998,13.28580379486084
24026237173,0,128.34970092773438,115.94679260253906,128.32342529296875,95.51976013183594,128.31854248046875,88.06044006347656,128.25912475585938,84.18653106689453,0.009404164738953114,3.386396646499634,0.01625143550336361,6.674901962280273,0.02344016171991825,9.960862159729004,0.025129243731498718,13.25441837310791
24051237173,0,128.35760498046875,116.10787963867188,128.3143768310547,95.54701232910156,128.3125457763672,88.06298828125,128.25746154785156,84.18963623046875,0.00958159938454628,3.372568368911743,0.01577848754823208,6.666713237762451,0.0229952372610569,9.95921802520752,0.024961594492197037,13.250941276550293
24076237173,0,128.37928771972656,116.29959106445312,128.31698608398438,95.63665008544922,128.33006286621094,88.11138916015625,128.28958129882812,84.22459411621094,0.010118583217263222,3.3562421798706055,0.01584911160171032,6.639914512634277,0.024211088195443153,9.92809772491455,0.027995401993393898,13.21190357208252
24101237174,0,128.40914916992188,116.06485748291016,128.30242919921875,95.58152770996094,128.3313446044922,88.08403778076172,128.33029174804688,84.21112060546875,0.010973368771374226,3.376251697540283,0.015156622976064682,6.656370639801025,0.02434643916785717,9.945660591125488,0.03196633607149124,13.226922988891602
24126237174,0,128.3560791015625,116.29350280761719,128.2316436767578,95.67124938964844,128.26722717285156,88.12619018554688,128.2817840576172,84.24174499511719,0.009500732645392418,3.3567583560943604,0.011565114371478558,6.629624366760254,0.019583914428949356,9.918618202209473,0.027203436940908432,13.19283390045166
24151237174,0,128.29136657714844,116.4547119140625,128.1980438232422,95.69950103759766,128.22752380371094,88.13230895996094,128.22555541992188,84.24706268310547,0.0077459122985601425,3.343135118484497,0.009875809773802757,6.621244430541992,0.01666790246963501,9.914704322814941,0.02176566608250141,13.186931610107422
24176237175,0,128.1658935546875,116.34493255615234,128.0492706298828,95.64350891113281,128.06971740722656,88.09939575195312,128.07997131347656,84.2157211303711,0.0044211591593921185,3.3524014949798584,0.002462786855176091,6.637872219085693,0.005117787979543209,9.935791015625,0.007736878469586372,13.22179126739502
24201237175,0,128.1197052001953,116.82310485839844,128.0375518798828,95.69242095947266,128.04727172851562,88.09640502929688,128.04876708984375,84.20413208007812,0.0031561795622110367,3.312370777130127,0.001873151515610516,6.623342990875244,0.0034707493614405394,9.937711715698242,0.004722484853118658,13.234725952148438
24226237175,0,128.022705078125,116.62548828125,127.9365005493164,95.57630920410156,127.92018127441406,88.03190612792969,127.89982604980469,84.15941619873047,0.0006012992234900594,3.328810453414917,-0.0031830596271902323,6.657931804656982,-0.005883967503905296,9.979302406311035,-0.009736272506415844,13.284867286682129
24251237176,0,128.02297973632812,116.4268569946289,127.93656158447266,95.53460693359375,127.92838287353516,88.01221466064453,127.91852569580078,84.14086151123047,0.00061129400273785,3.345482110977173,-0.0031856349669396877,6.670438289642334,-0.005285865627229214,9.992066383361816,-0.00793088786303997,13.305782318115234
24276237176,0,127.76287078857422,116.22744750976562,127.58135223388672,95.41787719726562,127.5369644165039,87.93170166015625,127.51728820800781,84.0682601928711,-0.006336417980492115,3.3623692989349365,-0.02112768217921257,6.705681800842285,-0.03434811532497406,10.044585227966309,-0.04727090150117874,13.38823413848877
24301237177,0,127.8783187866211,115.73490905761719,127.60035705566406,95.36460876464844,127.48567199707031,87.9209976196289,127.38863372802734,84.05960845947266,-0.003288106992840767,3.404740571975708,-0.020214559510350227,6.721882343292236,-0.03817864879965782,10.051607131958008,-0.059912700206041336,13.398125648498535
24326237177,0,127.7701187133789,115.85951232910156,127.46717071533203,95.38060760498047,127.37476348876953,87.93724822998047,127.31512451171875,84.08271789550781,-0.006194274872541428,3.3939316272735596,-0.026932887732982635,6.717008590698242,-0.04636408016085625,10.040949821472168,-0.06698809564113617,13.371735572814941
24351237177,0,127.50450134277344,115.67765808105469,127.03288269042969,95.41792297363281,126.97793579101562,87.98577880859375,126.97795867919922,84.12104797363281,-0.013407066464424133,3.4097278118133545,-0.04880692437291145,6.7056684494018555,-0.0755605399608612,10.009252548217773,-0.09965037554502487,13.32818603515625
24376237178,0,127.44450378417969,116.3758544921875,126.89513397216797,95.52951049804688,126.78258514404297,88.01039123535156,126.728759765625,84.14439392089844,-0.01479397900402546,3.3497865200042725,-0.055494170635938644,6.671969890594482,-0.08986431360244751,9.993249893188477,-0.12370932102203369,13.30179500579834
24401237178,0,127.35565185546875,116.53007507324219,126.81327819824219,95.59095764160156,126.73501586914062,88.02391815185547,126.7197265625,84.15694427490234,-0.017100853845477104,3.3368003368377686,-0.05945029482245445,6.653550148010254,-0.09329685568809509,9.984476089477539,-0.12445974349975586,13.287649154663086
24426237178,0,127.44971466064453,116.90260314941406,126.98304748535156,95.67951965332031,126.91497802734375,88.05894470214844,126.90896606445312,84.18765258789062,-0.014483284205198288,3.305798292160034,-0.050754956901073456,6.627169609069824,-0.0798494964838028,9.96182632446289,-0.10579590499401093,13.253162384033203
24451237179,0,127.46189880371094,116.46919250488281,127.19911193847656,95.57727813720703,127.20282745361328,88.03424072265625,127.23162078857422,84.19950103759766,-0.014300636015832424,3.341916084289551,-0.04014475271105766,6.657641887664795,-0.05875631794333458,9.977790832519531,-0.07443619519472122,13.239901542663574
24476237179,0,127.52000427246094,116.02192687988281,127.25084686279297,95.54202270507812,127.2172622680664,88.04263305664062,127.19903564453125,84.18729400634766,-0.01288602501153946,3.379934310913086,-0.03760776296257973,6.668211460113525,-0.05766220763325691,9.972362518310547,-0.07767058163881302,13.25356388092041
24501237180,0,127.53152465820312,116.19580841064453,127.30375671386719,95.5499267578125,127.27108001708984,88.03251647949219,127.24247741699219,84.18162536621094,-0.012527266517281532,3.365062713623047,-0.03493993729352951,6.665839195251465,-0.05373147875070572,9.978906631469727,-0.07349216192960739,13.259918212890625
24526237180,0,127.51628112792969,115.75454711914062,127.25508117675781,95.43669128417969,127.25540161132812,87.98417663574219,127.2786636352539,84.1361312866211,-0.013065332546830177,3.4030330181121826,-0.0375632606446743,6.699977874755859,-0.05505318567156792,10.010294914245605,-0.07024382799863815,13.31112289428711
