ts,agent_id,cvip,cvip_x,cvip_y,cvip_z
2031872000,0,500.8462212765413,192.62042236328125,-64.17082977294922,-499.8193664550781
2056872000,0,500.8400977994338,192.62042236328125,-64.17082977294922,-499.86065673828125
2081872001,0,500.83399626540256,192.62042236328125,-64.17082977294922,-499.9080810546875
2106872001,0,500.82791828220473,192.62042236328125,-64.17082977294922,-499.9616394042969
2131872002,0,500.8218043925393,192.62042236328125,-64.17082977294922,-500.0212707519531
2156872002,0,500.815686558056,192.62042236328125,-64.17082977294922,-500.0870056152344
2181872002,0,500.80956638651367,192.62042236328125,-64.17082977294922,-500.1588439941406
2206872003,0,500.8072567816836,192.62042236328125,-64.17082977294922,-500.2367858886719
2231872003,0,500.8349471616918,192.62042236328125,-64.17082977294922,-500.3208923339844
2256872003,0,500.88983143267967,192.62042236328125,-64.17082977294922,-500.41107177734375
2281872004,0,500.9656633690999,192.62042236328125,-64.17082977294922,-500.50738525390625
2306872004,0,501.05774343194906,192.62042236328125,-64.17082977294922,-500.6097412109375
2331872005,0,501.16437365710163,192.62042236328125,-64.17082977294922,-500.7182312011719
2356872005,0,501.28124310757835,192.62042236328125,-64.17082977294922,-500.8327941894531
2381872005,0,501.40639944584564,192.62042236328125,-64.17082977294922,-500.9534606933594
2406872006,0,501.53883650061033,192.62042236328125,-64.17082977294922,-501.0802307128906
2431872006,0,501.67783919889706,192.62042236328125,-64.17082977294922,-501.21307373046875
2456872006,0,501.822985150745,192.62042236328125,-64.17082977294922,-501.3520202636719
2481872007,0,501.9739871290105,192.62042236328125,-64.17082977294922,-501.4970703125
2506872007,0,502.1306443962342,192.62042236328125,-64.17082977294922,-501.648193359375
2531872007,0,502.2928967179981,192.62042236328125,-64.17082977294922,-501.805419921875
2556872008,0,502.4607092875385,192.62042236328125,-64.17082977294922,-501.96875
2581872008,0,502.6339614813245,192.62042236328125,-64.17082977294922,-502.1380615234375
2606872009,0,502.81282777144173,192.62042236328125,-64.17082977294922,-502.3135070800781
2631872009,0,502.99728452408306,192.62042236328125,-64.17082977294922,-502.4950256347656
2656872009,0,503.1874060143136,192.62042236328125,-64.17082977294922,-502.6826477050781
2681872010,0,503.3832069585115,192.62042236328125,-64.17082977294922,-502.8763427734375
2706872010,0,503.5847331218151,192.62042236328125,-64.17082977294922,-503.07611083984375
2731872010,0,503.79202777283245,192.62042236328125,-64.17082977294922,-503.2819519042969
2756872011,0,504.0051313144025,192.62042236328125,-64.17082977294922,-503.4938659667969
2781872011,0,504.22407925726264,192.62042236328125,-64.17082977294922,-503.71185302734375
2806872012,0,504.4488738949831,192.62042236328125,-64.17082977294922,-503.9358825683594
2831872012,0,504.67960468827016,192.62042236328125,-64.17082977294922,-504.166015625
2856872012,0,504.91626597127964,192.62042236328125,-64.17082977294922,-504.4022216796875
2881872013,0,505.15881831686994,192.62042236328125,-64.17082977294922,-504.6444396972656
2906872013,0,505.40737176647457,192.62042236328125,-64.17082977294922,-504.89276123046875
2931872013,0,505.66188106369174,192.62042236328125,-64.17082977294922,-505.1471252441406
2956872014,0,505.92239019768033,192.62042236328125,-64.17082977294922,-505.4075622558594
2981872014,0,506.1888799108726,192.62042236328125,-64.17082977294922,-505.6740417480469
3006872015,0,506.4613903822269,192.62042236328125,-64.17082977294922,-505.94659423828125
3031872015,0,506.73992951994086,192.62042236328125,-64.17082977294922,-506.2252197265625
3056872015,0,507.0244431909898,192.62042236328125,-64.17082977294922,-506.5098571777344
3081872016,0,507.3149979180679,192.62042236328125,-64.17082977294922,-506.8005676269531
3106872016,0,507.6115678727461,192.62042236328125,-64.17082977294922,-507.0973205566406
3131872016,0,507.9141874598543,192.62042236328125,-64.17082977294922,-507.400146484375
3156872017,0,508.2228294820024,192.62042236328125,-64.17082977294922,-507.7090148925781
3181872017,0,508.5374659529933,192.62042236328125,-64.17082977294922,-508.0238952636719
3206872018,0,508.8581910839324,192.62042236328125,-64.17082977294922,-508.3448791503906
3231872018,0,509.18488384843425,192.62042236328125,-64.17082977294922,-508.671875
3256872018,0,509.51762200085255,192.62042236328125,-64.17082977294922,-509.0049133300781
3281872019,0,509.85643029401723,192.62042236328125,-64.17082977294922,-509.3440246582031
3306872019,0,510.2012156044831,192.62042236328125,-64.17082977294922,-509.6891174316406
3331872019,0,510.55203802401076,192.62042236328125,-64.17082977294922,-510.0402526855469
3356872020,0,510.9089273718124,192.62042236328125,-64.17082977294922,-510.3974609375
3381872020,0,511.27182231670366,192.62042236328125,-64.17082977294922,-510.76068115234375
3406872021,0,511.64075325534105,192.62042236328125,-64.17082977294922,-511.12994384765625
3431872021,0,512.0156896028116,192.62042236328125,-64.17082977294922,-511.5052185058594
3456872021,0,512.3966925173331,192.62042236328125,-64.17082977294922,-511.8865661621094
3481872022,0,512.7836400659997,192.62042236328125,-64.17082977294922,-512.2738647460938
3506872022,0,513.1767152455509,192.62042236328125,-64.17082977294922,-512.6672973632812
3531872022,0,513.5757658240526,192.62042236328125,-64.17082977294922,-513.0667114257812
3556872023,0,513.9807919823321,192.62042236328125,-64.17082977294922,-513.4721069335938
3581872023,0,514.3919157735502,192.62042236328125,-64.17082977294922,-513.8836059570312
3606872024,0,514.8089543646839,192.62042236328125,-64.17082977294922,-514.301025390625
3631872024,0,515.232090795978,192.62042236328125,-64.17082977294922,-514.7245483398438
3656872024,0,515.6611394876475,192.62042236328125,-64.17082977294922,-515.1539916992188
3681872025,0,516.0962883194329,192.62042236328125,-64.17082977294922,-515.5895385742188
3706872025,0,516.5374135691632,192.62042236328125,-64.17082977294922,-516.0310668945312
3731872025,0,516.9845156018536,192.62042236328125,-64.17082977294922,-516.4785766601562
3756872026,0,517.4376552746891,192.62042236328125,-64.17082977294922,-516.93212890625
3781872026,0,517.8968326110454,192.62042236328125,-64.17082977294922,-517.3917236328125
3806872026,0,518.3619865878495,192.62042236328125,-64.17082977294922,-517.8572998046875
3831872027,0,518.8331782084413,192.62042236328125,-64.17082977294922,-518.3289184570312
3856872027,0,519.3102855445485,192.62042236328125,-64.17082977294922,-518.8064575195312
3881872028,0,519.7934296642594,192.62042236328125,-64.17082977294922,-519.2900390625
3906872028,0,520.2826133425918,192.62042236328125,-64.17082977294922,-519.7796630859375
3931872028,0,520.7778331763858,192.62042236328125,-64.17082977294922,-520.2753295898438
3956872029,0,521.2789702075092,192.62042236328125,-64.17082977294922,-520.7769165039062
3981872029,0,521.7861439090071,192.62042236328125,-64.17082977294922,-521.2845458984375
4006872029,0,522.2992336069175,192.62042236328125,-64.17082977294922,-521.798095703125
4031872030,0,522.8184236042334,192.62042236328125,-64.17082977294922,-522.3177490234375
4056872030,0,523.3435283235937,192.62042236328125,-64.17082977294922,-522.8433227539062
4081872031,0,523.8746101073122,192.62042236328125,-64.17082977294922,-523.3748779296875
4106872031,0,524.4117299658633,192.62042236328125,-64.17082977294922,-523.9124755859375
4131872031,0,524.9547659671131,192.62042236328125,-64.17082977294922,-524.4559936523438
4156872032,0,525.5038401029664,192.62042236328125,-64.17082977294922,-525.0055541992188
4181872032,0,526.0588914224874,192.62042236328125,-64.17082977294922,-525.5610961914062
4206872032,0,526.6199199558706,192.62042236328125,-64.17082977294922,-526.1226196289062
4231872033,0,527.1869268016899,192.62042236328125,-64.17082977294922,-526.6901245117188
4256872033,0,527.7599098540198,192.62042236328125,-64.17082977294922,-527.2636108398438
4281872034,0,528.3388702117395,192.62042236328125,-64.17082977294922,-527.8430786132812
4306872034,0,528.9238079056581,192.62042236328125,-64.17082977294922,-528.4285278320312
4331872034,0,529.5147229667281,192.62042236328125,-64.17082977294922,-529.0199584960938
4356872035,0,530.1116154260404,192.62042236328125,-64.17082977294922,-529.6173706054688
4381872035,0,530.7144253723302,192.62042236328125,-64.17082977294922,-530.220703125
4406872035,0,531.322897597543,192.62042236328125,-64.17082977294922,-530.830078125
4431872036,0,531.9369371702692,192.62042236328125,-64.17082977294922,-531.4454345703125
4456872036,0,532.5565441424387,192.62042236328125,-64.17082977294922,-532.0667114257812
4481872037,0,533.1818234784599,192.62042236328125,-64.17082977294922,-532.6939697265625
4506872037,0,533.8127449049629,192.62042236328125,-64.17082977294922,-533.3271484375
4531872037,0,534.4494543572657,192.62042236328125,-64.17082977294922,-533.9663696289062
4556872038,0,535.0919090131133,192.62042236328125,-64.17082977294922,-534.611572265625
4581872038,0,535.7400018919093,192.62042236328125,-64.17082977294922,-535.2626342773438
4606872038,0,536.3939288043064,192.62042236328125,-64.17082977294922,-535.9197387695312
4631872039,0,537.0536403544402,192.62042236328125,-64.17082977294922,-536.5828247070312
4656872039,0,537.7190252821788,192.62042236328125,-64.17082977294922,-537.2517700195312
4681872040,0,21.558448405530292,192.62042236328125,-64.17082977294922,0.09999999403953552
4706872040,0,21.47509481492993,192.62042236328125,-64.17082977294922,0.09540698677301407
4731872040,0,21.386896757647108,192.62042236328125,-64.17082977294922,0.08469131588935852
4756872041,0,21.294086872709812,192.62042236328125,-64.17082977294922,0.0693112164735794
4781872041,0,21.19687280957972,192.62042236328125,-64.17082977294922,0.05613723769783974
4806872041,0,21.095457183076174,192.62042236328125,-64.17082977294922,0.04550548270344734
4831872042,0,20.990011610609017,192.62042236328125,-64.17082977294922,0.03692970052361488
4856872042,0,20.880685533671727,192.62042236328125,-64.17082977294922,0.030015792697668076
4881872043,0,20.76764618721768,192.62042236328125,-64.17082977294922,0.024444427341222763
4906872043,0,20.65102925846944,192.62042236328125,-64.17082977294922,0.01995697058737278
4931872043,0,20.530964256874835,192.62042236328125,-64.17082977294922,0.01634414680302143
4956872044,0,20.407596184597708,192.62042236328125,-64.17082977294922,0.013436851091682911
4981872044,0,20.28103092896247,192.62042236328125,-64.17082977294922,0.011098288930952549
5006872044,0,20.15138350918672,192.62042236328125,-64.17082977294922,0.009217948652803898
5031872045,0,20.018752542254433,192.62042236328125,-64.17082977294922,0.007706718053668737
5056872045,0,19.883252475956425,192.62042236328125,-64.17082977294922,0.00649261474609375
5081872045,0,19.744966894339967,192.62042236328125,-64.17082977294922,0.0055175782181322575
5106872046,0,19.60397993366967,192.62042236328125,-64.17082977294922,0.004734840244054794
5131872046,0,19.460383543138033,192.62042236328125,-64.17082977294922,0.004106712061911821
5156872047,0,19.314254046267482,192.62042236328125,-64.17082977294922,0.003602867014706135
5181872047,0,19.165652504212566,192.62042236328125,-64.17082977294922,0.003198814345523715
5206872047,0,19.01464741824223,192.62042236328125,-64.17082977294922,0.002874908270314336
5231872048,0,18.861307653980475,192.62042236328125,-64.17082977294922,0.0026153563521802425
5256872048,0,18.705686631490455,192.62042236328125,-64.17082977294922,0.00240745535120368
5281872048,0,18.547829767560312,192.62042236328125,-64.17082977294922,0.0022409819066524506
5306872049,0,18.3877834047385,192.62042236328125,-64.17082977294922,0.0021076963748782873
5331872049,0,18.225592767454724,192.62042236328125,-64.17082977294922,0.0020010375883430243
5356872050,0,18.061311826073005,192.62042236328125,-64.17082977294922,0.0019157028291374445
5381872050,0,17.894955659432554,192.62042236328125,-64.17082977294922,0.0018474578391760588
5406872050,0,17.726592837537357,192.62042236328125,-64.17082977294922,0.0018474578391760588
5431872051,0,17.556223668774997,192.62042236328125,-64.17082977294922,0.0018474578391760588
5456872051,0,17.383887059397026,192.62042236328125,-64.17082977294922,0.0018474578391760588
5481872051,0,17.209635661185125,192.62042236328125,-64.17082977294922,0.0018474578391760588
5506872052,0,17.03346966958581,192.62042236328125,-64.17082977294922,0.0018474578391760588
5531872052,0,16.855426468140994,192.62042236328125,-64.17082977294922,0.0018474578391760588
5556872053,0,16.675529519150874,192.62042236328125,-64.17082977294922,0.0018474578391760588
5581872053,0,16.493801714348436,192.62042236328125,-64.17082977294922,0.0018474578391760588
5606872053,0,16.31025851101345,192.62042236328125,-64.17082977294922,0.0018474578391760588
5631872054,0,16.124938451790168,192.62042236328125,-64.17082977294922,0.0018474578391760588
5656872054,0,15.937834119152349,192.62042236328125,-64.17082977294922,0.0018474578391760588
5681872054,0,15.7489832821997,192.62042236328125,-64.17082977294922,0.0018474578391760588
5706872055,0,15.558392989953331,192.62042236328125,-64.17082977294922,0.0018474578391760588
5731872055,0,15.366086732751562,192.62042236328125,-64.17082977294922,0.0018474578391760588
5756872056,0,15.172071754323278,192.62042236328125,-64.17082977294922,0.0018474578391760588
5781872056,0,14.97637115368921,192.62042236328125,-64.17082977294922,0.0018474578391760588
5806872056,0,14.778993186354887,192.62042236328125,-64.17082977294922,0.0018474578391760588
5831872057,0,14.579968397492948,192.62042236328125,-64.17082977294922,0.0018474578391760588
5856872057,0,14.379281977773587,192.62042236328125,-64.17082977294922,0.0018474578391760588
5881872057,0,14.176971700719244,192.62042236328125,-64.17082977294922,0.0018474578391760588
5906872058,0,13.974510220045559,192.62042236328125,-64.17082977294922,0.0018474578391760588
5931872058,0,13.772109873636472,192.62042236328125,-64.17082977294922,0.0018474578391760588
5956872059,0,13.569793311432235,192.62042236328125,-64.17082977294922,0.0018474578391760588
5981872059,0,13.367546130767392,192.62042236328125,-64.17082977294922,0.0018474578391760588
6006872059,0,13.165375319326841,192.62042236328125,-64.17082977294922,0.0018474578391760588
6031872060,0,12.963273695265283,192.62042236328125,-64.17082977294922,0.0018474578391760588
6056872060,0,12.761241278706596,192.62042236328125,-64.17082977294922,0.0018474578391760588
6081872060,0,12.559269327805188,192.62042236328125,-64.17082977294922,0.0018474578391760588
6106872061,0,12.357373775788869,192.62042236328125,-64.17082977294922,0.0018474578391760588
6131872061,0,12.155545843642365,192.62042236328125,-64.17082977294922,0.0018474578391760588
6156872062,0,11.953792664133125,192.62042236328125,-64.17082977294922,0.0018474578391760588
6181872062,0,11.75210798845823,192.62042236328125,-64.17082977294922,0.0018474578391760588
6206872062,0,11.550491579153723,192.62042236328125,-64.17082977294922,0.0018474578391760588
6231872063,0,11.348952028403737,192.62042236328125,-64.17082977294922,0.0018474578391760588
6256872063,0,11.147474594309742,192.62042236328125,-64.17082977294922,0.0018474578391760588
6281872063,0,10.946079980722224,192.62042236328125,-64.17082977294922,0.0018474578391760588
6306872064,0,10.744753653481268,192.62042236328125,-64.17082977294922,0.0018474578391760588
6331872064,0,10.543502984705402,192.62042236328125,-64.17082977294922,0.0018474578391760588
6356872064,0,10.342320333664485,192.62042236328125,-64.17082977294922,0.0018474578391760588
6381872065,0,10.141336929527306,192.62042236328125,-64.17082977294922,0.0018474578391760588
6406872065,0,9.940210027086428,192.62042236328125,-64.17082977294922,0.0018474578391760588
6431872066,0,9.73681077171961,192.62042236328125,-64.17082977294922,0.0018474578391760588
6456872066,0,9.532022638215956,192.62042236328125,-64.17082977294922,0.0018474578391760588
6481872066,0,9.326807406573579,192.62042236328125,-64.17082977294922,0.0018474578391760588
6506872067,0,9.122118105002007,192.62042236328125,-64.17082977294922,0.0018474578391760588
6531872067,0,8.918805362799034,192.62042236328125,-64.17082977294922,0.0018474578391760588
6556872067,0,8.717538310032676,192.62042236328125,-64.17082977294922,0.0018474578391760588
6581872068,0,8.518730889573735,192.62042236328125,-64.17082977294922,0.0018474578391760588
6606872068,0,8.32272559217677,192.62042236328125,-64.17082977294922,0.0018474578391760588
6631872069,0,8.129805322893016,192.62042236328125,-64.17082977294922,0.0018474578391760588
6656872069,0,7.940219488221119,192.62042236328125,-64.17082977294922,0.0018474578391760588
6681872069,0,7.7541724833113115,192.62042236328125,-64.17082977294922,0.0018474578391760588
6706872070,0,7.571859618105283,192.62042236328125,-64.17082977294922,0.0018474578391760588
6731872070,0,7.393405913638345,192.62042236328125,-64.17082977294922,0.0018474578391760588
6756872070,0,7.218954121199729,192.62042236328125,-64.17082977294922,0.0016283798031508923
6781872071,0,7.048621801516477,192.62042236328125,-64.17082977294922,0.0014881134266033769
6806872071,0,6.882507127410156,192.62042236328125,-64.17082977294922,0.0014034652849659324
6831872072,0,6.720674889234492,192.62042236328125,-64.17082977294922,0.0013574600452557206
6856872072,0,6.5632068804607595,192.62042236328125,-64.17082977294922,0.0013378524454310536
6881872072,0,6.410131976668635,192.62042236328125,-64.17082977294922,0.0013356780400499701
6906872073,0,6.261478431989367,192.62042236328125,-64.17082977294922,0.0013445663498714566
6931872073,0,6.117287070673351,192.62042236328125,-64.17082977294922,0.0013600540114566684
6956872073,0,5.977580497262167,192.62042236328125,-64.17082977294922,0.0013790893135592341
6981872074,0,5.84237575741049,192.62042236328125,-64.17082977294922,0.0013995361514389515
7006872074,0,5.711692158858982,192.62042236328125,-64.17082977294922,0.001419982872903347
7031872075,0,5.585525158086384,192.62042236328125,-64.17082977294922,0.0014395522885024548
7056872075,0,5.463889961997891,192.62042236328125,-64.17082977294922,0.0014577483525499701
7081872075,0,5.346770650114774,192.62042236328125,-64.17082977294922,0.0014742660569027066
7106872076,0,5.234176831159827,192.62042236328125,-64.17082977294922,0.0014890671009197831
7131872076,0,5.126107297848482,192.62042236328125,-64.17082977294922,0.0015021514846011996
7156872076,0,5.022556116413292,192.62042236328125,-64.17082977294922,0.0015135573921725154
7181872077,0,4.923505857790142,192.62042236328125,-64.17082977294922,0.0015234756283462048
7206872077,0,4.82894913004311,192.62042236328125,-64.17082977294922,0.0015319824451580644
7231872078,0,4.738847555756793,192.62042236328125,-64.17082977294922,0.001539268414489925
7256872078,0,4.7440167608081,192.619873046875,-64.17399597167969,0.0020075987558811903
7281872078,0,4.748562686841016,192.61965942382812,-64.17536926269531,0.0017464065458625555
7306872079,0,4.747302843319813,192.6195831298828,-64.17581176757812,0.0013825607020407915
7331872079,0,4.7470998443860495,192.61959838867188,-64.17575073242188,0.0010578918736428022
7356872079,0,4.747518969465443,192.61965942382812,-64.17542266845703,0.0008250427199527621
7381872080,0,4.748252734141421,192.61973571777344,-64.17498016357422,0.0006902694585733116
7406872080,0,4.7491329709173815,192.61984252929688,-64.17449951171875,0.0006393051007762551
7431872081,0,4.750041866166548,192.6199188232422,-64.17402648925781,0.0006518554291687906
7456872081,0,4.750926525977567,192.6199951171875,-64.173583984375,0.0007076644687913358
7481872081,0,4.751764616051625,192.62005615234375,-64.17317199707031,0.0007898330222815275
7506872082,0,4.7525349254629905,192.62013244628906,-64.17280578613281,0.000885391200426966
7531872082,0,4.753218978375578,192.62017822265625,-64.1724853515625,0.0009846878238022327
7556872082,0,4.753826065341678,192.62022399902344,-64.17220306396484,0.0010815429268404841
7581872083,0,4.754364390734306,192.62026977539062,-64.17195129394531,0.0011717224260792136
7606872083,0,4.754833438767329,192.6203155517578,-64.17173767089844,0.0012528609950095415
7631872083,0,4.75524031067612,192.62033081054688,-64.17155456542969,0.001323967007920146
7656872084,0,4.755601906930095,192.620361328125,-64.17138671875,0.0013850784162059426
7681872084,0,4.755901904370862,192.62039184570312,-64.17124938964844,0.0014364623930305243
7706872085,0,4.756162638172441,192.6204071044922,-64.17112731933594,0.0014788818079978228
7731872085,0,4.756393925209094,192.62042236328125,-64.1710205078125,0.0015134047716856003
7756872085,0,4.756593587516576,192.6204376220703,-64.17092895507812,0.001540870638564229
7781872086,0,4.756748564914366,192.62046813964844,-64.17086029052734,0.0015623474027961493
7806872086,0,4.756894252614411,192.62046813964844,-64.17079162597656,0.0015787123702466488
7831872086,0,4.75701758814183,192.6204833984375,-64.17073822021484,0.0015909957000985742
7856872087,0,4.757109311421209,192.6204833984375,-64.17070007324219,0.0015996169531717896
7881872087,0,4.757202105141846,192.62049865722656,-64.170654296875,0.0016056823078542948
7906872088,0,4.75728616368056,192.62049865722656,-64.17060852050781,0.0016094207530841231
7931872088,0,4.757348423544206,192.62049865722656,-64.17057800292969,0.0016115187900140882
7956872088,0,4.757409574611608,192.62049865722656,-64.17054748535156,0.0016122055239975452
7981872089,0,4.757449476355276,192.6205291748047,-64.17052459716797,0.0016119384672492743
8006872089,0,4.757495349252935,192.6205291748047,-64.17050170898438,0.0016109084244817495
8031872089,0,4.757541207884045,192.6205291748047,-64.17047882080078,0.0016094207530841231
8056872090,0,4.757571806916318,192.6205291748047,-64.17046356201172,0.0016075896564871073
8081872090,0,4.757595317865116,192.6205291748047,-64.17045593261719,0.0016054916195571423
8106872091,0,4.757625895957715,192.6205291748047,-64.17044067382812,0.0016033934662118554
8131872091,0,4.760127428675904,192.62054443359375,-64.16795349121094,0.0015810393961146474
8156872091,0,4.771752362048596,192.6206817626953,-64.15633392333984,0.0015092086978256702
8181872092,0,4.791233713773803,192.62091064453125,-64.13684844970703,0.0014253616100177169
8206872092,0,4.817426731727153,192.62120056152344,-64.11064910888672,0.0013469314435496926
8231872092,0,4.849341326731097,192.62158203125,-64.0787353515625,0.0012817763490602374
8256872093,0,4.886137228882269,192.62200927734375,-64.04193878173828,0.001232147216796875
8281872093,0,4.927160399989159,192.62249755859375,-64.00090789794922,0.0011975860688835382
8306872094,0,4.971877786994542,192.62301635742188,-63.9561882019043,0.0011762999929487705
8331872094,0,5.019830304022198,192.62359619140625,-63.908226013183594,0.0011658859439194202
8356872094,0,5.07068422520351,192.62417602539062,-63.85736846923828,0.0011640166630968451
8381872095,0,5.124155261212402,192.6248016357422,-63.80388641357422,0.001168479910120368
8406872095,0,5.180025624339901,192.62545776367188,-63.74800491333008,0.0011774444719776511
8431872095,0,5.2381161683833035,192.6261444091797,-63.689910888671875,0.0011894607450813055
8456872096,0,5.298273917214816,192.62684631347656,-63.62974166870117,0.0012032699305564165
8481872096,0,5.360408417321315,192.62759399414062,-63.567596435546875,0.0012180327903479338
8506872097,0,5.424419046872197,192.6283416748047,-63.50358200073242,0.001233062706887722
8531872097,0,5.490219149753347,192.62911987304688,-63.43777084350586,0.0012479019351303577
8556872097,0,5.557758181273341,192.62989807128906,-63.37022018432617,0.001262245117686689
8581872098,0,5.62699190818973,192.63072204589844,-63.30097579956055,0.0012757873628288507
8606872098,0,5.69788071999099,192.6315460205078,-63.23007583618164,0.0012884520692750812
8631872098,0,5.770387491828192,192.6324005126953,-63.15755844116211,0.0013001251500099897
8656872099,0,5.8444922060232,192.6332550048828,-63.08344268798828,0.0013107300037518144
8681872099,0,5.920173439524914,192.6341552734375,-63.00775146484375,0.0013204956194385886
8706872100,0,5.99740306530056,192.6350555419922,-62.930511474609375,0.0013294219970703125
8731872100,0,6.076174420858872,192.635986328125,-62.85173034667969,0.0013374328846111894
8756872100,0,6.156464169081695,192.63693237304688,-62.77143096923828,0.0013446426019072533
8781872101,0,6.2382837458855604,192.6378936767578,-62.68960189819336,0.0013510894495993853
8806872101,0,6.321595035505947,192.6388702392578,-62.60628128051758,0.001356849679723382
8831872101,0,6.406401857348266,192.63986206054688,-62.52146530151367,0.0013620376121252775
8856872102,0,6.4926965975407915,192.640869140625,-62.43516159057617,0.001366577111184597
8881872102,0,6.58047162434302,192.6418914794922,-62.34737777709961,0.0013707351172342896
8906872102,0,6.669723577362409,192.6429443359375,-62.25811767578125,0.0013743591262027621
8931872103,0,6.760436322175548,192.6439971923828,-62.167396545410156,0.0013776016421616077
8956872103,0,6.8526111763186766,192.6450958251953,-62.07521438598633,0.001380500732921064
8981872104,0,6.946246829852795,192.6461944580078,-61.981571197509766,0.001383132883347571
9006872104,0,7.041328044165466,192.6472930908203,-61.88648223876953,0.0013854599092155695
9031872104,0,7.1378446645571385,192.6484375,-61.78995895385742,0.0013875961303710938
9056872105,0,7.235772530625054,192.6495819091797,-61.69202423095703,0.0013897704193368554
9081872105,0,7.335062916747999,192.6507568359375,-61.59272766113281,0.0013920592609792948
9106872105,0,7.435684478740163,192.6519317626953,-61.49209976196289,0.0013945387909188867
9131872106,0,7.537580848725643,192.65313720703125,-61.39019775390625,0.0013973235618323088
9156872106,0,7.640698221584282,192.65435791015625,-61.28707504272461,0.0014004516415297985
9181872107,0,7.744986216108777,192.6555633544922,-61.18278121948242,0.0014039610978215933
9206872107,0,7.850381619491088,192.6568145751953,-61.0773811340332,0.0014078902313485742
9231872107,0,7.9568298302934695,192.65806579589844,-60.97092819213867,0.0014121246058493853
9256872108,0,8.064277464812209,192.65931701660156,-60.86347579956055,0.001416702289134264
9281872108,0,8.172667718239623,192.66058349609375,-60.75508117675781,0.0014215469127520919
9306872108,0,8.28212263388685,192.661865234375,-60.64579772949219,0.0014266585931181908
9331872109,0,8.391738342055959,192.6631622314453,-60.53569793701172,0.001431961078196764
9356872109,0,8.502112841906202,192.66444396972656,-60.424808502197266,0.0014373778831213713
9381872110,0,8.613148130502392,192.66575622558594,-60.31319046020508,0.0014429092407226562
9406872110,0,8.724706518768206,192.66708374023438,-60.20088195800781,0.0014484786661341786
9431872110,0,8.836673208022829,192.6684112548828,-60.08793640136719,0.0014541244599968195
9456872111,0,8.94874691230381,192.66973876953125,-59.974403381347656,0.0014596557011827826
9481872111,0,9.060111861596322,192.6710662841797,-59.86030578613281,0.0014652252430096269
9506872111,0,9.170228467566236,192.67239379882812,-59.74569320678711,0.0014706420479342341
9531872112,0,9.279008181377185,192.67376708984375,-59.63059616088867,0.0014759445330128074
9556872112,0,9.386558658650024,192.6751251220703,-59.51504135131836,0.001481132465414703
9581872113,0,9.492973990108908,192.67649841308594,-59.39907455444336,0.0014861678937450051
9606872113,0,9.598134827619381,192.67787170410156,-59.28272247314453,0.0014910507015883923
9631872113,0,9.701930352399236,192.67922973632812,-59.16600799560547,0.0014956282684579492
9656872114,0,9.802892966912365,192.68060302734375,-59.04895782470703,0.0015001677675172687
9681872114,0,9.90025378411128,192.6819610595703,-58.93159484863281,0.0015045547625049949
9706872114,0,9.994294455066292,192.68333435058594,-58.81394577026367,0.0015087127685546875
9731872115,0,10.085363348481604,192.68470764160156,-58.69602584838867,0.0015126799698919058
9756872115,0,10.173694869117188,192.68609619140625,-58.57785415649414,0.0015164184151217341
9781872116,0,10.259475159745344,192.6875,-58.45945739746094,0.0015200042398646474
9806872116,0,10.342833868074713,192.68890380859375,-58.340843200683594,0.0015233611920848489
9831872116,0,10.42388052015368,192.6903076171875,-58.22203063964844,0.0015265655238181353
9856872117,0,10.502699356518852,192.69171142578125,-58.10302734375,0.0015295409830287099
9881872117,0,10.579336827898382,192.693115234375,-57.983856201171875,0.0015323638217523694
9906872117,0,10.653830707827863,192.6945343017578,-57.864524841308594,0.0015350723406299949
9931872118,0,10.72622605585982,192.69593811035156,-57.74504089355469,0.0015375518705695868
9956872118,0,10.796522171627641,192.6973419189453,-57.62542724609375,0.0015399169642478228
9981872119,0,10.864766551192847,192.69874572753906,-57.50568389892578,0.0015421294374391437
10006872119,0,10.930954334619042,192.7001495361328,-57.38582229614258,0.0015441894065588713
10031872119,0,10.995092801557638,192.70155334472656,-57.26585006713867,0.001546134939417243
10056872120,0,11.05718542095651,192.7029571533203,-57.14577865600586,0.001547965919598937
10081872120,0,11.117248824789769,192.70437622070312,-57.02560806274414,0.001549682579934597
10106872120,0,11.175272293330282,192.70578002929688,-56.90535354614258,0.0015512848040089011
10131872121,0,11.231266890295391,192.70718383789062,-56.78501510620117,0.0015527342911809683
10156872121,0,11.285227087203976,192.70858764648438,-56.66459655761719,0.0015541076427325606
10181872121,0,11.337138654348143,192.70999145507812,-56.54411315917969,0.0015554428100585938
10206872122,0,11.387024132060095,192.71139526367188,-56.42356491088867,0.0015565871726721525
10231872122,0,11.434860637379746,192.7128143310547,-56.30295181274414,0.0015576934674754739
10256872123,0,11.480654103346984,192.71421813964844,-56.182289123535156,0.0015587997622787952
10281872123,0,11.52440656884849,192.7156219482422,-56.061561584472656,0.0015597534365952015
10306872123,0,11.566110066409106,192.71702575683594,-55.9407844543457,0.0015606689266860485
10331872124,0,11.60576425922013,192.7184295654297,-55.81996536254883,0.0015615081647410989
10356872124,0,11.643358043882808,192.71983337402344,-55.699100494384766,0.0015622710343450308
10381872124,0,11.678893429270836,192.72125244140625,-55.57819747924805,0.0015629958361387253
10406872125,0,11.712359767463084,192.72265625,-55.45725631713867,0.0015636443858966231
10431872125,0,11.743773653121025,192.72406005859375,-55.33627700805664,0.0015642928192391992
10456872126,0,11.77312812344874,192.7254638671875,-55.215267181396484,0.0015648269327357411
10481872126,0,11.80158925594272,192.72686767578125,-55.0942268371582,0.0015653609298169613
10506872126,0,11.830136872162441,192.728271484375,-54.97315979003906,0.0015658950433135033
10531872127,0,11.858756350223933,192.7296905517578,-54.85205841064453,0.0015663527883589268
10556872127,0,11.887424789408549,192.73109436035156,-54.73093795776367,0.0015667724655941129
10581872127,0,11.916161248757684,192.7324981689453,-54.60978698730469,0.001567153842188418
10606872128,0,11.944939029382493,192.73390197753906,-54.488616943359375,0.0015675353351980448
10631872128,0,11.97377436923759,192.7353057861328,-54.3674201965332,0.0015678786439821124
10656872129,0,12.002658982966915,192.73670959472656,-54.2462043762207,0.00156822195276618
10681872129,0,12.031585244850637,192.7381134033203,-54.124969482421875,0.0015684509417042136
10706872129,0,12.060562086020411,192.73953247070312,-54.00371551513672,0.001568756066262722
10731872130,0,12.089573596236,192.74093627929688,-53.882450103759766,0.0015689849387854338
10756872130,0,12.118635352826766,192.74234008789062,-53.761165618896484,0.0015692519955337048
10781872130,0,12.147735265746743,192.74374389648438,-53.63986587524414,0.0015694426838308573
10806872131,0,12.176877794485144,192.74514770507812,-53.5185546875,0.001569671556353569
10831872131,0,12.206070884373412,192.74655151367188,-53.39722442626953,0.0015698241768404841
10856872132,0,12.235298634757926,192.7479705810547,-53.275882720947266,0.0015700148651376367
10881872132,0,12.26457533964151,192.74937438964844,-53.1545295715332,0.0015701674856245518
10906872132,0,12.293891159087337,192.7507781982422,-53.03316116333008,0.0015703201061114669
10931872133,0,12.323248627112765,192.75218200683594,-52.91178894042969,0.001570472726598382
10956872133,0,12.352647746776137,192.7535858154297,-52.79039764404297,0.0015705489786341786
10981872133,0,12.381635278198923,192.75498962402344,-52.66899871826172,0.0015707015991210938
11006872134,0,12.4081831297422,192.75640869140625,-52.54758834838867,0.0015708160353824496
11031872134,0,12.432179473181689,192.7578125,-52.42616653442383,0.0015708922874182463
11056872135,0,12.453737178088295,192.75921630859375,-52.30473327636719,0.0015710067236796021
11081872135,0,12.472964946951189,192.7606201171875,-52.18329620361328,0.0015710829757153988
11106872135,0,12.489933990219471,192.76202392578125,-52.06184387207031,0.0015711593441665173
11131872136,0,12.504713277735178,192.763427734375,-51.94038391113281,0.001571235596202314
11156872136,0,12.517352389822362,192.7648468017578,-51.81892013549805,0.0015713119646534324
11181872136,0,12.527912346657427,192.76625061035156,-51.697444915771484,0.001571388216689229
11206872137,0,12.536436035345607,192.7676544189453,-51.57596206665039,0.001571388216689229
11231872137,0,12.542948897854002,192.76905822753906,-51.4544677734375,0.0015714644687250257
11256872138,0,12.547486813985818,192.7704620361328,-51.33296585083008,0.0015715408371761441
11281872138,0,12.55007460835255,192.77186584472656,-51.211463928222656,0.0015715408371761441
11306872138,0,12.550724341804585,192.7732696533203,-51.08995056152344,0.0015715789049863815
11331872139,0,12.54947095825541,192.77468872070312,-50.96842575073242,0.0015716552734375
11356872139,0,12.546320221500812,192.77609252929688,-50.84689712524414,0.0015716933412477374
11381872139,0,12.541277511618901,192.77749633789062,-50.725364685058594,0.0015717315254732966
11406872140,0,12.534369556985999,192.77894592285156,-50.60382080078125,0.0015717697096988559
11431872140,0,12.525607267189258,192.78038024902344,-50.48227310180664,0.0015717697096988559
11456872140,0,12.514982765024877,192.78182983398438,-50.360721588134766,0.0015718077775090933
11481872141,0,12.50252340639832,192.7832794189453,-50.239158630371094,0.0015718459617346525
11506872141,0,12.488224787164553,192.78472900390625,-50.117591857910156,0.0015718459617346525
11531872142,0,12.472091354156564,192.78616333007812,-49.99602127075195,0.0015718459617346525
11556872142,0,12.454138066095412,192.78761291503906,-49.87443923950195,0.0015719222137704492
11581872142,0,12.434362036189675,192.7890625,-49.75284957885742,0.0015719222137704492
11606872143,0,12.41276112091696,192.79049682617188,-49.63125991821289,0.0015719222137704492
11631872143,0,12.38936004642066,192.7919464111328,-49.50965881347656,0.0015718841459602118
11656872143,0,12.36414965496899,192.79339599609375,-49.3880500793457,0.0015718841459602118
11681872144,0,12.337142002123805,192.7948455810547,-49.26643753051758,0.0015719222137704492
11706872144,0,12.308333274683458,192.79627990722656,-49.14482498168945,0.0015719222137704492
11731872145,0,12.27773903409292,192.7977294921875,-49.02320098876953,0.0015719603979960084
11756872145,0,12.245359584238233,192.79917907714844,-48.90156936645508,0.0015719603979960084
11781872145,0,12.211198737076618,192.8006134033203,-48.77993392944336,0.0015719603979960084
11806872146,0,12.175260608975533,192.80206298828125,-48.658294677734375,0.0015719603979960084
11831872146,0,12.137559542775177,192.8035125732422,-48.53664779663086,0.0015719603979960084
11856872146,0,12.098090814835794,192.80496215820312,-48.41499710083008,0.0015719985822215676
11881872147,0,12.056861754654765,192.806396484375,-48.293338775634766,0.001572036650031805
11906872147,0,12.013885623384482,192.80784606933594,-48.17167282104492,0.001572036650031805
11931872148,0,11.969157096515454,192.80929565429688,-48.05000305175781,0.001572036650031805
11956872148,0,11.92268119822506,192.8107452392578,-47.92832946777344,0.001572036650031805
11981872148,0,11.874480511234257,192.8121795654297,-47.80664825439453,0.001572036650031805
12006872149,0,11.82454419563422,192.81362915039062,-47.684959411621094,0.001572036650031805
12031872149,0,11.772874864281938,192.81507873535156,-47.563270568847656,0.001572036650031805
12056872149,0,11.719491592718333,192.81651306152344,-47.44157028198242,0.001572036650031805
12081872150,0,11.664387653488477,192.81796264648438,-47.31986618041992,0.001572036650031805
12106872150,0,11.607571567668323,192.8194122314453,-47.198158264160156,0.001572036650031805
12131872151,0,11.549051851077675,192.82086181640625,-47.07644271850586,0.001572036650031805
12156872151,0,11.488821461046026,192.82229614257812,-46.95472717285156,0.0015720748342573643
12181872151,0,11.426918531959657,192.82374572753906,-46.83300018310547,0.001572036650031805
12206872152,0,11.363381500048568,192.8251953125,-46.711273193359375,0.001572036650031805
12231872152,0,11.298327415873331,192.82662963867188,-46.589534759521484,0.001572036650031805
12256872152,0,11.231875409052334,192.8280792236328,-46.467796325683594,0.0015720748342573643
12281872153,0,11.164123757870813,192.82952880859375,-46.34605407714844,0.0015720748342573643
12306872153,0,11.095206553469342,192.8309783935547,-46.22430419921875,0.0015720748342573643
12331872154,0,11.025229100799663,192.83241271972656,-46.10255432128906,0.0015721130184829235
12356872154,0,10.954309335165172,192.8338623046875,-45.98079299926758,0.0015721130184829235
12381872154,0,10.882553746792368,192.83531188964844,-45.85903549194336,0.0015721512027084827
12406872155,0,10.810077955493728,192.8367462158203,-45.737274169921875,0.0015721892705187201
12431872155,0,10.73704366544152,192.83819580078125,-45.61550521850586,0.0015721892705187201
12456872155,0,10.66396016996116,192.8396453857422,-45.49374008178711,0.0015721892705187201
12481872156,0,10.591469142154628,192.84109497070312,-45.37196731567383,0.0015722656389698386
12506872156,0,10.520202186053028,192.842529296875,-45.25019073486328,0.0015722656389698386
12531872157,0,10.450757016019667,192.84397888183594,-45.12841033935547,0.0015722656389698386
12556872157,0,10.383693676688228,192.84542846679688,-45.00663375854492,0.001572303706780076
12581872157,0,10.319561372854285,192.8468780517578,-44.884857177734375,0.001572303706780076
12606872158,0,10.258698291234477,192.8483123779297,-44.76306915283203,0.0015723418910056353
12631872158,0,10.200750607273203,192.84976196289062,-44.64128494262695,0.0015723418910056353
12656872158,0,10.145218354588794,192.85121154785156,-44.51949691772461,0.0015723800752311945
12681872159,0,10.091521180421333,192.85264587402344,-44.397708892822266,0.001572418143041432
12706872159,0,10.039142322514268,192.85409545898438,-44.27592086791992,0.001572418143041432
12731872159,0,9.987963563284822,192.8555450439453,-44.154136657714844,0.001572418143041432
12756872160,0,9.937935961401926,192.85699462890625,-44.0323371887207,0.0015724563272669911
12781872160,0,9.888979747802242,192.85842895507812,-43.91054153442383,0.0015724563272669911
12806872161,0,9.84103485782944,192.85987854003906,-43.78874588012695,0.0015724563272669911
12831872161,0,9.794091443339136,192.861328125,-43.66694641113281,0.0015724563272669911
12856872161,0,9.748198443249946,192.86276245117188,-43.54515075683594,0.0015724945114925504
12881872162,0,9.703605996441466,192.8642120361328,-43.42335510253906,0.0015725325793027878
12906872162,0,9.66009063456908,192.86566162109375,-43.30155563354492,0.0015725325793027878
12931872162,0,9.617707963570385,192.8671112060547,-43.17975997924805,0.0015725325793027878
12956872163,0,9.57669669298213,192.86854553222656,-43.05796432495117,0.001572570763528347
12981872163,0,9.536881394666095,192.8699951171875,-42.93616485595703,0.001572570763528347
13006872164,0,9.49847024272623,192.87144470214844,-42.814369201660156,0.001572570763528347
13031872164,0,9.460719473768059,192.8728790283203,-42.69256591796875,0.001572570763528347
13056872164,0,9.423003285187681,192.87432861328125,-42.570762634277344,0.0015726089477539062
13081872165,0,9.385336970474766,192.8757781982422,-42.44895553588867,0.0015726089477539062
13106872165,0,9.347870557713877,192.87722778320312,-42.3271484375,0.0015726089477539062
13131872165,0,9.311270246570118,192.878662109375,-42.20534133911133,0.0015726089477539062
13156872166,0,9.276185078713995,192.88011169433594,-42.083534240722656,0.0015726089477539062
13181872166,0,9.243272316122091,192.88156127929688,-41.961727142333984,0.0015726089477539062
13206872167,0,9.213173636798693,192.8830108642578,-41.83992004394531,0.0015726089477539062
13231872167,0,9.186535156241764,192.8844451904297,-41.71811294555664,0.0015726089477539062
13256872167,0,9.164009672973307,192.88589477539062,-41.59630584716797,0.0015726089477539062
13281872168,0,9.145645758739516,192.88734436035156,-41.47450256347656,0.0015726470155641437
13306872168,0,9.130318261128595,192.88877868652344,-41.35269546508789,0.0015726470155641437
13331872168,0,9.11689096473123,192.89022827148438,-41.23088836669922,0.0015726470155641437
13356872169,0,9.10426488569351,192.8916778564453,-41.10908126831055,0.0015726470155641437
13381872169,0,9.091654684169907,192.89312744140625,-40.987274169921875,0.001572685199789703
13406872170,0,9.07908485631028,192.89456176757812,-40.8654670715332,0.0015727233840152621
13431872170,0,9.06654778485315,192.89601135253906,-40.74365997314453,0.0015727233840152621
13456872170,0,9.054065122251961,192.8974609375,-40.62185287475586,0.0015727233840152621
13481872171,0,9.041632748665037,192.89889526367188,-40.50004959106445,0.0015727233840152621
13506872171,0,9.02925889740493,192.9003448486328,-40.37824249267578,0.0015727233840152621
13531872171,0,9.016936529676308,192.90179443359375,-40.25643539428711,0.0015727233840152621
13556872172,0,9.007548580058932,192.9032440185547,-40.13462829589844,0.0015727233840152621
13581872172,0,9.00134725674305,192.90467834472656,-40.012821197509766,0.0015727233840152621
13606872173,0,8.998137353180903,192.9061279296875,-39.891014099121094,0.0015727233840152621
13631872173,0,8.997689148869371,192.90757751464844,-39.76920700073242,0.0015727233840152621
13656872173,0,8.999851789546113,192.9090118408203,-39.64739990234375,0.0015727233840152621
13681872174,0,9.004472609785969,192.91046142578125,-39.525596618652344,0.0015727614518254995
13706872174,0,9.011427718945937,192.9119110107422,-39.40378952026367,0.0015727614518254995
13731872174,0,9.020636402388577,192.91336059570312,-39.281982421875,0.0015727614518254995
13756872175,0,9.032004172828845,192.914794921875,-39.16017532348633,0.0015727614518254995
13781872175,0,9.045454155268413,192.91624450683594,-39.038368225097656,0.0015727614518254995
13806872176,0,9.06091798748662,192.91769409179688,-38.916561126708984,0.0015727614518254995
13831872176,0,9.078251311506376,192.9191436767578,-38.79475402832031,0.0015727614518254995
13856872176,0,9.097275434473962,192.9205780029297,-38.67294692993164,0.0015727614518254995
13881872177,0,9.117755686744825,192.92202758789062,-38.55113983154297,0.0015727614518254995
13906872177,0,9.13946523440428,192.92347717285156,-38.42933654785156,0.0015727614518254995
13931872177,0,9.162229609778255,192.92491149902344,-38.30752944946289,0.0015727614518254995
13956872178,0,9.185883843685753,192.92636108398438,-38.18572235107422,0.0015727614518254995
13981872178,0,9.210229314471302,192.9278106689453,-38.06391525268555,0.0015727614518254995
14006872178,0,9.235041541954716,192.92926025390625,-37.942108154296875,0.0015727614518254995
14031872179,0,9.260041805502452,192.93069458007812,-37.8203010559082,0.0015727614518254995
14056872179,0,9.284993898191706,192.93214416503906,-37.69849395751953,0.0015727614518254995
14081872180,0,9.3097245272264,192.93359375,-37.57668685913086,0.0015727614518254995
14106872180,0,9.334009764375596,192.93502807617188,-37.45488357543945,0.0015727614518254995
14131872180,0,9.357651817399955,192.9364776611328,-37.33307647705078,0.0015727614518254995
14156872181,0,9.380435995489119,192.93792724609375,-37.21126937866211,0.0015727614518254995
14181872181,0,9.402201291294341,192.9393768310547,-37.08946228027344,0.0015727614518254995
14206872181,0,9.422840375041469,192.94081115722656,-36.967655181884766,0.0015727614518254995
14231872182,0,9.442243189869014,192.9422607421875,-36.845848083496094,0.0015727614518254995
14256872182,0,9.460326369454766,192.94371032714844,-36.72404098510742,0.0015727614518254995
14281872183,0,9.477055319552433,192.9451446533203,-36.60223388671875,0.0015727614518254995
14306872183,0,9.492391898097422,192.94659423828125,-36.480430603027344,0.0015727614518254995
14331872183,0,9.50636608744831,192.9480438232422,-36.35862350463867,0.0015727614518254995
14356872184,0,9.519054175262635,192.94949340820312,-36.23681640625,0.0015727614518254995
14381872184,0,9.530502466662108,192.950927734375,-36.11500930786133,0.0015727614518254995
14406872184,0,9.540798950034869,192.95237731933594,-35.993202209472656,0.0015727614518254995
14431872185,0,9.5499863680545,192.95382690429688,-35.871395111083984,0.0015727614518254995
14456872185,0,9.55810719135046,192.9552764892578,-35.74958801269531,0.0015727614518254995
14481872186,0,9.565217566092743,192.9567108154297,-35.62778091430664,0.0015727233840152621
14506872186,0,9.571318011169632,192.95816040039062,-35.505977630615234,0.0015727614518254995
14531872186,0,9.576442584202171,192.95960998535156,-35.38417053222656,0.0015727614518254995
14556872187,0,9.580598645151476,192.96104431152344,-35.26236343383789,0.0015727614518254995
14581872187,0,9.583793032219338,192.96249389648438,-35.14055633544922,0.0015727614518254995
14606872187,0,9.586045340172936,192.9639434814453,-35.01874923706055,0.0015727614518254995
14631872188,0,9.58735754720242,192.96539306640625,-34.896942138671875,0.0015727614518254995
14656872188,0,9.587642191783633,192.96682739257812,-34.7751350402832,0.0015727614518254995
14681872189,0,9.586862441389853,192.96827697753906,-34.65332794189453,0.0015727614518254995
14706872189,0,9.584957789074968,192.9697265625,-34.53152084350586,0.0015727614518254995
14731872189,0,9.581920347364315,192.97116088867188,-34.40971755981445,0.0015727614518254995
14756872190,0,9.577789619606232,192.9726104736328,-34.28791046142578,0.0015727614518254995
14781872190,0,9.572600744898859,192.97406005859375,-34.16610336303711,0.0015727614518254995
14806872190,0,9.566438279884535,192.9755096435547,-34.04429626464844,0.0015727614518254995
14831872191,0,9.55938518933872,192.97694396972656,-33.922489166259766,0.0015727614518254995
14856872191,0,9.551513023199625,192.9783935546875,-33.800682067871094,0.0015727614518254995
14881872192,0,9.542892480370977,192.97984313964844,-33.67887496948242,0.0015727614518254995
14906872192,0,9.533555124472315,192.9812774658203,-33.55706787109375,0.0015727614518254995
14931872192,0,9.523619977211485,192.98272705078125,-33.435264587402344,0.0015727614518254995
14956872193,0,9.513188236250109,192.9841766357422,-33.31345748901367,0.0015727614518254995
14981872193,0,9.50236798137667,192.98562622070312,-33.191650390625,0.0015727614518254995
15006872193,0,9.49123498503218,192.987060546875,-33.06984329223633,0.0015727614518254995
15031872194,0,9.479812890665134,192.98851013183594,-32.948036193847656,0.0015727614518254995
15056872194,0,9.468444733810934,192.98995971679688,-32.826229095458984,0.0015727996360510588
15081872195,0,9.457123632236112,192.9914093017578,-32.70442199707031,0.0015727996360510588
15106872195,0,9.445857458811169,192.9928436279297,-32.58261489868164,0.0015727996360510588
15131872195,0,9.434643920510867,192.99429321289062,-32.460811614990234,0.0015727996360510588
15156872196,0,9.42349242247053,192.99574279785156,-32.33900451660156,0.001572837820276618
15181872196,0,9.412405762207516,192.99717712402344,-32.21719741821289,0.0015727614518254995
15206872196,0,9.401373769527003,192.99862670898438,-32.09539031982422,0.0015727614518254995
15231872197,0,9.390389849876824,193.0000762939453,-31.973583221435547,0.0015727614518254995
15256872197,0,9.379452231002595,193.00152587890625,-31.851776123046875,0.0015727614518254995
15281872197,0,9.368566638821438,193.00296020507812,-31.729970932006836,0.0015727614518254995
15306872198,0,9.357726224072891,193.00440979003906,-31.608163833618164,0.0015727614518254995
15331872198,0,9.346935428393099,193.005859375,-31.486356735229492,0.0015727614518254995
15356872199,0,9.336187143030104,193.00729370117188,-31.36454963684082,0.0015727614518254995
15381872199,0,9.325485188861915,193.0087432861328,-31.24274253845215,0.0015727614518254995
15406872199,0,9.314828452975643,193.01019287109375,-31.12093734741211,0.0015727614518254995
15431872200,0,9.30422760439222,193.0116424560547,-30.999130249023438,0.0015727614518254995
15456872200,0,9.293668507174814,193.01307678222656,-30.877323150634766,0.0015727233840152621
15481872200,0,9.28327863065427,193.0145263671875,-30.755516052246094,0.0015727233840152621
15506872201,0,9.273741061028861,193.01597595214844,-30.633710861206055,0.0015727233840152621
15531872201,0,9.265387069484625,193.0174102783203,-30.511903762817383,0.0015727233840152621
15556872202,0,9.25709136267697,193.01885986328125,-30.39009666442871,0.0015727233840152621
15581872202,0,9.247089860125339,193.0203094482422,-30.26828956604004,0.0015727233840152621
15606872202,0,9.23639398510654,193.02175903320312,-30.146484375,0.0015727233840152621
15631872203,0,9.225851590988357,193.023193359375,-30.024677276611328,0.001572685199789703
15656872203,0,9.216216493585087,193.02464294433594,-29.902870178222656,0.0015727233840152621
15681872203,0,9.208194562674716,193.02609252929688,-29.781063079833984,0.0015727233840152621
15706872204,0,9.202431467786221,193.0275421142578,-29.659257888793945,0.001572685199789703
15731872204,0,9.199549172367584,193.0289764404297,-29.537450790405273,0.001572685199789703
15756872205,0,9.199957390368052,193.03042602539062,-29.4156436920166,0.0015727233840152621
15781872205,0,9.203870266747012,193.03187561035156,-29.29383659362793,0.0015727233840152621
15806872205,0,9.211443261313516,193.03330993652344,-29.17203140258789,0.0015726470155641437
15831872206,0,9.22281334560455,193.03475952148438,-29.05022430419922,0.0015727233840152621
15856872206,0,9.237869283071515,193.0362091064453,-28.928417205810547,0.0015727233840152621
15881872206,0,9.256035336864747,193.03765869140625,-28.806610107421875,0.001572685199789703
15906872207,0,9.276624961417479,193.03909301757812,-28.684804916381836,0.001572685199789703
15931872207,0,9.298857301691973,193.04054260253906,-28.562997817993164,0.0015727233840152621
15956872208,0,9.322139786069139,193.0419921875,-28.441190719604492,0.001572685199789703
15981872208,0,9.34621662066358,193.04342651367188,-28.31938362121582,0.0015726470155641437
16006872208,0,9.370865998844717,193.0448760986328,-28.19757843017578,0.0015726470155641437
16031872209,0,9.395853687185996,193.04632568359375,-28.07577133178711,0.001572685199789703
16056872209,0,9.420937232904187,193.0477752685547,-27.953964233398438,0.0015727233840152621
16081872209,0,9.44584557406585,193.04920959472656,-27.832157135009766,0.0015727233840152621
16106872210,0,9.470316059821362,193.0506591796875,-27.710350036621094,0.0015727614518254995
16131872210,0,9.494120972805588,193.05210876464844,-27.588544845581055,0.001572685199789703
16156872211,0,9.517064500894419,193.0535430908203,-27.466737747192383,0.001572685199789703
16181872211,0,9.539004402696346,193.05499267578125,-27.34493064880371,0.0015727233840152621
16206872211,0,9.55981229703713,193.0564422607422,-27.22312355041504,0.0015727233840152621
16231872212,0,9.579382519424755,193.05789184570312,-27.101318359375,0.0015727233840152621
16256872212,0,9.597631935304657,193.059326171875,-26.979511260986328,0.001572685199789703
16281872212,0,9.614486682982536,193.06077575683594,-26.857704162597656,0.001572685199789703
16306872213,0,9.629892591393876,193.06222534179688,-26.735897064208984,0.0015727233840152621
16331872213,0,9.643790284086197,193.0636749267578,-26.614091873168945,0.0015727233840152621
16356872214,0,9.656145175719606,193.0651092529297,-26.492284774780273,0.0015727614518254995
16381872214,0,9.66691340494425,193.06655883789062,-26.3704776763916,0.0015727233840152621
16406872214,0,9.676076159699527,193.06800842285156,-26.24867057800293,0.001572685199789703
16431872215,0,9.683596430296323,193.06944274902344,-26.12686538696289,0.001572685199789703
16456872215,0,9.689459477503306,193.07089233398438,-26.00505828857422,0.001572685199789703
16481872215,0,9.693641288118751,193.0723419189453,-25.883251190185547,0.0015727233840152621
16506872216,0,9.696133718872995,193.07379150390625,-25.761444091796875,0.001572685199789703
16531872216,0,9.696927759303703,193.07522583007812,-25.639638900756836,0.0015727233840152621
16556872216,0,9.696041182909397,193.07667541503906,-25.517831802368164,0.0015727233840152621
16581872217,0,9.693460114695732,193.078125,-25.396024703979492,0.0015727233840152621
16606872217,0,9.68916646567652,193.07955932617188,-25.27421760559082,0.0015727233840152621
16631872218,0,9.683147648080576,193.0810089111328,-25.15241241455078,0.001572685199789703
16656872218,0,9.675407034149686,193.08245849609375,-25.03060531616211,0.0015727614518254995
16681872218,0,9.665922428934415,193.0839080810547,-24.908798217773438,0.0015727614518254995
16706872219,0,9.654690081512811,193.08534240722656,-24.786991119384766,0.0015727233840152621
16731872219,0,9.641705638468965,193.0867919921875,-24.665185928344727,0.0015727614518254995
16756872219,0,9.626961511442715,193.08824157714844,-24.543378829956055,0.0015727614518254995
16781872220,0,9.610454752034105,193.0896759033203,-24.421571731567383,0.0015727614518254995
16806872220,0,9.592174198213703,193.09112548828125,-24.29976463317871,0.0015727233840152621
16831872221,0,9.572123944255614,193.0925750732422,-24.17795753479004,0.0015727614518254995
16856872221,0,9.550304557734458,193.09402465820312,-24.05615234375,0.0015727233840152621
16881872221,0,9.526755260033129,193.095458984375,-23.934345245361328,0.0015727233840152621
16906872222,0,9.501523460728837,193.09690856933594,-23.812538146972656,0.0015727614518254995
16931872222,0,9.474717865792883,193.09835815429688,-23.690731048583984,0.0015726089477539062
16956872222,0,9.446533536310303,193.0998077392578,-23.568925857543945,0.001572685199789703
16981872223,0,9.41714809414885,193.1012420654297,-23.447118759155273,0.0015727614518254995
17006872223,0,9.386761220971291,193.10269165039062,-23.3253116607666,0.0015727233840152621
17031872224,0,9.355559792146243,193.10414123535156,-23.20350456237793,0.0015727233840152621
17056872224,0,9.323699605119131,193.10557556152344,-23.08169937133789,0.0015726470155641437
17081872224,0,9.291395348980828,193.10702514648438,-22.95989227294922,0.0015727233840152621
17106872225,0,9.259256230180478,193.1084747314453,-22.838085174560547,0.0015727233840152621
17131872225,0,9.22792767496698,193.10992431640625,-22.716278076171875,0.0015727233840152621
17156872225,0,9.19801507034205,193.11135864257812,-22.594472885131836,0.0015727614518254995
17181872226,0,9.170105785345077,193.11280822753906,-22.472665786743164,0.0015727614518254995
17206872226,0,9.144758014540415,193.1142578125,-22.350858688354492,0.001572685199789703
17231872227,0,9.123514365296378,193.11569213867188,-22.22905158996582,0.001572685199789703
17256872227,0,9.106670912311259,193.1171417236328,-22.10724639892578,0.0015727233840152621
17281872227,0,9.094223747997283,193.11859130859375,-21.98543930053711,0.0015727233840152621
17306872228,0,9.086161648628591,193.1200408935547,-21.863632202148438,0.0015727614518254995
17331872228,0,9.082482677040415,193.12147521972656,-21.741825103759766,0.0015727614518254995
17356872228,0,9.08315793560033,193.1229248046875,-21.620019912719727,0.0015727614518254995
17381872229,0,9.088224317457838,193.12437438964844,-21.498212814331055,0.0015727233840152621
17406872229,0,9.097673582698102,193.1258087158203,-21.376405715942383,0.0015727233840152621
17431872230,0,9.111508625525909,193.12725830078125,-21.25459861755371,0.0015727614518254995
17456872230,0,9.129721161647675,193.1287078857422,-21.132793426513672,0.0015727614518254995
17481872230,0,9.151937073676763,193.13015747070312,-21.010986328125,0.0015727996360510588
17506872231,0,9.177083732532235,193.131591796875,-20.889179229736328,0.0015727614518254995
17531872231,0,9.204052569740515,193.13304138183594,-20.767372131347656,0.0015727233840152621
17556872231,0,9.231740397462033,193.13449096679688,-20.64556312561035,0.0015727614518254995
17581872232,0,9.259481410133114,193.13589477539062,-20.523754119873047,0.0015727614518254995
17606872232,0,9.287240820539227,193.13729858398438,-20.401945114135742,0.0015727996360510588
17631872233,0,9.315031756678874,193.13870239257812,-20.280136108398438,0.0015727614518254995
17656872233,0,9.342855890085442,193.14010620117188,-20.158327102661133,0.0015727614518254995
17681872233,0,9.370718442290457,193.1415252685547,-20.036518096923828,0.0015727614518254995
17706872234,0,9.398623489559434,193.14292907714844,-19.914709091186523,0.0015727614518254995
17731872234,0,9.42773556491244,193.1443328857422,-19.79290008544922,0.0015727614518254995
17756872234,0,9.458538415844842,193.14573669433594,-19.671091079711914,0.0015727614518254995
17781872235,0,9.490450062690917,193.1471405029297,-19.54928207397461,0.0015727614518254995
17806872235,0,9.52296407151195,193.14854431152344,-19.427473068237305,0.0015727996360510588
17831872235,0,9.55563354793265,193.14996337890625,-19.3056640625,0.001572837820276618
17856872236,0,9.588089143003765,193.1513671875,-19.183855056762695,0.0015727614518254995
17881872236,0,9.620030678513343,193.15277099609375,-19.06204605102539,0.0015727233840152621
17906872237,0,9.651212920480134,193.1541748046875,-18.940237045288086,0.0015727614518254995
17931872237,0,9.681435121477403,193.15557861328125,-18.81842803955078,0.0015727233840152621
17956872237,0,9.710533281140995,193.156982421875,-18.696619033813477,0.0015727614518254995
17981872238,0,9.73836896026662,193.1584014892578,-18.574810028076172,0.0015727996360510588
18006872238,0,9.76482696927848,193.15980529785156,-18.453001022338867,0.0015727233840152621
18031872238,0,9.789811958395402,193.1612091064453,-18.33119010925293,0.0015727233840152621
18056872239,0,9.813236462112192,193.16261291503906,-18.209381103515625,0.0015727233840152621
18081872239,0,9.835038319615204,193.1640167236328,-18.08757209777832,0.0015727614518254995
18106872240,0,9.855162850417098,193.16542053222656,-17.965763092041016,0.0015727614518254995
18131872240,0,9.873560727644257,193.1668243408203,-17.84395408630371,0.0015727996360510588
18156872240,0,9.890195974515672,193.16824340820312,-17.722145080566406,0.0015727996360510588
18181872241,0,9.905039471643063,193.16964721679688,-17.6003360748291,0.0015727233840152621
18206872241,0,9.918060961643206,193.17105102539062,-17.478527069091797,0.0015727614518254995
18231872241,0,9.929247351063093,193.17245483398438,-17.356718063354492,0.0015727614518254995
18256872242,0,9.9385838955265,193.17385864257812,-17.234909057617188,0.0015727614518254995
18281872242,0,9.946051010023577,193.17526245117188,-17.113100051879883,0.0015727996360510588
18306872243,0,9.95164488012546,193.1766815185547,-16.991291046142578,0.0015727996360510588
18331872243,0,9.95534999223248,193.17808532714844,-16.869482040405273,0.0015727233840152621
18356872243,0,9.957169137740506,193.1794891357422,-16.74767303466797,0.0015727233840152621
18381872244,0,9.957095200495175,193.18089294433594,-16.625864028930664,0.0015727614518254995
18406872244,0,9.955127551224441,193.1822967529297,-16.50405502319336,0.0015727614518254995
18431872244,0,9.951266381524281,193.18370056152344,-16.382246017456055,0.0015727233840152621
18456872245,0,9.945505689086403,193.18511962890625,-16.26043701171875,0.0015727233840152621
18481872245,0,9.937855716266492,193.1865234375,-16.138628005981445,0.0015727614518254995
18506872246,0,9.928318972259312,193.18792724609375,-16.01681900024414,0.0015727233840152621
18531872246,0,9.916892151407067,193.18934631347656,-15.89500904083252,0.0015727233840152621
18556872246,0,9.903584833152957,193.1907501220703,-15.773200035095215,0.0015727614518254995
18581872247,0,9.88840156279224,193.19216918945312,-15.65139102935791,0.0015727233840152621
18606872247,0,9.871348588208765,193.19357299804688,-15.529582023620605,0.0015727614518254995
18631872247,0,9.852425023519176,193.19497680664062,-15.4077730178833,0.0015727614518254995
18656872248,0,9.831645769988697,193.19638061523438,-15.285964012145996,0.0015727614518254995
18681872248,0,9.809012348163481,193.19778442382812,-15.164155006408691,0.0015727614518254995
18706872249,0,9.784533292672608,193.19918823242188,-15.042346000671387,0.0015727233840152621
18731872249,0,9.758218241644526,193.2006072998047,-14.920536994934082,0.0015727233840152621
18756872249,0,9.73008360260776,193.20201110839844,-14.798710823059082,0.001572570763528347
18781872250,0,9.700247866981208,193.20343017578125,-14.676772117614746,0.0015716933412477374
18806872250,0,9.668954688396298,193.2048797607422,-14.554536819458008,0.0015692138113081455
18831872250,0,9.636487766497131,193.20632934570312,-14.431828498840332,0.0015650176210328937
18856872251,0,9.603159825809444,193.207763671875,-14.30849552154541,0.001559028634801507
18881872251,0,9.569455567835984,193.20921325683594,-14.184418678283691,0.0015518188010901213
18906872252,0,9.536038220095334,193.21066284179688,-14.059497833251953,0.0015435409732162952
18931872252,0,9.503674269181635,193.21214294433594,-13.93365478515625,0.0017871856689453125
18956872252,0,9.4730952788152,193.213623046875,-13.806819915771484,0.0019258117536082864
18981872253,0,9.444959849054992,193.21511840820312,-13.678938865661621,0.0019961928483098745
19006872253,0,9.419871024949249,193.2166290283203,-13.549965858459473,0.0020231246016919613
19031872253,0,9.39830783026037,193.21815490722656,-13.419862747192383,0.0020232009701430798
19056872254,0,9.380588689408494,193.2196807861328,-13.28860092163086,0.0020074844360351562
19081872254,0,9.367004890835027,193.22125244140625,-13.156150817871094,0.0019831466488540173
19106872254,0,9.357784551260425,193.22280883789062,-13.022496223449707,0.0019549941644072533
19131872255,0,9.353148996718955,193.224365234375,-12.887615203857422,0.001925888005644083
19156872255,0,9.35326944902474,193.22596740722656,-12.751500129699707,0.0018975830171257257
19181872256,0,9.358307189244783,193.22756958007812,-12.614133834838867,0.0018711090087890625
19206872256,0,9.368391455322934,193.2292022705078,-12.47551155090332,0.0018468474736437201
19231872256,0,9.383581972801643,193.2308349609375,-12.335624694824219,0.0018250655848532915
19256872257,0,9.403483504568891,193.23248291015625,-12.194467544555664,0.0018058394780382514
19281872257,0,9.427647990193561,193.23416137695312,-12.052038192749023,0.0017889022128656507
19306872257,0,9.455487451773143,193.23583984375,-11.908330917358398,0.0017741393530741334
19331872258,0,9.486429384580163,193.23751831054688,-11.763344764709473,0.0017613982781767845
19356872258,0,9.520067446682166,193.23922729492188,-11.617079734802246,0.0017503356793895364
19381872259,0,9.555991362667733,193.24095153808594,-11.469535827636719,0.0017408751882612705
19406872259,0,9.593829178569832,193.24269104003906,-11.320710182189941,0.0017328643007203937
19431872259,0,9.63321352571878,193.24444580078125,-11.170605659484863,0.0017259597079828382
19456872260,0,9.673801620118704,193.24620056152344,-11.0192232131958,0.0017200851580128074
19481872260,0,9.715314957693357,193.2480010986328,-10.866564750671387,0.0017150877974927425
19506872260,0,9.757517221340434,193.2498016357422,-10.712631225585938,0.00171092979144305
19531872261,0,9.800198751268976,193.25161743164062,-10.557425498962402,0.0017073439667001367
19556872261,0,9.843353704036453,193.25344848632812,-10.40095043182373,0.0017043304396793246
19581872262,0,9.887717170358185,193.2552947998047,-10.24321174621582,0.0017018889775499701
19606872262,0,9.933397460184167,193.2571563720703,-10.084212303161621,0.0016998290084302425
19631872262,0,9.980384920642434,193.259033203125,-9.923958778381348,0.0016981506487354636
19656872263,0,10.0286683991481,193.2609100341797,-9.762454986572266,0.0016968154814094305
19681872263,0,10.078244222558876,193.26283264160156,-9.59970760345459,0.001695823622867465
19706872263,0,10.129097925959753,193.26473999023438,-9.435722351074219,0.0016949843848124146
19731872264,0,10.18122539870699,193.2666778564453,-9.27050495147705,0.0016944122035056353
19756872264,0,10.234620901788235,193.26861572265625,-9.104061126708984,0.001694106962531805
19781872265,0,10.2892773620679,193.27056884765625,-8.93639850616455,0.0016938018379732966
19806872265,0,10.345187236194306,193.27255249023438,-8.767521858215332,0.0016936874017119408
19831872265,0,10.402344697066969,193.27455139160156,-8.597437858581543,0.0016937636537477374
19856872266,0,10.460741530950209,193.27658081054688,-8.426154136657715,0.0016939162742346525
19881872266,0,10.520371633683077,193.2786102294922,-8.253677368164062,0.0016940688947215676
19906872266,0,10.581230306157028,193.28065490722656,-8.080013275146484,0.0016942977672442794
19931872267,0,10.643306271573291,193.28273010253906,-7.9051690101623535,0.0016947173280641437
19956872267,0,10.706597900754973,193.28480529785156,-7.729150295257568,0.0016950988210737705
19981872268,0,10.771091533991838,193.28689575195312,-7.55196475982666,0.0016954421298578382
20006872268,0,10.83678804897126,193.28900146484375,-7.373618125915527,0.001696090679615736
20031872268,0,10.903679401891756,193.29115295410156,-7.194118022918701,0.0016966628609225154
20056872269,0,10.971753966439818,193.2932891845703,-7.01347017288208,0.0016971969744190574
20081872269,0,11.039805802933309,193.29547119140625,-6.831683158874512,0.0016978454077616334
20106872269,0,11.106966028534616,193.2976531982422,-6.648760795593262,0.0016984175890684128
20131872270,0,11.173263102582728,193.29986572265625,-6.4647111892700195,0.0016990279546007514
20156872270,0,11.2387259913819,193.30206298828125,-6.279541015625,0.0016996765043586493
20181872271,0,11.303372866107324,193.30430603027344,-6.093255519866943,0.0017002105014398694
20206872271,0,11.367215390846196,193.3065643310547,-5.905862808227539,0.001700935303233564
20231872271,0,11.430266304044494,193.30886840820312,-5.7173686027526855,0.0017016982892528176
20256872272,0,11.492520249797932,193.31117248535156,-5.527778625488281,0.0017023467225953937
20281872272,0,11.553996317513667,193.31349182128906,-5.337100505828857,0.0017030715243890882
20306872272,0,11.614697423597766,193.31581115722656,-5.1453399658203125,0.0017037582583725452
20331872273,0,11.674623596180233,193.3181915283203,-4.952503681182861,0.001704368507489562
20356872273,0,11.733775722798176,193.320556640625,-4.758596897125244,0.0017051314935088158
20381872273,0,11.792150986309574,193.32298278808594,-4.563626766204834,0.001705932547338307
20406872274,0,11.849751265279396,193.32540893554688,-4.3675994873046875,0.001706619281321764
20431872274,0,11.90657006167774,193.32785034179688,-4.170521259307861,0.0017072295304387808
20456872275,0,11.96261202125921,193.330322265625,-3.972397565841675,0.0017079925164580345
20481872275,0,12.01787314975413,193.3328094482422,-3.773235321044922,0.0017086028819903731
20506872275,0,12.072350136446712,193.33531188964844,-3.573040723800659,0.0017092513153329492
20531872276,0,12.126045603740916,193.3378448486328,-3.371818780899048,0.0017101287376135588
20556872276,0,12.178957691838383,193.34039306640625,-3.169576406478882,0.0017107009189203382
20581872276,0,12.231086808225282,193.3429412841797,-2.9663195610046387,0.0017115020891651511
20606872277,0,12.282428360471938,193.3455352783203,-2.7620534896850586,0.0017121887067332864
20631872277,0,12.332985934511541,193.34814453125,-2.5567843914031982,0.001712799072265625
20656872278,0,12.382758063005879,193.3507843017578,-2.350518226623535,0.0017134856898337603
20681872278,0,12.43174093543181,193.3534393310547,-2.1432607173919678,0.0017141723074018955
20706872278,0,12.479936409822503,193.35609436035156,-1.9350179433822632,0.00171489710919559
20731872279,0,12.527345113795,193.35877990722656,-1.7257952690124512,0.001715431222692132
20756872279,0,12.573967003134479,193.36148071289062,-1.5155985355377197,0.001716194092296064
20781872279,0,12.619798724339143,193.36419677734375,-1.3044337034225464,0.0017168426420539618
20806872280,0,12.664842677923467,193.366943359375,-1.0923060178756714,0.0017174148233607411
20831872280,0,12.709097413206838,193.3697052001953,-0.8792213201522827,0.0017181014409288764
20856872281,0,12.752564963652933,193.3724822998047,-0.6651852130889893,0.001718826242722571
20881872281,0,12.795240533234894,193.37527465820312,-0.45020321011543274,0.0017194366082549095
20906872281,0,12.83712726040924,193.37808227539062,-0.23428066074848175,0.0017201995942741632
20931872282,0,12.878222831028834,193.38092041015625,-0.017423400655388832,0.00172080984339118
20956872282,0,12.918526949966607,193.3837432861328,0.20036350190639496,0.0017213821411132812
20981872282,0,12.958042182762597,193.3865966796875,0.4190743863582611,0.0017220305744558573
21006872283,0,12.996765785532764,193.38946533203125,0.6387039422988892,0.0017226027557626367
21031872283,0,13.034698281645941,193.392333984375,0.8592469692230225,0.0017233275575563312
21056872284,0,13.07184003693059,193.39523315429688,1.0806978940963745,0.001723976107314229
21081872284,0,13.10819056450293,193.3981475830078,1.303051471710205,0.0017245101043954492
21106872284,0,13.143749785880592,193.4010772705078,1.5263025760650635,0.0017251204699277878
21131872285,0,13.178517473556228,193.4039764404297,1.7504459619522095,0.0017256545834243298
21156872285,0,13.212494175884256,193.4069061279297,1.975476622581482,0.001726455637253821
21181872285,0,13.245680035407354,193.40988159179688,2.2013890743255615,0.0017269515665248036
21206872286,0,13.278074659237818,193.412841796875,2.428178071975708,0.0017275619320571423
21231872286,0,13.309678302164677,193.4158172607422,2.655839204788208,0.0017282103653997183
21256872287,0,13.340490477512956,193.41880798339844,2.884366273880005,0.001728820730932057
21281872287,0,13.370510504934058,193.42181396484375,3.113755464553833,0.0017293548444285989
21306872287,0,13.399739432969225,193.42481994628906,3.344001054763794,0.0017299270257353783
21331872288,0,13.428176691888778,193.42782592773438,3.5750982761383057,0.0017306136433035135
21356872288,0,13.455823279637489,193.43087768554688,3.807042121887207,0.0017311477568000555
21381872288,0,13.482676725276619,193.4339141845703,4.039827823638916,0.0017317199381068349
21406872289,0,13.508738895778027,193.4369659423828,4.273449897766113,0.0017322158673778176
21431872289,0,13.534010714652618,193.4400177001953,4.507904052734375,0.0017328262329101562
21456872290,0,13.558489712662018,193.44309997558594,4.743185520172119,0.0017333602299913764
21481872290,0,13.582178350669768,193.44618225097656,4.979289531707764,0.0017339324112981558
21506872290,0,13.605085127069524,193.44927978515625,5.216210842132568,0.0017344283405691385
21531872291,0,13.627237061174775,193.45236206054688,5.453944206237793,0.0017350768903270364
21556872291,0,13.64869375618727,193.4554443359375,5.692485809326172,0.0017356108874082565
21581872291,0,13.669979225066891,193.4585723876953,5.931832313537598,0.0017361450009047985
21606872292,0,13.69219117472674,193.46170043945312,6.171976566314697,0.0017366789979860187
21631872292,0,13.715291785743112,193.46481323242188,6.4129157066345215,0.0017372512957081199
21656872292,0,13.739263819633095,193.4679718017578,6.654643535614014,0.00173778529278934
21681872293,0,13.764100175224295,193.47108459472656,6.897156715393066,0.0017383574740961194
21706872293,0,13.789794723774156,193.47421264648438,7.140450954437256,0.0017388915875926614
21731872294,0,13.81633930283452,193.477294921875,7.384520053863525,0.0017394255846738815
21756872294,0,13.843733034130802,193.48040771484375,7.629361629486084,0.0017398452619090676
21781872294,0,13.871968853090621,193.48350524902344,7.874969959259033,0.0017403411911800504
21806872295,0,13.901044424171515,193.4866180419922,8.12134075164795,0.0017409133724868298
21831872295,0,13.93095506573249,193.4897003173828,8.368470191955566,0.0017415618058294058
21856872295,0,13.96169676056065,193.49278259277344,8.616353988647461,0.0017419814830645919
21881872296,0,13.993264532576285,193.495849609375,8.86498737335205,0.0017424774123355746
21906872296,0,14.02565435493539,193.4989013671875,9.114364624023438,0.0017430114094167948
21931872297,0,14.058863627971256,193.50192260742188,9.364483833312988,0.0017435073386877775
21956872297,0,14.092887195989146,193.50497436523438,9.615338325500488,0.0017441177042201161
21981872297,0,14.127722783894608,193.50796508789062,9.866926193237305,0.0017445754492655396
22006872298,0,14.163364496071997,193.51095581054688,10.119241714477539,0.0017450331943109632
22031872298,0,14.19980965807754,193.513916015625,10.372282028198242,0.001745529123581946
22056872298,0,14.237053736050827,193.516845703125,10.626042366027832,0.001745948800817132
22081872299,0,14.275092612943117,193.51976013183594,10.880518913269043,0.0017464827978983521
22106872299,0,14.312366287547928,193.5226593017578,11.13570499420166,0.0017470169113948941
22131872300,0,14.34864274557178,193.52549743652344,11.3916015625,0.0017474364722147584
22156872300,0,14.384130886199976,193.52833557128906,11.648199081420898,0.001748046837747097
22181872300,0,14.418981826308704,193.53111267089844,11.905496597290039,0.0017483901465311646
22206872301,0,14.453318853183758,193.5338592529297,12.163488388061523,0.0017488098237663507
22231872301,0,14.487265196561822,193.5365753173828,12.422172546386719,0.0017494200728833675
22256872301,0,14.520939185226531,193.5392608642578,12.681544303894043,0.001749763498082757
22281872302,0,14.554452401867282,193.5418701171875,12.941598892211914,0.0017501830589026213
22306872302,0,14.587912913264828,193.54444885253906,13.202333450317383,0.0017507552402094007
22331872303,0,14.621421367460961,193.54698181152344,13.463743209838867,0.0017511367332190275
22356872303,0,14.655082500884202,193.54946899414062,13.725825309753418,0.001751594478264451
22381872303,0,14.688991634052721,193.55191040039062,13.988574028015137,0.0017520522233098745
22406872304,0,14.72323526780644,193.55429077148438,14.25198745727539,0.0017525100847706199
22431872304,0,14.75790874578327,193.55661010742188,14.516058921813965,0.0017530058976262808
22456872304,0,14.793107620306815,193.55889892578125,14.780789375305176,0.0017534255748614669
22481872305,0,14.828880951640949,193.5611114501953,15.046170234680176,0.0017538833199068904
22506872305,0,14.865256203394168,193.5632781982422,15.312200546264648,0.0017543029971420765
22531872306,0,14.902239133522299,193.56536865234375,15.578876495361328,0.0017547607421875
22556872306,0,14.93982792649555,193.56739807128906,15.846193313598633,0.001755142118781805
22581872306,0,14.978025102510115,193.56936645507812,16.114147186279297,0.0017555617960169911
22606872307,0,15.016831267896041,193.5712890625,16.382734298706055,0.001755943289026618
22631872307,0,15.056248992761265,193.57310485839844,16.651954650878906,0.0017564772861078382
22656872307,0,15.096270420702757,193.5749053955078,16.921798706054688,0.001756973215378821
22681872308,0,15.136891494906127,193.57659912109375,17.19226837158203,0.0017573165241628885
22706872308,0,15.178096605009022,193.57823181152344,17.463356018066406,0.0017577362013980746
22731872308,0,15.219884428307319,193.57980346679688,17.735057830810547,0.0017581176944077015
22756872309,0,15.262280794760322,193.58126831054688,18.00737190246582,0.001758575439453125
22781872309,0,15.305326558602626,193.58267211914062,18.280296325683594,0.0017589950002729893
22806872310,0,15.349067522105356,193.58399963378906,18.55382537841797,0.0017593764932826161
22831872310,0,15.393548378367905,193.5852508544922,18.82795524597168,0.0017597198020666838
22856872310,0,15.438810740809718,193.58642578125,19.10268783569336,0.0017602539155632257
22881872311,0,15.48489054238208,193.58750915527344,19.37801170349121,0.0017605590401217341
22906872311,0,15.531822069182905,193.58853149414062,19.653926849365234,0.001760940533131361
22931872311,0,15.579628982855121,193.58946228027344,19.930429458618164,0.0017613220261409879
22956872312,0,15.628324958380924,193.59034729003906,20.207517623901367,0.001761856023222208
22981872312,0,15.677912658662317,193.59112548828125,20.485185623168945,0.0017622375162318349
23006872313,0,15.728405752789879,193.59182739257812,20.76343536376953,0.0017625808250159025
23031872313,0,15.779791669200115,193.5924530029297,21.042255401611328,0.0017628860659897327
23056872313,0,15.832061661315297,193.59300231933594,21.32164764404297,0.0017633818788453937
23081872314,0,15.885192577740622,193.5934295654297,21.601608276367188,0.0017637633718550205
23106872314,0,15.939160244557602,193.59378051757812,21.88213348388672,0.0017640304286032915
23131872314,0,15.993939325161971,193.59405517578125,22.163217544555664,0.0017644499894231558
23156872315,0,16.049503980113727,193.59426879882812,22.444860458374023,0.0017648314824327826
23181872315,0,16.105823853093483,193.59439086914062,22.727060317993164,0.0017652129754424095
23206872316,0,16.162872157655226,193.59439086914062,23.009811401367188,0.001765518100000918
23231872316,0,16.220632002366468,193.59432983398438,23.29311180114746,0.0017660522134974599
23256872316,0,16.279074540474895,193.59417724609375,23.576955795288086,0.0017663573380559683
23281872317,0,16.33817809691099,193.5939483642578,23.86134147644043,0.0017666625790297985
23306872317,0,16.397938108684077,193.5936279296875,24.14626693725586,0.0017670821398496628
23331872317,0,16.458357120280326,193.5932159423828,24.43172836303711,0.001767387380823493
23356872318,0,16.519438120320185,193.59271240234375,24.717721939086914,0.0017677306896075606
23381872318,0,16.581172922223477,193.5921173095703,25.00424575805664,0.0017681121826171875
23406872319,0,16.643545200613826,193.59146118164062,25.29129409790039,0.0017684935592114925
23431872319,0,16.70654633166341,193.59071350097656,25.578866958618164,0.0017686843639239669
23456872319,0,16.77015995936045,193.58990478515625,25.866960525512695,0.0017690276727080345
23481872320,0,16.834373243187503,193.58895874023438,26.15557098388672,0.0017694472335278988
23506872320,0,16.899161786504965,193.58795166015625,26.4446964263916,0.0017698287265375257
23531872320,0,16.96448895634747,193.58685302734375,26.73433494567871,0.0017701339675113559
23556872321,0,17.030308709505476,193.58567810058594,27.02448272705078,0.0017704772762954235
23581872321,0,17.096563729537877,193.5844268798828,27.315134048461914,0.0017708587693050504
23606872322,0,17.163223969637723,193.58309936523438,27.60628890991211,0.0017712401458993554
23631872322,0,17.230279229020557,193.58168029785156,27.89794158935547,0.0017715453868731856
23656872322,0,17.29775761692581,193.58018493652344,28.190092086791992,0.0017718886956572533
23681872323,0,17.365681836933554,193.57862854003906,28.482736587524414,0.001772232004441321
23706872323,0,17.43403831394188,193.5769805908203,28.77587127685547,0.0017724990611895919
23731872323,0,17.502806242318307,193.57525634765625,29.069494247436523,0.0017728805541992188
23756872324,0,17.571955437874223,193.57345581054688,29.363605499267578,0.001773147494532168
23781872324,0,17.641438752318393,193.5715789794922,29.6581974029541,0.001773414551280439
23806872325,0,17.711217895657654,193.56961059570312,29.95326805114746,0.0017737960442900658
23831872325,0,17.78126091619247,193.5675811767578,30.24881362915039,0.0017742537893354893
23856872325,0,17.85151503814279,193.56544494628906,30.54482650756836,0.001774597098119557
23881872326,0,17.921931744483654,193.563232421875,30.841299057006836,0.001775016775354743
23906872326,0,17.992471142842934,193.56097412109375,31.138221740722656,0.0017754745204001665
23931872326,0,18.063116743222782,193.55860900878906,31.43558692932129,0.0017760085174813867
23956872327,0,18.13385911623396,193.55616760253906,31.73339080810547,0.0017766570672392845
23981872327,0,18.20467732859094,193.55364990234375,32.0316162109375,0.001777381869032979
24006872327,0,18.275558119750066,193.55108642578125,32.33025360107422,0.0017781066708266735
24031872328,0,18.346495660264488,193.54844665527344,32.629295349121094,0.0017788695404306054
24056872328,0,18.417471909339,193.5457305908203,32.92872619628906,0.001779746962711215
24081872329,0,18.48846770332225,193.54296875,33.22854232788086,0.0017805099487304688
24106872329,0,18.55946108154728,193.54013061523438,33.52872848510742,0.0017815016908571124
24131872329,0,18.63044437387454,193.53720092773438,33.829280853271484,0.0017824553651735187
24156872330,0,18.701393668946878,193.53424072265625,34.13017654418945,0.0017834854079410434
24181872330,0,18.77231362086132,193.5312042236328,34.43141174316406,0.0017845535185188055
24206872330,0,18.843198391500046,193.528076171875,34.732975006103516,0.0017856978811323643
24231872331,0,18.91406491210949,193.52493286132812,35.034854888916016,0.0017868423601612449
24256872331,0,18.984915913370763,193.52169799804688,35.33704376220703,0.001787910470739007
24281872332,0,19.055765554530232,193.51841735839844,35.6395263671875,0.001789093017578125
24306872332,0,19.126642383822755,193.5150604248047,35.942298889160156,0.0017901611281558871
24331872332,0,19.197553899382157,193.5116424560547,36.24534606933594,0.0017913817428052425
24356872333,0,19.268509772378387,193.50816345214844,36.54865646362305,0.0017925644060596824
24381872333,0,19.339532722668707,193.50466918945312,36.852230072021484,0.001793670584447682
24406872333,0,19.41062490478964,193.50108337402344,37.15604782104492,0.0017948913155123591
24431872334,0,19.481810891242002,193.49745178222656,37.460105895996094,0.001796035678125918
24456872334,0,19.553109792731323,193.49375915527344,37.7643928527832,0.0017971801571547985
24481872335,0,19.62454057084707,193.49002075195312,38.06890106201172,0.0017982482677325606
24506872335,0,19.69609546592405,193.4862060546875,38.37362289428711,0.0017993926303461194
24531872335,0,19.767764936301955,193.4823760986328,38.678550720214844,0.0018004989251494408
24556872336,0,19.839539402388947,193.47848510742188,38.98366928100586,0.001801567035727203
24581872336,0,19.911424494170898,193.4745635986328,39.28898620605469,0.0018026733305305243
24606872336,0,19.983397384530175,193.47056579589844,39.594478607177734,0.001803665072657168
24631872337,0,20.055454117848356,193.46653747558594,39.900146484375,0.0018046951154246926
24656872337,0,20.127573673346028,193.4624786376953,40.20598220825195,0.0018055724212899804
24681872338,0,20.199748786305385,193.4583282470703,40.51198196411133,0.001806564279831946
24706872338,0,20.27196592507862,193.45416259765625,40.818138122558594,0.0018075179541483521
24731872338,0,20.344219411927284,193.449951171875,41.12443923950195,0.0018084334442391992
24756872339,0,20.416509048059574,193.44569396972656,41.430877685546875,0.001809349050745368
24781872339,0,20.488848351621215,193.44140625,41.73745346069336,0.0018101882888004184
24806872339,0,20.561246717180257,193.4370880126953,42.04417037963867,0.0018110655946657062
24831872340,0,20.63368729320067,193.43270874023438,42.35100555419922,0.0018118667649105191
24856872340,0,20.706180980564156,193.4282989501953,42.65796661376953,0.0018125915667042136
24881872341,0,20.77871665195845,193.42384338378906,42.96504211425781,0.0018133926205337048
24906872341,0,20.851299807957343,193.4193572998047,43.27223205566406,0.0018141554901376367
24931872341,0,20.92392463427755,193.4148406982422,43.57952117919922,0.0018148040398955345
24956872342,0,20.996602625174198,193.41029357910156,43.88691329956055,0.0018155670259147882
24981872342,0,21.069358262897627,193.40570068359375,44.19440841674805,0.0018162536434829235
25006872342,0,21.14219914795848,193.40109252929688,44.501991271972656,0.0018169402610510588
25031872343,0,21.21515210969524,193.39642333984375,44.80966567993164,0.0018175888108089566
25056872343,0,21.288236203309857,193.39173889160156,45.117431640625,0.001818160992115736
25081872344,0,21.361456980159073,193.38702392578125,45.42527389526367,0.0018186569213867188
25106872344,0,21.434829836257382,193.3822784423828,45.733192443847656,0.001819343538954854
25131872344,0,21.508368110632812,193.3775177001953,46.04119110107422,0.0018198775360360742
25156872345,0,21.582070042587794,193.37271118164062,46.34926223754883,0.001820373465307057
25181872345,0,21.655958514175673,193.36790466308594,46.65740203857422,0.0018209075788035989
25206872345,0,21.73005306818355,193.363037109375,46.96561050415039,0.0018214035080745816
25231872346,0,21.80436483120811,193.35818481445312,47.27387619018555,0.0018218612531200051
25256872346,0,21.878903575748826,193.353271484375,47.58220672607422,0.0018222808139398694
25281872346,0,21.95365165405449,193.34835815429688,47.89059066772461,0.0018226623069494963
25306872347,0,22.028594364902407,193.34339904785156,48.199031829833984,0.0018230819841846824
25331872347,0,22.103726067661814,193.33840942382812,48.50752639770508,0.0018234633607789874
25356872348,0,22.179033412624335,193.3334197998047,48.816078186035156,0.0018238830380141735
25381872348,0,22.25449724733735,193.3284149169922,49.12467575073242,0.0018243025988340378
25406872348,0,22.33010621016952,193.32337951660156,49.433319091796875,0.0018246459076181054
25431872349,0,22.405843137130407,193.3183135986328,49.74201202392578,0.0018249511485919356
25456872349,0,22.481675688096388,193.313232421875,50.05073928833008,0.001825256273150444
25481872349,0,22.55759209112275,193.30813598632812,50.35951232910156,0.0018255615141242743
25506872350,0,22.63356979006328,193.3030242919922,50.66831970214844,0.0018258666386827826
25531872350,0,22.709604723299712,193.29788208007812,50.97716522216797,0.0018261718796566129
25556872351,0,22.785695067848632,193.29275512695312,51.28605270385742,0.0018263625679537654
25581872351,0,22.861839507636198,193.28756713867188,51.594974517822266,0.001826705876737833
25606872351,0,22.938031313946464,193.2823944091797,51.9039306640625,0.001826972933486104
25631872352,0,23.01428235155472,193.27720642089844,52.212913513183594,0.0018272780580446124
25656872352,0,23.09059253633035,193.27198791503906,52.52192687988281,0.0018274306785315275
25681872352,0,23.166975218355102,193.2667694091797,52.830970764160156,0.0018276595510542393
25706872353,0,23.243426669920346,193.2615203857422,53.14004135131836,0.001827888423576951
25731872353,0,23.319952788008976,193.2562713623047,53.44913864135742,0.0018280410440638661
25756872354,0,23.39657611410642,193.25100708007812,53.75826644897461,0.0018283461686223745
25781872354,0,23.473285027317733,193.24574279785156,54.06740951538086,0.0018284987891092896
25806872354,0,23.550104759891294,193.2404327392578,54.37657928466797,0.0018286894774064422
25831872355,0,23.62704076994422,193.23513793945312,54.68577575683594,0.0018286894774064422
25856872355,0,23.704083340590163,193.22984313964844,54.99498748779297,0.0018289184663444757
25881872355,0,23.78125389627963,193.2244873046875,55.304222106933594,0.0018291473388671875
25906872356,0,23.858547815030725,193.2191619873047,55.61347579956055,0.0018293762113898993
25931872356,0,23.9359675386703,193.21380615234375,55.92274856567383,0.0018293762113898993
25956872357,0,24.013501349423,193.20846557617188,56.23204040527344,0.0018295668996870518
25981872357,0,24.091149425377488,193.2030792236328,56.54134750366211,0.0018297957722097635
26006872357,0,24.168892783130623,193.1977081298828,56.85066604614258,0.0018298339564353228
26031872358,0,24.246716527216925,193.19232177734375,57.16000747680664,0.0018299865769222379
26056872358,0,24.324601038077585,193.18695068359375,57.4693603515625,0.0018301772652193904
26081872358,0,24.402516254963146,193.1815643310547,57.77872848510742,0.0018302917014807463
26106872359,0,24.48044692122564,193.1761474609375,58.08810806274414,0.001830253517255187
26131872359,0,24.55836679761468,193.17071533203125,58.39750289916992,0.001830367953516543
26156872360,0,24.63626361261242,193.16531372070312,58.706912994384766,0.001830635010264814
26181872360,0,24.71412275807766,193.15988159179688,59.01633071899414,0.001830635010264814
26206872360,0,24.791944239188002,193.15444946289062,59.32575988769531,0.0018307113787159324
26231872361,0,24.869700889753037,193.14903259277344,59.63520050048828,0.001830787630751729
26256872361,0,24.947393181590417,193.14358520507812,59.94465255737305,0.0018309020670130849
26281872361,0,25.025009298818926,193.13812255859375,60.25411605834961,0.0018309020670130849
26306872362,0,25.102556966634005,193.13267517089844,60.5635871887207,0.0018310165032744408
26331872362,0,25.180056316359387,193.127197265625,60.873069763183594,0.0018310927553102374
26356872363,0,25.257514420218662,193.12173461914062,61.18255615234375,0.0018312071915715933
26381872363,0,25.334954179551016,193.11627197265625,61.4920539855957,0.0018312835600227118
26406872363,0,25.412378639074614,193.11080932617188,61.80155944824219,0.0018312835600227118
26431872364,0,25.489772339692294,193.1053466796875,62.1110725402832,0.0018313979962840676
26456872364,0,25.567135473492026,193.09988403320312,62.42059326171875,0.001831436064094305
26481872364,0,25.644487111681283,193.0944061279297,62.73012161254883,0.0018314742483198643
26506872365,0,25.72182363830638,193.08889770507812,63.03965377807617,0.0018313979962840676
26531872365,0,25.79916000933709,193.0834197998047,63.34919357299805,0.0018315124325454235
26556872365,0,25.87650425754922,193.07791137695312,63.65873718261719,0.0018315886845812201
26581872366,0,25.95386350291516,193.07240295410156,63.96828842163086,0.0018317794892936945
26606872366,0,26.03124578152019,193.06689453125,64.27784729003906,0.0018316268688067794
26631872367,0,26.108650678761467,193.06138610839844,64.58740997314453,0.0018317413050681353
26656872367,0,26.186082004677118,193.05587768554688,64.89698028564453,0.001831817557103932
26681872367,0,26.263547487474955,193.05038452148438,65.20655059814453,0.001831817557103932
26706872368,0,26.341054647430514,193.0448760986328,65.51612854003906,0.0018318939255550504
26731872368,0,26.41859966488466,193.03936767578125,65.82571411132812,0.0018318939255550504
26756872368,0,26.496174693881137,193.0338592529297,66.13529968261719,0.0018319319933652878
26781872369,0,26.573787463406227,193.02835083007812,66.44489288330078,0.0018320083618164062
26806872369,0,26.65142684553446,193.02284240722656,66.75448608398438,0.0018320083618164062
26831872370,0,26.729084995205863,193.017333984375,67.0640869140625,0.001832084613852203
26856872370,0,26.80676190908697,193.01182556152344,67.37368774414062,0.0018320083618164062
26881872370,0,26.88444984677836,193.00631713867188,67.68329620361328,0.001832084613852203
26906872371,0,26.96214531514466,193.0008087158203,67.99290466308594,0.0018321227980777621
26931872371,0,27.039848421634336,192.9953155517578,68.3025131225586,0.0018321227980777621
26956872371,0,27.117547722461577,192.9898223876953,68.61212921142578,0.0018321227980777621
26981872372,0,27.195251064128563,192.98431396484375,68.9217529296875,0.0018321990501135588
27006872372,0,27.27289741491619,192.9788055419922,69.23136901855469,0.001832237234339118
27031872373,0,27.350487214888307,192.97328186035156,69.5409927368164,0.0018321227980777621
27056872373,0,27.427993987822695,192.9677276611328,69.85062408447266,0.0018323134863749146
27081872373,0,27.505386785488714,192.96218872070312,70.1602554321289,0.0018323134863749146
27106872374,0,27.582666835607366,192.95663452148438,70.46987915039062,0.0018323134863749146
27131872374,0,27.659860419081493,192.9510955810547,70.7795181274414,0.0018323516706004739
27156872374,0,27.73695600139249,192.94554138183594,71.08915710449219,0.0018323134863749146
27181872375,0,27.81396089349501,192.94000244140625,71.39879608154297,0.0018323134863749146
27206872375,0,27.89085973897831,192.9344482421875,71.70842742919922,0.0018323134863749146
27231872376,0,27.96767105064652,192.9289093017578,72.01806640625,0.0018322753021493554
