ts,agent_id,steer_err,speed_err,desired_speed,speed
1947633765,0,0.0019134876139392694,9.271644830703735,9.271644830703735,0.0
1972633766,0,0.0024889689970082323,9.284329175949097,9.284329175949097,0.0
1997633766,0,0.0029160834931063633,9.1653470993042,9.1653470993042,0.0
2022633766,0,0.0019469555408723317,9.371053218841553,9.371053218841553,0.0
2047633767,0,0.0024142163710919816,9.440848588943481,9.440848588943481,0.0
2072633767,0,0.003496118335622002,9.642200946807861,9.642200946807861,0.0
2097633767,0,0.0028124922906945034,9.674023389816284,9.674023389816284,0.0
2122633768,0,0.00313943067896578,9.626699924468994,9.626699924468994,0.0
2147633768,0,0.002706927922522417,9.683216543083336,9.683216571807861,2.872452582883113e-08
2172633768,0,0.0024057924711156325,9.726602523557665,9.726602554321289,3.076362411970776e-08
2197633769,0,0.0022460419355281123,9.709459295981318,9.70945930480957,8.82825165014889e-09
2222633769,0,0.0020631446477533265,9.714495411668826,9.714495420455933,8.787105487438897e-09
2247633770,0,0.001971316548912044,9.724313560855501,9.724027633666992,-0.00028592718850959346
2272633770,0,0.0018721270239653032,9.731352456358087,9.731198787689209,-0.00015366866887703376
2297633770,0,0.001834636874521011,9.74231953989982,9.742255210876465,-6.43290233542549e-05
2322633771,0,0.0017923655926577098,9.744747413712366,9.744740009307861,-7.404404504162055e-06
2347633771,0,0.0018276549033694424,9.74855803049788,9.748583793640137,2.5763142255481423e-05
2372633771,0,0.001830918215972893,9.748425872657823,9.74846863746643,4.27648086073242e-05
2397633772,0,0.001849663290695039,9.750647746061004,9.750697374343872,4.962828286774564e-05
2422633772,0,0.0016946179965357498,9.757021530896154,9.757071733474731,5.0202578577577854e-05
2447633773,0,0.0014543471197328566,9.764802649788107,9.76485013961792,4.748982981258965e-05
2472633773,0,0.0014085848522937712,9.766807485155924,9.766850709915161,4.3224759236861204e-05
2497633773,0,0.0014384859026602714,9.767273016724095,9.767311334609985,3.831788588928017e-05
2522633774,0,0.0014479722765075114,9.767104855952466,9.767138242721558,3.338676909179047e-05
2547633774,0,0.0014169328612793424,9.773895143503157,9.773923873901367,2.873039821070725e-05
2572633774,0,0.001432414623398038,9.77019500627169,9.770219564437866,2.455816617670741e-05
2597633775,0,0.0014130624207496685,9.771827304617407,9.771848201751709,2.089713430285635e-05
2622633775,0,0.0014008439712344235,9.77492110206518,9.774938821792603,1.7719727422654973e-05
2647633776,0,0.00145313286388041,9.774486865457904,9.77450180053711,1.4935079205671317e-05
2672633776,0,0.0014945693448451538,9.76502132860408,9.765033960342407,1.2631738327562584e-05
2697633776,0,0.0015231043573776517,9.764097747166433,9.764108419418335,1.0672251901238704e-05
2722633777,0,0.00139841545952953,9.766968311321698,9.766977310180664,8.998858966330475e-06
2747633777,0,0.001519765153783423,9.771904987231615,9.771912574768066,7.587536451963198e-06
2772633777,0,0.0015210553006266478,9.768615294413374,9.768621683120728,6.388707352819996e-06
2797633778,0,0.0014617085458383148,9.763637387771862,9.76364278793335,5.400161487687417e-06
2822633778,0,0.001547920711362031,9.763525928077074,9.763530492782593,4.5647055182178226e-06
2847633779,0,0.0015102787799361832,9.758381089878904,9.758384943008423,3.8531295188747506e-06
2872633779,0,0.0014956318187160447,9.759699144407865,9.759702444076538,3.2996686736186573e-06
2897633779,0,0.001470739573740887,9.755499735510147,9.755502462387085,2.726876938435404e-06
2922633780,0,0.0013676796082644725,9.75929171117291,9.759294033050537,2.3218776270513425e-06
2947633780,0,0.0013874871568575096,9.768736342249685,9.768738269805908,1.927556222340023e-06
2972633780,0,0.001324801198474948,9.763862169761381,9.763863801956177,1.6321947960186968e-06
2997633781,0,0.0013451399840034306,9.765504595857346,9.765506029129028,1.4332716831681926e-06
3022633781,0,0.001393786109092077,9.755946902703384,9.755948066711426,1.164008042257382e-06
3047633782,0,0.0013150871516553744,9.75868938654378,9.758690357208252,9.706644720111374e-07
3072633782,0,0.0013314037146726272,9.757393481978044,9.757394313812256,8.318342116481241e-07
3097633782,0,0.0013134175498582602,9.75816536700472,9.758166074752808,7.077480876638473e-07
3122633783,0,0.001270159685114846,9.75936855650297,9.759369134902954,5.783999845243961e-07
3147633783,0,0.0012819227886854236,9.771078422053806,9.77107858657837,1.6452456298384298e-07
3172633783,0,0.001294672475136114,9.766185969446393,9.766186237335205,2.678888119203031e-07
3197633784,0,0.0012612045482030517,9.75737325761307,9.757373571395874,3.137828039352974e-07
3222633784,0,0.0012753202724877445,9.756090018761316,9.75609040260315,3.838418324181593e-07
3247633785,0,0.0012284196401869904,9.75438710811389,9.754387378692627,2.705787367937059e-07
3272633785,0,0.00126090098423994,9.7563154557219,9.7563157081604,2.5243849976343006e-07
3297633785,0,0.001284351300390317,9.75153112248464,9.75153136253357,2.400489303433305e-07
3322633786,0,0.0011701353592695482,9.753804233798308,9.753804445266724,2.1146841680536237e-07
3347633786,0,0.001263633059907945,9.772315047017814,9.772315263748169,2.1673035417209782e-07
3372633786,0,0.0012085362006031754,9.760160741485098,9.76016092300415,1.815190519830275e-07
3397633787,0,0.0012283437491962125,9.752167111513966,9.752167224884033,1.133700672578515e-07
3422633787,0,0.0012357810662924486,9.748748151677189,9.748748302459717,1.507825271523441e-07
3447633787,0,0.001210888821317291,9.751926097761997,9.751926183700562,8.59385652620397e-08
3472633788,0,0.0012454192221212444,9.753207121422149,9.753207206726074,8.530392502234098e-08
3497633788,0,0.0012847307553442067,9.749390524615936,9.749390602111816,7.749588012741014e-08
3522633789,0,0.0012157458447270778,9.761271628287705,9.761271715164185,8.687647950046144e-08
3547633789,0,0.001226901820371432,9.765970901011308,9.765970945358276,4.4346968680575544e-08
3572633789,0,0.0011663408097306522,9.761592113898198,9.761592149734497,3.583629961327458e-08
3597633790,0,0.0012329730996336655,9.750293242598834,9.750293254852295,1.2253460679324707e-08
3622633790,0,0.0012696284481794006,9.750585046344085,9.750585079193115,3.284902959792239e-08
3647633790,0,0.001208991546547843,9.751382583651004,9.75138258934021,5.6892058713187886e-09
3672633791,0,0.0011894875619179177,9.749461389298018,9.74946141242981,2.3131791075872154e-08
3697633791,0,0.001246709368964469,9.750544223609424,9.750544309616089,8.600666566557817e-08
3722633792,0,0.0011730192169191092,9.756019584468474,9.756019592285156,7.816682038538256e-09
3747633792,0,0.0011823538087847934,9.764961651747019,9.76496171951294,6.776592148515456e-08
3772633792,0,0.0011866037042683568,9.749382011089278,9.749382019042969,7.953690941347963e-09
3797633793,0,0.0012132414420314064,9.751850372667253,9.751850366592407,-6.074845924507849e-09
3822633793,0,0.0012635571689171672,9.747030925219542,9.747030973434448,4.821490624514985e-08
3847633793,0,0.0012019336844054965,9.745117631384725,9.745117664337158,3.295243401790382e-08
3872633794,0,0.0012124825321236272,9.749613746241975,9.749613761901855,1.5659880931902142e-08
3897633794,0,0.0012105852573541793,9.746995192079384,9.746995210647583,1.8568199667099914e-08
3922633795,0,0.0011839475195911295,9.75592157929619,9.755921602249146,2.2952955322116796e-08
3947633795,0,0.001215442280763966,9.75971677004805,9.759716749191284,-2.0856764799415813e-08
3972633795,0,0.00115913116560675,9.754647725246748,9.754647731781006,6.53425788542061e-09
3997633796,0,0.0011991257177467135,9.749880527766978,9.74988055229187,2.4524892323781678e-08
4022633796,0,0.0012648473157603917,9.743390294751151,9.743390321731567,2.6980416930327558e-08
4047633796,0,0.0011528322133721827,9.755059714415484,9.755059719085693,4.670209977175753e-09
4072633797,0,0.0011930544384844799,9.745363707539047,9.745363712310791,4.771743403513102e-09
4097633797,0,0.0011789387141997868,9.749151701784264,9.749151706695557,4.9112932449639095e-09
4122633798,0,0.001200415864589938,9.753911013323613,9.753911018371582,5.047968486470211e-09
4147633798,0,0.001225839346500541,9.763491863319835,9.763491868972778,5.652942457508072e-09
4172633798,0,0.0011840993015726853,9.754591221281153,9.754591226577759,5.2966052321099545e-09
4197633799,0,0.0012216653420077557,9.744553323483908,9.744553327560425,4.076516994361192e-09
4222633799,0,0.0012554368329039296,9.751135823334595,9.75113582611084,2.7762441919463988e-09
4247633799,0,0.0012180225744504154,9.748379275987597,9.748379230499268,-4.548832922539139e-08
4272633800,0,0.0012062594708798378,9.746031760429544,9.746031761169434,7.398898063951979e-10
4297633800,0,0.0012544502500238168,9.74580913370316,9.7471604347229,0.0013513010197397748
4322633801,0,0.0012283437491962125,9.432002262877702,9.75217080116272,0.3201685382850175
4347633801,0,0.001299529498545901,9.121480004529111,9.751819610595703,0.6303396060665917
4372633801,0,0.001245646895093578,8.814417452555096,9.745528221130371,0.9311107685752754
4397633802,0,0.0012431424923979068,8.526773662786317,9.748827695846558,1.2220540330602405
4422633802,0,0.0012367676491725616,8.261292824495024,9.76417350769043,1.5028806831954051
4447633802,0,0.0010060590372076863,8.002618233893722,9.776028156280518,1.7734099223867954
4472633803,0,0.0009586271679714867,7.730490760649581,9.764049053192139,2.0335582925425575
4497633803,0,0.001038464490269858,7.484004957233512,9.767334222793579,2.2833292655600674
4522633804,0,0.001019719415547712,7.2496074893061095,9.772412538528442,2.522805049222333
4547633804,0,0.0010540221433793316,7.014956636768117,9.767098188400269,2.752141551632151
4572633804,0,0.0011490376638332866,6.795194765043878,9.766756296157837,2.9715615311139585
4597633805,0,0.001146836825100727,6.5866047980449896,9.767945766448975,3.1813409684039855
4622633805,0,0.001182581481757127,6.396347450831302,9.778151750564575,3.381804299733274
4647633805,0,0.0013015785552969047,6.1844617387567755,9.757776975631714,3.5733152368749383
4672633806,0,0.0015487555122605883,5.994258454195695,9.750523567199707,3.756265113004013
4697633806,0,0.0016937073046464145,5.820331552214508,9.751399040222168,3.93106748800766
4722633806,0,0.0017621609783280978,5.6592217212311295,9.757415056228638,4.098193334997508
4747633807,0,0.001554675009541266,5.490676891810432,9.749019384384155,4.258342492573723
4772633807,0,0.0017840175836721388,5.350466983463573,9.76249623298645,4.4120292495228774
4797633808,0,0.0015130108556041882,5.210092289310903,9.769688129425049,4.559595840114146
4822633808,0,0.0012019336844054965,5.085052757980855,9.786405801773071,4.701353043792216
4847633808,0,0.001175144164660891,4.987622266683127,9.825254917144775,4.837632650461648
4872633809,0,0.0010897668000357315,4.885782880082888,9.854536056518555,4.9687531764356665
4897633809,0,0.001055464072204112,4.733746287023948,9.82974100112915,5.095994714105203
4922633809,0,0.0009250833500476463,4.643240386985454,9.861451864242554,5.2182114772571
4947633810,0,0.000625769282419532,4.469459049727061,9.805658340454102,5.33619929072704
4972633810,0,0.0005099596304924269,4.348957558607562,9.799165964126587,5.4502084055190245
4997633811,0,0.000760551682041117,4.302118852146885,9.862627029418945,5.560508177272061
5022633811,0,0.0007111466470446914,4.219354662643809,9.886711120605469,5.6673564579616595
5047633811,0,0.0006918703353870998,4.1179414282293845,9.888939142227173,5.770997713997788
5072633812,0,0.0008108674089268775,3.987791418032617,9.859461307525635,5.871669889493018
5097633812,0,0.0004391533360966281,3.87664934541218,9.846237659454346,5.9695883140421655
5122633812,0,0.0001334644252431685,3.8313557884788763,9.896313428878784,6.064957640399908
5147633813,0,-0.00021016998099925079,3.715277815368534,9.87324571609497,6.157967900726437
5172633813,0,-0.00036316621840753647,3.6263855758553207,9.875174760818481,6.248789184963161
5197633814,0,-0.0005975934889205296,3.506665058632726,9.844247817993164,6.337582759360438
5222633814,0,-0.00045013729383903213,3.3966736954847265,9.821169376373291,6.4244956808885645
5247633814,0,-0.0002370353917346343,3.3149510941807083,9.82461404800415,6.509662953823442
5272633815,0,-0.00013010498572854577,3.186687430584173,9.779896974563599,6.593209543979426
5297633815,0,-9.170414439491855e-05,3.065201972027742,9.740449905395508,6.675247933367766
5322633815,0,0.00015979859904310655,2.98817342796353,9.74405550956726,6.755882081603731
5347633816,0,0.000319549134630627,2.8964347098563605,9.731640815734863,6.835206105878503
5372633816,0,0.0005276422313436821,2.8116376794573084,9.72494387626648,6.913306196809171
5397633817,0,0.00021132858178131385,2.76720787726737,9.757468700408936,6.990260823141566
5422633817,0,-0.00010627521462427908,2.6908928619062467,9.757035255432129,7.066142393525882
5447633817,0,3.397133633331608e-05,2.608387295898048,9.749407052993774,7.141019757095727
5472633818,0,-0.000112953621812736,2.5221368619926725,9.737086772918701,7.214949910926029
5497633818,0,0.0001702715557704594,2.4427267131347046,9.730713129043579,7.2879864159088745
5522633818,0,0.00037836465248351455,2.3685289329058294,9.728710412979126,7.3601814800732965
5547633819,0,0.00029109001308890716,2.3435247349197654,9.775103330612183,7.431578595692417
5572633819,0,0.000622961315760749,2.27534398183687,9.777564525604248,7.502220543767378
5597633820,0,0.00023986359431381156,2.2029275844595766,9.775071859359741,7.572144274900165
5622633820,0,0.000211176799799758,2.1901434093366463,9.8315269947052,7.641383585368554
5647633820,0,0.0002468455654653802,2.0822640456353065,9.792239427566528,7.709975381931222
5672633821,0,0.0005935156113389162,2.000743666878127,9.778688907623291,7.777945240745164
5697633821,0,0.0008260456070824614,1.9208630367275887,9.766180515289307,7.845317478561718
5722633821,0,0.0011998846276544926,1.8331710118249172,9.745287895202637,7.91211688337772
5747633822,0,0.0012865521391228767,1.7411918698010016,9.71955943107605,7.978367561275048
5772633822,0,0.0010003672128993425,1.676102984559181,9.720189571380615,8.044086586821434
5797633823,0,0.0007958409927528495,1.6133407499993258,9.722968339920044,8.109627589920718
5822633823,0,0.000533485837633582,1.626297602519557,9.728382110595703,8.102084508076146
5847633823,0,0.00038489127769041564,1.6154145811776903,9.713393211364746,8.097978630187056
5872633824,0,-3.083956979102714e-05,1.6567011919711696,9.751399755477905,8.094698563506736
5897633824,0,-0.00027391841325270316,1.6454472436938836,9.737091064453125,8.091643820759241
5922633824,0,-0.00011545802450840734,1.6076124222443315,9.69626784324646,8.088655421002128
5947633825,0,-0.00043450374973878075,1.6750240466714015,9.760709524154663,8.085685477483262
5972633825,0,-0.0011303482441815242,1.6903517306043998,9.773073434829712,8.082721704225312
5997633825,0,-0.001343450146285922,1.6586526869908607,9.73841142654419,8.079758739553329
6022633826,0,-0.0022450351167276053,1.649916897981699,9.726710557937622,8.076793659955923
6047633826,0,-0.0018317327809510558,1.6075189755041244,9.681349039077759,8.073830063573634
6072633827,0,-0.0018718791150725753,1.6197356416832775,9.690590858459473,8.070855216776195
6097633827,0,-0.0012686975203696715,1.6033449224503062,9.671242475509644,8.067897553059337
6122633827,0,-0.000988204418454481,1.608711504330925,9.673651456832886,8.06493995250196
6147633828,0,-0.0013972568587474672,1.5732783842749338,9.635270118713379,8.061991734438445
6172633828,0,-0.0018724862429987986,1.554632862141311,9.613675117492676,8.059042255351365
6197633828,0,-0.001774055627959837,1.467107606553549,9.523198127746582,8.056090521193033
6222633829,0,-0.0015804577104853645,1.4571241565351283,9.51025915145874,8.053134994923612
6247633829,0,-0.001407502142502486,1.4458012399391595,9.495986938476562,8.050185698537403
6272633830,0,-0.0011819541179105095,1.4343351942004343,9.48157525062561,8.047240056425176
6297633830,0,-0.000886510490812069,1.4410216053274816,9.485318899154663,8.044297293827182
6322633830,0,-0.0007099880462626283,1.4137416659277058,9.51382827758789,8.100086611660185
6347633831,0,-0.0012450954222377384,1.2459101576496199,9.456424713134766,8.210514555485146
6372633831,0,-0.000986458925666589,1.222886688495393,9.539250612258911,8.316363923763518
6397633831,0,-0.00017389408740740533,1.1463512649710967,9.564480543136597,8.4181292781655
6422633832,0,0.0003386736643066627,0.969950610743977,9.486095666885376,8.516145056141399
6447633832,0,0.0006790447579456315,0.7680101441949851,9.37870717048645,8.610697026291465
6472633833,0,0.0010654057919960193,0.686740771500471,9.388800859451294,8.702060087950823
6497633833,0,0.00046290721621011685,0.7320663826431435,9.522141695022583,8.79007531237944
6522633833,0,0.00011843800906914044,0.6258209938704056,9.499309301376343,8.873488307505937
6547633834,0,0.00023189504028213,0.40231522036913425,9.35446572303772,8.952150502668585
6572633834,0,0.00044423803247874865,0.2308907309196897,9.257270336151123,9.026379605231433
6597633834,0,0.0007795244297355968,0.09261269023635244,9.187650918960571,9.095038228724219
6622633835,0,0.0006909596434977648,0.0,9.114067554473877,9.156360611619004
6647633835,0,0.0007613105919488961,0.0,9.11190676689148,9.209190924500408
6672633836,0,0.0007152447605466989,0.0,8.983788013458252,9.252830411979643
6697633836,0,0.0001991860232568467,0.0,8.983285903930664,9.28724895438105
6722633836,0,0.0005643734708801951,0.0,8.886476039886475,9.313207843414537
6747633837,0,0.0008649017943607562,0.0,8.779066801071167,9.331375035828586
6772633837,0,0.0013113684931072565,0.0,8.728392362594604,9.342411052969204
6797633837,0,0.00014788371349097317,0.0,8.764874696731567,9.343088529906021
6822633838,0,-7.546347236844378e-05,0.0,8.841323375701904,9.320998955411302
6847633838,0,-0.00010847605335683875,0.0,8.923990488052368,9.27640426407158
6872633839,0,-0.0004168970398783034,0.0,8.866551160812378,9.210246429027322
6897633839,0,-0.00027740939882848743,0.0,8.849528074264526,9.13161611291443
6922633839,0,0.00012860740183338163,0.0,8.714532852172852,9.067086770433395
6947633840,0,-0.0003582333040069717,0.0,8.78563141822815,9.019276075340057
6972633840,0,-0.0006473020878800668,0.0,8.806931734085083,8.974683771291403
6997633840,0,-0.0016575629571157306,0.0,8.835364580154419,8.93032286017742
7022633841,0,-0.001926596519423455,0.0,8.880403518676758,8.8859705564464
7047633841,0,-0.0012019134484851023,0.0,8.789433717727661,8.841455082396662
7072633842,0,-0.0012328769727224934,0.0,8.723860502243042,8.79664904315815
7097633842,0,-0.0011571377639261297,0.0,8.680470943450928,8.751449541930516
7122633842,0,-0.0008728501124720434,0.0,8.571963787078857,8.70575167070856
7147633843,0,-0.0010756308398306444,0.08620673286909408,8.745688676834106,8.659481943965012
7172633843,0,-0.000672649678799892,0.18892572335837166,8.801499366760254,8.612573643401882
7197633843,0,0.001857328280763609,0.07562012893337311,8.640862941741943,8.56524281280857
7222633844,0,0.0040007175333043885,0.0,8.295041799545288,8.518383686578884
7247633844,0,0.005011206075512385,0.0,8.357592344284058,8.472103642668433
7272633844,0,0.0047807251365198445,0.0,8.203363180160522,8.424981646642848
7297633845,0,0.004501901636401768,0.0,7.895797491073608,8.376608451383015
7322633845,0,0.004373569970996306,0.0,8.017444610595703,8.327172426871467
7347633846,0,0.0042787062325239066,0.1635488840201642,8.436514377593994,8.27296549357383
7372633846,0,0.003936286082133934,0.4652902559681795,8.678607702255249,8.21331744628707
7397633846,0,0.004141343539215873,0.6625757837865933,8.822259664535522,8.15968388074893
7422633847,0,0.0038015795735031276,0.6662765489223883,8.773788213729858,8.10751166480747
7447633847,0,0.0021272725349606686,0.573974878604643,8.633209705352783,8.05923482674814
7472633847,0,0.0020106280821350062,0.38552023963919346,8.401358127593994,8.0158378879548
7497633848,0,0.0006857990561248663,0.5377642985740074,8.514012336730957,7.97624803815695
7522633848,0,-0.00011894901008419162,0.5334564098489176,8.472022533416748,7.93856612356783
7547633849,0,0.00016533864136989465,0.40267766752659373,8.304277181625366,7.9015995140987725
7572633849,0,1.932437511317762e-05,0.30621664152788686,8.172856092453003,7.866639450925116
7597633849,0,-0.00110970589468993,0.1756714299774531,8.008503913879395,7.832832483901941
7622633850,0,-0.0011172949937677222,0.07349380003669559,7.8722240924835205,7.798730292446825
7647633850,0,-0.0007487683425501452,0.19304270398335088,7.956434726715088,7.763392022731737
7672633850,0,-0.0009155767402800122,0.19124817518698745,7.917089223861694,7.725841048674707
7697633851,0,-0.0011075809469481485,0.583237090698554,8.269503593444824,7.68626650274627
7722633851,0,-0.0007701696019495185,1.030793738698704,8.676836013793945,7.646042275095241
7747633852,0,-0.0001370869568801144,0.6616788485407517,8.267299890518188,7.605621041977437
7772633852,0,0.0006518757832471363,0.5017538192584485,8.069557428359985,7.567803609101537
7797633852,0,0.0009768410057581873,0.0613952845111827,7.595679759979248,7.534284475468065
7822633853,0,-0.00011196703893262303,0.0,7.424019813537598,7.503205215424325
7847633853,0,-0.0014193411370638414,0.0,7.335739374160767,7.472570723905458
7872633853,0,-0.0036241262011439575,0.0,7.191171169281006,7.438678235474099
7897633854,0,-0.005337213535973934,0.0,7.037127256393433,7.401761622600169
7922633854,0,-0.006379803967280991,0.0,6.941682815551758,7.362372604777045
7947633855,0,-0.0069926996088034675,0.0,6.754993200302124,7.316754037912608
7972633855,0,-0.007818924825402676,0.0,6.663512706756592,7.254844366112271
7997633855,0,-0.007497526479458188,0.0,6.851509094238281,7.176669346839084
8022633856,0,-0.005500682730109572,0.0,6.997608661651611,7.081871994669494
8047633856,0,-0.004785410142027681,0.0,6.6114277839660645,6.980539415938493
8072633856,0,-0.005612849614479337,0.0,6.674665689468384,6.899450908568039
8097633857,0,-0.005716364925900419,0.0,6.71522855758667,6.829154974350466
8122633857,0,-0.005338655464798714,0.0,6.390431642532349,6.796841352889633
8147633858,0,-0.005461522978868165,0.0,5.9302579164505005,6.792897022213811
8172633858,0,-0.002399700955933005,0.0,5.799846053123474,6.777933506878213
8197633858,0,-0.0015438023619396295,0.0,5.797579765319824,6.737327683910402
8222633859,0,0.0002713583554866481,0.0,5.508016347885132,6.671074275560158
8247633859,0,0.0003719898092581693,0.0,5.161108016967773,6.57902558162254
8272633859,0,-0.0022294015726273537,0.0,5.531466007232666,6.461081489402951
8297633860,0,-0.002058950407340147,0.0,5.707605242729187,6.317183733138527
8322633860,0,-0.003746386587287186,0.0,5.58306348323822,6.1472072453254505
8347633861,0,-0.0008392304035574252,0.0,5.479453682899475,5.971069038265683
8372633861,0,0.00461892554418132,0.0,5.4261474609375,5.79492003093794
8397633861,0,0.006404488775204209,0.006441286155646431,5.6253297328948975,5.618888446739251
8422633862,0,0.00782334673878819,0.047267056696002285,5.489969730377197,5.442702673681195
8447633862,0,0.005662198994405379,0.21606053406458425,5.502911567687988,5.286851033623404
8472633862,0,0.005377000651061957,0.28078260724614257,5.457577586174011,5.176794978927869
8497633863,0,0.013817520754391382,0.18840845520267546,5.300485968589783,5.112077513387107
8522633863,0,0.014056425593360272,0.12745363894830852,5.220094442367554,5.092640803419245
8547633863,0,0.015253378299909618,0.0,5.056568741798401,5.092083155719092
8572633864,0,0.0090063355030344,0.20570706655913717,5.298577308654785,5.092870242095648
8597633864,0,0.008965506149995878,0.25962641606665127,5.353590130805969,5.093963714739318
8622633865,0,0.0052032861731713,0.33237731007534776,5.427873373031616,5.0954960629562684
8647633865,0,0.006006288746592466,0.18060808167679188,5.135007619857788,4.954399538180996
8672633865,0,0.003873979578705262,0.45095380202206137,5.286950469017029,4.835996666994967
8697633866,0,0.005168907554348902,0.34435158305692504,5.070837020874023,4.726485437817098
8722633866,0,0.0037329741178398885,0.12263836812185502,4.7474294900894165,4.6247911219675615
8747633866,0,-0.0007900530415333334,0.0,4.29348886013031,4.531514626402693
8772633867,0,-0.002352952105613807,0.0,4.153333425521851,4.4443727928626435
8797633867,0,-0.004187844480642343,0.0,3.5499014854431152,4.355383614757382
8822633868,0,-0.009097688020010621,0.0,2.9056904911994934,4.258645700699397
8847633868,0,-0.01286757298690377,0.0,2.569050908088684,4.1530780574919275
8872633868,0,-0.014460524883332299,0.0,2.411453068256378,4.037567699992136
8897633869,0,-0.014750504359094729,0.0,1.8719106316566467,3.9113187477494105
8922633869,0,-0.005950943978394968,0.0,1.7360036373138428,3.773690969770252
8947633869,0,-0.006615673166618764,0.0,2.2973029017448425,3.6249640943977064
8972633870,0,-0.006813217415613689,0.0,2.2456961274147034,3.4716362735519715
8997633870,0,-0.00245532905217322,0.0,2.3556159138679504,3.3155160149919105
9022633871,0,-0.0003629385454352027,0.0,2.6933571696281433,3.1573514325576713
9047633871,0,-0.00018110373153130765,0.0,2.498378813266754,2.997688654209857
9072633871,0,0.0008941957168010331,0.27037935208647834,3.1072475910186768,2.8368682389321984
9097633872,0,-0.00041006685070829065,0.5846838624001505,3.2600197792053223,2.675335916805172
9122633872,0,0.0031665996536642755,1.4667399580677953,3.9926598072052,2.525919849137405
9147633872,0,0.0010452187884490928,1.6225503415002027,4.024863839149475,2.4023134976492724
9172633873,0,-0.002307341620156277,0.7914298084560691,3.1019132137298584,2.3104834052737893
9197633873,0,-0.002526135346569019,1.0964827118614227,3.3519837856292725,2.25550107376785
9222633874,0,-0.0013087679635004129,1.4437258906847865,3.667796015739441,2.2240701250546544
9247633874,0,-0.0007054345868159533,0.7721814518908983,2.9753429889678955,2.2031615370769972
9272633874,0,-0.00038866559130891736,0.6422961559633946,2.836737871170044,2.1944417152066493
9297633875,0,-0.0015170887331858016,0.8791275976058626,3.0756343603134155,2.196506762707553
9322633875,0,-0.003032707710011631,1.364757212977496,3.566723942756653,2.2019667297791568
9347633875,0,-0.003557721584213278,2.23578443146884,4.44573712348938,2.20995269202054
9372633876,0,-0.003256130786861826,2.376715539655753,4.6004544496536255,2.2237389099978726
9397633876,0,-0.0032802641219292043,2.5253163979350832,4.771496057510376,2.2461796595752928
9422633877,0,-0.004489283496012239,2.846403532643951,5.1255576610565186,2.2791541284125674
9447633877,0,-0.00506377829620109,2.973586242106376,5.295228481292725,2.3216422391863487
9472633877,0,-0.00553612382280286,2.909554576655587,5.28115439414978,2.3715998174941935
9497633878,0,-0.0061743670552451635,3.2320421879214094,5.659565091133118,2.4275229032117083
9522633878,0,-0.006310667274682306,3.122700951688724,5.610918402671814,2.48821745098309
9547633878,0,-0.007066996888775052,3.5536489789077623,6.106399297714233,2.552750318806471
9572633879,0,-0.008631641445643417,3.4387373821401943,6.059160232543945,2.620422850403751
9597633879,0,-0.00909480416236106,3.4769767910413036,6.1676037311553955,2.690626940114092
9622633880,0,-0.009026805834624044,3.724775673104593,6.487661361694336,2.762885688589743
9647633880,0,-0.008832373116251013,3.724951659482927,6.561882734298706,2.836931074815779
9672633880,0,-0.0080697445499237,3.5940228646569246,6.506481170654297,2.9124583059973723
9697633881,0,-0.00737018139693284,3.2833815959692316,6.272594690322876,2.9892130943536444
9722633881,0,-0.006584709642381374,2.9153988814891774,5.982420086860657,3.0670212053714794
9747633881,0,-0.0069075499171506426,3.1094319481313364,6.255131006240845,3.1456990581095083
9772633882,0,-0.006537960792062174,3.0451072532959444,6.270227909088135,3.2251206557921903
9797633882,0,-0.006360299982651065,2.99635166562624,6.301485300064087,3.305133634437847
9822633882,0,-0.005500455057137238,3.064335214247361,6.450052499771118,3.385717285523757
9847633883,0,-0.005823978350823509,3.124434113995996,6.591203927993774,3.4667698139977783
9872633883,0,-0.005714771215094084,2.9879544325038014,6.536190748214722,3.5482363157109202
9897633884,0,-0.005333874332379705,3.053129536075188,6.683063507080078,3.62993397100489
9922633884,0,-0.005540525500267979,3.023905771700938,6.735713481903076,3.7118077102021383
9947633884,0,-0.005000864664846194,3.0057238660724823,6.79949426651001,3.7937704004375274
9972633885,0,-0.0050934516735952565,2.8990040589011445,6.774721384048462,3.8757173251473174
9997633885,0,-0.004073932103484686,2.837604816932048,6.79523777961731,3.9576329626852615
10022633885,0,-0.0027219341027760508,2.801725611838161,6.841151475906372,4.039425864068211
10047633886,0,-0.0020101525002699447,2.672293001910722,6.793394565582275,4.121101563671553
10072633886,0,-0.001717365057848731,2.429531542933896,6.632131576538086,4.20260003360419
10097633887,0,0.00020085562505396096,2.3446311155495385,6.628505229949951,4.283874114400413
10122633887,0,0.0017928968295931552,2.1343896025044335,6.47769570350647,4.343306101002036
10147633887,0,0.0013397517236581982,2.1082513761424284,6.45012903213501,4.341877655992581
10172633888,0,-0.0012495729906936356,2.119142252847338,6.4595232009887695,4.340380948141432
10197633888,0,-0.00017928234775263757,2.036118923675506,6.3749964237213135,4.3388775000458075
10222633888,0,-0.0005182115125668259,2.224653124054904,6.561975717544556,4.3373225934896515
10247633889,0,-0.002563397823040977,2.255057676541453,6.590876340866089,4.335818664324636
10272633889,0,-0.0019631759769784124,2.273207096067562,6.607511758804321,4.334304662736759
10297633890,0,-0.0002997213501171958,2.457518346179304,6.790256023406982,4.332737677227678
10322633890,0,0.0008016845990427492,2.5207903782405596,6.852016925811768,4.331226547571208
10347633890,0,0.001291029707578774,2.6295380701733793,6.959273099899292,4.329735029725913
10372633891,0,0.0017638305801252123,2.6387643407403463,6.9670000076293945,4.328235666889048
10397633891,0,0.001029888808311953,2.6993478081452533,7.026078701019287,4.326730892874034
10422633891,0,0.0006453491580402352,2.7116646340929007,7.03688907623291,4.3252244421400095
10447633892,0,0.0009208334545640829,2.6787029147550054,7.002418041229248,4.323715126474243
10472633892,0,0.0013153907156184862,2.690249432368746,7.012456655502319,4.3222072231335735
10497633893,0,0.0015108100168716285,2.7287831395033972,7.04948616027832,4.320703020774923
10522633893,0,0.0012075496177230626,2.750249924125929,7.0694496631622314,4.319199739036303
10547633893,0,0.001397504767640195,2.773712182698066,7.091408729553223,4.3176965468551565
10572633894,0,0.002127727880905336,2.7331986173682496,7.049392461776733,4.316193844408484
10597633894,0,0.0021180138340857625,2.7519658162009284,7.066657304763794,4.3146914885628656
10622633894,0,0.0019710888759397103,2.824268615955237,7.137453317642212,4.313184701686975
10647633895,0,0.002157553040281058,2.787625332283908,7.189277172088623,4.401651839804715
10672633895,0,0.002061475045956212,2.653811129340734,7.160670518875122,4.506859389534388
10697633896,0,0.0029541807704768787,2.6330870028352598,7.240950107574463,4.607863104739203
10722633896,0,0.0034561996744728158,2.5755260734536005,7.280712604522705,4.705186531069105
10747633896,0,0.0035191133058277107,2.467996180903514,7.267267942428589,4.799271761525075
10772633897,0,0.0038629753850424648,2.3935669672961435,7.284110069274902,4.890543101978759
10797633897,0,0.0036217938163502364,2.307251784124851,7.28661847114563,4.979366687020779
10822633897,0,0.0035761833308927066,2.3073443260694804,7.373849630355835,5.066505304286355
10847633898,0,0.0035376307075775234,2.2441918285338476,7.395473957061768,5.15128212852792
10872633898,0,0.002747377820607048,2.2333139472180976,7.467843532562256,5.234529585344158
10897633899,0,0.002430305261136901,2.195000146132747,7.51134467124939,5.316344525116643
10922633899,0,0.0019596293363322442,2.13393582634544,7.5308403968811035,5.396904570535663
10947633899,0,0.002279358080479619,2.1689322871062346,7.645267009735107,5.476334722628873
10972633900,0,0.002183280086154773,2.1641753121693457,7.718937635421753,5.554762323252407
10997633900,0,0.0017488041639511843,2.06816949262294,7.700453996658325,5.632284504035385
11022633900,0,0.0017905442088790397,1.9961436011564553,7.705151796340942,5.709008195184487
11047633901,0,0.002308803784901452,1.8200698737448242,7.605084657669067,5.785014783924243
11072633901,0,0.0020098691722272273,1.8727185253469925,7.733081817626953,5.860363292279961
11097633901,0,0.0013371714299717488,1.918174775326995,7.853280544281006,5.935105768954011
11122633902,0,0.0011043378702650921,1.7650735858848083,7.774392127990723,6.009318542105914
11147633902,0,0.0006875445489127585,1.641336623671604,7.724376440048218,6.083039816376614
11172633903,0,5.522081375113353e-05,1.40433550596876,7.560632944107056,6.156297438138296
11197633903,0,-0.0011305000261630802,0.9759831265991465,7.205111503601074,6.229128377001928
11222633903,0,-0.0009122375366857836,0.8414451399235201,7.143005132675171,6.301559992751651
11247633904,0,-0.0008185121630750531,0.6919159127070316,7.065520763397217,6.373604850690185
11272633904,0,-0.0006268115203700285,0.5425136903777137,6.987822532653809,6.445308842276095
11297633904,0,0.0003436065787072274,0.4162974567429103,6.932976722717285,6.516679265974375
11322633905,0,0.0013039311760110204,0.1836576018655416,6.770932674407959,6.587275072542417
11347633905,0,0.001208991546547843,0.24579153431728606,6.9013237953186035,6.6555322610013175
11372633906,0,-0.00016167563789216028,0.010127736147481414,6.7300965785980225,6.719968842450541
11397633906,0,-0.0003924601408478133,0.0,6.673479080200195,6.779230025994374
11422633906,0,0.0010169873398797069,0.0,6.597832918167114,6.8336845978268785
11447633907,0,0.0021753874231138694,0.0,6.465148687362671,6.881518769510759
11472633907,0,0.002223805875230182,0.0,6.314833402633667,6.923223593336483
11497633907,0,0.0033012302713043046,0.0,6.0681445598602295,6.955014928291846
11522633908,0,0.0037108898395235134,0.0,6.030090808868408,6.962014230001309
11547633908,0,0.004287889042408035,0.0,6.078530788421631,6.940283739126336
11572633909,0,0.004681459720582325,0.0,6.054443120956421,6.891962020526261
11597633909,0,0.004403243348390473,0.0,5.961727023124695,6.818593151248025
11622633909,0,0.004067729278161291,0.0,5.924223303794861,6.7213762831143935
11647633910,0,0.004383435799797436,0.0,5.878009557723999,6.601225919397418
11672633910,0,0.005141814470641185,0.0,5.8584794998168945,6.467359361924558
11697633910,0,0.00499936708095103,0.0,6.078505039215088,6.325401543484178
11722633911,0,0.00603239524742007,0.0,5.7590378522872925,6.176589200442366
11747633911,0,0.005672823733114288,0.0,5.79543149471283,6.029316633201066
11772633912,0,0.00520108533443874,0.0,5.36071515083313,5.8915896032460715
11797633912,0,0.0048208714706413636,0.0,5.017867684364319,5.748188739124385
11822633912,0,0.004867013193034338,0.0,5.212382197380066,5.6164994608533245
11847633913,0,0.005013331023254168,0.0,4.702859044075012,5.4682266082517685
11872633913,0,0.006271527759361294,0.0,5.1444679498672485,5.305059647802561
11897633913,0,0.003910483145269442,0.04977953077132291,5.187782049179077,5.138002518407754
11922633914,0,0.004864660572320223,0.221161803592147,5.198103547096252,4.9769417435041055
11947633914,0,0.0036721095432359968,0.4856298593946269,5.333248972892761,4.847619113498134
11972633915,0,0.0037394248520560116,0.6437875791823835,5.390378952026367,4.746591372843984
11997633915,0,0.003678712059433676,0.7957731513708701,5.474321365356445,4.678548213985575
12022633915,0,0.004258139774023091,1.286152297753576,5.9184722900390625,4.6323199922854865
12047633916,0,0.003863051276033242,0.9176364870303502,5.51462459564209,4.59698810861174
12072633916,0,0.0037322910989228872,0.9515058298008947,5.523815631866455,4.57230980206556
12097633916,0,0.0007396057685864112,0.43558661091193684,4.99311375617981,4.557527145267873
12122633917,0,-0.0007982492685373486,0.0,4.476690888404846,4.549929261440817
12147633917,0,-0.0010757826218122002,0.07048521569175392,4.6184574365615845,4.5479722208698306
12172633918,0,-0.0015586769961321017,0.0,4.354994773864746,4.5463932175131365
12197633918,0,-0.0022497403581558362,0.0,4.477083206176758,4.544812888168571
12222633918,0,-0.0025495097717286182,0.33590831940674004,4.879139184951782,4.543230865545042
12247633919,0,-0.0026687345182407293,0.0,4.210043907165527,4.541644979760973
12272633919,0,-0.00233094371828821,0.0,4.4471447467803955,4.540060238966819
12297633919,0,-0.002645815439025798,0.0,4.441928744316101,4.523944494253231
12322633920,0,-0.004872760672413066,0.0,4.028547048568726,4.515322083792243
12347633920,0,-0.004679466318901706,0.0,4.3065186738967896,4.513745569260183
12372633920,0,-0.0036282243146459653,0.0,4.13574743270874,4.497563515533099
12397633921,0,-0.006104850907692589,0.0,4.027666211128235,4.4889628160178265
12422633921,0,-0.005469643314881403,0.0,4.034295916557312,4.472819061461089
12447633922,0,-0.005723043333088876,0.0,3.8443350791931152,4.430793566519628
12472633922,0,-0.00575317205642771,0.0,4.06998610496521,4.362957475865713
12497633922,0,-0.004247874254347678,0.5402165657573592,4.809391021728516,4.269174455971156
12522633923,0,-0.005759471008662277,0.34153801004378526,4.490924119949341,4.149386109905556
12547633923,0,-0.004256677609277917,1.2384742462189804,5.280290007591248,4.041815761372267
12572633923,0,-0.0037803857511556935,1.4666085535702504,5.44501268863678,3.9784041350665293
12597633924,0,-0.005097701569078819,1.2844444023932522,5.243393182754517,3.9589487803612644
12622633924,0,-0.004953888141554662,1.8934552686687698,5.851026892662048,3.9575716239932786
12647633925,0,-0.004892947675959993,1.8570769898728745,5.781452536582947,3.9243755467100723
12672633925,0,-0.003752761430512531,2.2902318980358842,6.127924203872681,3.8376923058367964
12697633925,0,-0.0007474023047161427,2.749054402673159,6.522174596786499,3.77312019411334
12722633926,0,0.0003146162202300622,2.5719437676557333,6.30225133895874,3.730307571303007
12747633926,0,0.0007602481180780053,2.842288773597596,6.549241304397583,3.706952530799987
12772633926,0,-0.0004411821569272376,2.840165823175005,6.54081130027771,3.700645477102705
12797633927,0,6.698391732171104e-05,2.937545405275388,6.646388053894043,3.708842648618655
12822633927,0,8.08719686340703e-05,2.835896690129453,6.564757347106934,3.7288606569774805
12847633928,0,0.0002938979797476902,2.9050437791313946,6.6636106967926025,3.758566917661208
12872633928,0,0.00015797721526443647,2.989934641098556,6.786196231842041,3.796261590743485
12897633928,0,0.0004859021864158265,3.1740367500847,7.0146331787109375,3.8405964286262373
12922633929,0,0.002154820964613053,3.138449872557295,7.028936147689819,3.8904862751325244
12947633929,0,0.002588462085918085,3.1184794065086243,7.0635294914245605,3.9450500849159362
12972633929,0,0.002151405870028047,3.051035455929263,7.05452299118042,4.003487535251157
12997633930,0,0.00158116096532276,2.9709946185338287,7.0361409187316895,4.065146300197861
13022633930,0,0.0035737548191878132,2.8344633185595702,6.9639294147491455,4.129466096189575
13047633931,0,0.004583332669506476,2.7088062298570534,6.904781341552734,4.195975111695681
13072633931,0,0.004794537296841425,2.661908621923759,6.926162481307983,4.264253859384224
13097633931,0,0.004079340599750313,2.619746054302861,6.95376992225647,4.334023867953609
13122633932,0,0.004486951111218518,2.6156126504243753,7.020646333694458,4.405033683270083
13147633932,0,0.004402636220464249,2.6251138976525317,7.102176189422607,4.477062291770076
13172633932,0,0.004491125115711304,2.4738152220269836,7.023696184158325,4.549880962131342
13197633933,0,0.003819793411289828,2.3252224326151216,6.948575019836426,4.623352587221304
13222633933,0,0.003412865918738624,2.2664646065626117,6.963794946670532,4.6973303401079205
13247633934,0,0.0037070952899846176,2.094858899192535,6.866572380065918,4.771713480873383
13272633934,0,0.004034944370145229,1.962152683663212,6.8085408210754395,4.8463881374122275
13297633934,0,0.00366360975226887,1.740081317118527,6.661339044570923,4.921257727452396
13322633935,0,0.0028475539284339023,1.5607462863401764,6.557001113891602,4.996254827551425
13347633935,0,0.0034636369915690525,1.620204972123103,6.691755294799805,5.071550322676702
13372633935,0,0.003041531300862264,1.7576539498294812,6.904289245605469,5.1466352957759876
13397633936,0,0.0011674032836015433,1.813427508344934,7.035143852233887,5.221716343888953
13422633936,0,0.0019625131939818054,1.7089404102678918,7.005691766738892,5.296751356471
13447633937,0,0.0015375236456254564,1.4632675733478528,6.834950923919678,5.371683350571825
13472633937,0,0.0010350493956848515,1.5255036963328328,6.971973896026611,5.4464701996937785
13497633937,0,0.001371018811858701,1.5093700760213995,7.0304718017578125,5.521101725736413
13522633938,0,0.0019367861481080905,1.3142085307224969,6.909751653671265,5.595543122948768
13547633938,0,0.0005483604718260542,1.374681772836091,7.0444464683532715,5.6697646955171805
13572633938,0,0.0010627496073187922,1.1098728531144086,6.853621244430542,5.743748391316133
13597633939,0,-0.0005005289117155706,1.025958018688482,6.843463182449341,5.817505163760859
13622633939,0,-0.0015360614808802816,0.9403600904017955,6.831356048583984,5.890995958182189
13647633939,0,-0.000693292028291486,0.6882178340781095,6.652434825897217,5.964216991819107
13672633940,0,-0.0011910610368038596,0.632174447216233,6.669327735900879,6.037153288684646
13697633940,0,-0.0019911038615846866,0.42639314725898014,6.536121368408203,6.109728221149223
13722633941,0,-0.0028161148223314492,0.09756982821535853,6.279124975204468,6.181555146989109
13747633941,0,-0.002065249359574714,0.26881427374077393,6.520440101623535,6.251625827882761
13772633941,0,-0.003263568103958062,0.0,6.309689283370972,6.3175624865462385
13797633942,0,-0.005506070990454804,0.0,6.060779571533203,6.377302757625614
13822633942,0,-0.005167141825640616,0.0,6.270905256271362,6.4318643019931665
13847633942,0,-0.008323751696057397,0.0,5.364918351173401,6.476354031118223
13872633943,0,-0.008926098489861745,0.0,4.751085519790649,6.507045146447367
13897633943,0,-0.009403452821854858,0.0,4.313153386116028,6.529642657893864
13922633944,0,-0.011224229472598702,0.0,3.0336227416992188,6.530374752331617
13947633944,0,-0.009568515726796832,0.0,3.207261800765991,6.507126123710998
13972633944,0,-0.008072476625591707,0.0,3.432791233062744,6.461801455577162
13997633945,0,-0.005971814000858896,0.0,3.752952218055725,6.396130013531985
14022633945,0,-0.0065615628901941085,0.0,3.7457746267318726,6.311146446789673
14047633945,0,-0.003959943835336251,0.0,3.8371639251708984,6.20774067488137
14072633946,0,-0.0036062918183111465,0.0,4.167374610900879,6.091280198657878
14097633946,0,-0.00361456393630594,0.0,4.493457198143005,5.965792112759321
14122633947,0,-0.00301123055962148,0.0,3.954524874687195,5.832315750432722
14147633947,0,-0.003686963941508075,0.0,4.179602265357971,5.691914041750069
14172633947,0,-0.0021314263035330594,0.0,3.7251834869384766,5.545515218271676
14197633948,0,-0.0015346954430462791,0.0,3.804389476776123,5.393885394338657
14222633948,0,-0.0011472719351250003,0.0,4.3248374462127686,5.237793235946987
14247633948,0,0.0003615168525308165,0.0,4.464487910270691,5.077826295237506
14272633949,0,0.0019670666534284805,0.09101802081242827,5.006028771400452,4.915010750588023
14297633949,0,0.0037277376394762116,0.47534303589580595,5.224166035652161,4.748822999756355
14322633950,0,0.0030844856016425666,0.2519828657575731,4.840656638145447,4.588673772387874
14347633950,0,0.0027715870466652045,0.5327674708018018,4.977992534637451,4.445225063835649
14372633950,0,0.0031347254375375493,0.0,3.937716007232666,4.322578669282247
14397633951,0,0.0026661744604746748,0.0,3.5924184322357178,4.223050734922564
14422633951,0,0.003312917483884104,0.09665770989334366,4.23124623298645,4.1345885230931065
14447633951,0,0.003913974130845226,0.08970155787527734,4.130416631698608,4.040715073823331
14472633952,0,0.003681368244110903,0.559441478207451,4.512743711471558,3.9533022332641066
14497633952,0,0.00329956066950719,0.1840902838559475,4.063661813735962,3.8795715298800144
14522633953,0,0.004258443337986203,0.0,3.721064329147339,3.8116773982249295
14547633953,0,0.0037854147924674306,0.2639674965852441,4.0134358406066895,3.7494683440214454
14572633953,0,0.003823132614884057,0.276388472564737,3.9661123752593994,3.6897239026946624
14597633954,0,0.0021556557655116105,0.33510761619994645,3.967020034790039,3.6319124185900926
14622633954,0,0.001363505603771687,1.3399687622213388,4.918024063110352,3.578055300889013
14647633954,0,-0.00048815868021876975,1.1095985405389168,4.637673854827881,3.528075314288964
14672633955,0,-0.0003455595085470591,1.6705241607388093,5.1533167362213135,3.482792575482504
14697633955,0,-0.00021578591431681683,1.872102567136054,5.317094206809998,3.4449916396739435
14722633956,0,-0.0016146845473262062,1.248310181225453,4.6657551527023315,3.4174449714768786
14747633956,0,-0.002120649782842595,2.139429270095891,5.542048931121826,3.4026196610259354
14772633956,0,-0.0026085529625538397,1.9147932145133812,5.314812183380127,3.4000189688667457
14797633957,0,-0.0038889857589588968,1.7459319430900662,5.152363657951355,3.406431714861289
14822633957,0,-0.0022956544075764776,2.2699396738726088,5.69353973865509,3.4236000647824816
14847633957,0,-0.003178038957351347,2.2096940451351843,5.661005258560181,3.4513112134249964
14872633958,0,-0.001797581835100992,2.5549007202046092,6.0426836013793945,3.4877828811747853
14897633958,0,-0.0008098605901263703,2.5555556954384637,6.086942195892334,3.5313865004538703
14922633958,0,-0.0008832471782086185,2.640268654988507,6.2212135791778564,3.5809449241893496
14947633959,0,-0.00045780228390760196,2.7363130768272343,6.371752738952637,3.6354396621254024
14972633959,0,-0.0009274916258321456,2.4524679782805396,6.146545886993408,3.6940779087128686
14997633960,0,-0.0012174711015945758,2.64265706016651,6.398868083953857,3.7562110237873476
15022633960,0,-0.0009731021112896751,2.91661743017924,6.737901449203491,3.8212840190242514
15047633960,0,-0.0014080333794379315,2.974768957340214,6.863546848297119,3.8887778909569053
15072633961,0,-0.0009407725492182814,3.1714801755807653,7.10879373550415,3.937313559923385
15097633961,0,-0.0006329586906230401,3.124838459033063,7.060806512832642,3.9359680537995785
15122633961,0,-0.0007572681335172722,3.0886280430790194,7.023247718811035,3.9346196757320158
15147633962,0,-0.001227488712377261,3.0655279543623677,6.998793840408325,3.9332658860459575
15172633962,0,-0.0011958421692228687,3.025413642338675,6.957322597503662,3.931908955164987
15197633963,0,-0.000698073160710495,2.885510365069285,6.816058158874512,3.9305477938052267
15222633963,0,-0.0006950375210793781,2.9683081658274753,6.897495746612549,3.9291875807850736
15247633963,0,-0.0006743192805970062,2.7175940616596033,6.645423173904419,3.9278291122448157
15272633964,0,-0.0004170488218598592,2.716566513479066,6.643036365509033,3.926469852029967
15297633964,0,-0.00038236663907435006,2.7449987820331674,6.670109510421753,3.9251107283885855
15322633964,0,-0.0011774006584638343,2.455274403572364,6.379026889801025,3.9237524862286612
15347633965,0,-0.0016538442985676127,2.607782379303052,6.530176162719727,3.9223937834166747
15372633965,0,-0.0011218484532143972,2.4346619709086665,6.355692386627197,3.9210304157185307
15397633966,0,-0.0010619704614906187,2.5679656402662423,6.4876320362091064,3.919666395942864
15422633966,0,-0.0019094451555076455,2.62298371257454,6.541294813156128,3.918311100581588
15447633966,0,-0.003982483459597294,2.697369331160474,6.614323854446411,3.9169545232859373
15472633967,0,-0.003756783653023761,2.7709138640745175,6.686502456665039,3.9155885925905216
15497633967,0,-0.003711324949547787,2.6733854105796104,6.587564706802368,3.9141792962227577
15522633967,0,-0.00280586953857643,2.5660345108511704,6.478849411010742,3.912814900159572
15547633968,0,-0.002604075394097942,2.615045500745564,6.526500463485718,3.911454962740154
15572633968,0,-0.0019659080526464173,2.4326115505943218,6.342724084854126,3.910112534259804
15597633969,0,-0.0013104375652975271,2.122691804596897,6.113790035247803,3.9910982306509055
15622633969,0,-0.001240845526754175,1.9836947942849354,6.0699591636657715,4.086264369380836
15647633969,0,-0.001210716803415341,1.6224993226055018,5.800670027732849,4.178170705127347
15672633970,0,-0.001939953333800369,1.9230397411598235,6.190310955047607,4.267271213887784
15697633970,0,-0.002677537873170968,1.7021350059339078,6.0561017990112305,4.353966793077323
15722633970,0,-0.002460944985490786,1.4086509813060273,5.847239255905151,4.438588274599124
15747633971,0,-0.00221786614202911,1.7458223229169123,6.267256021499634,4.5214336985827215
15772633971,0,-0.002173621694405583,1.7872271448738015,6.390008211135864,4.602781066262063
15797633972,0,-0.0013714539218829744,1.852280189633043,6.535111427307129,4.682831237674086
15822633972,0,-0.0004865649694124335,1.4015662694844906,6.163330793380737,4.761764523896247
15847633972,0,-0.0017509847667633496,0.8655325593814904,5.705281019210815,4.839748459829325
15872633973,0,-0.0003583091949977496,1.082347976493204,5.999256491661072,4.916908515167868
15897633973,0,0.0022033153077201436,1.2210860814899984,6.214430809020996,4.993344727530998
15922633973,0,0.0029757338118578075,0.8622006302157414,5.931691646575928,5.069491016360186
15947633974,0,0.0025946092561710964,1.1071266234271429,6.251830101013184,5.144703477586041
15972633974,0,0.0022035429806924775,0.5673848036544298,5.78695821762085,5.21957341396642
15997633974,0,-0.00020569241254335356,0.36092592557525816,5.655012845993042,5.294086920417784
16022633975,0,0.00019835122235828962,0.917719278056313,6.285466432571411,5.367747154515098
16047633975,0,0.0013665412434028038,0.7200549748487992,6.158800363540649,5.43874538869185
16072633976,0,0.004078885253805645,0.8817475796946912,6.388261556625366,5.506513976930675
16097633976,0,0.0038921934164919633,0.8317721532471305,6.405655860900879,5.573883707653748
16122633976,0,0.003300016015451858,0.828582538106521,6.46988582611084,5.641303288004319
16147633977,0,0.0035554650904103344,0.8906108115893687,6.600000858306885,5.709390046717516
16172633977,0,0.004256470172225977,1.0187123610773385,6.796627521514893,5.777915160437554
16197633977,0,0.004189154863405962,1.0069356413858621,6.853616952896118,5.846681311510256
16222633978,0,0.005177635018288363,0.6433853507039817,6.559128284454346,5.915742933750364
16247633978,0,0.006172186452432998,0.5332622634804389,6.518320083618164,5.985057820137725
16272633979,0,0.006716780202255347,0.42705048725614336,6.480844259262085,6.053793772005942
16297633979,0,0.006073300491449369,0.42149793032931715,6.5405495166778564,6.119051586348539
16322633979,0,0.0047958274436846506,0.0,6.110989809036255,6.179942910973659
16347633980,0,0.0035556927633826688,0.0,5.887674450874329,6.2360063505080054
16372633980,0,0.002597796677783769,0.0,5.695851445198059,6.2869194666521055
16397633980,0,0.0045383293119751695,0.0,5.801205396652222,6.324643160184078
16422633981,0,0.005042928509657556,0.0,5.915406703948975,6.333801568964474
16447633981,0,0.005577580539687999,0.0,5.682410717010498,6.3130988246980335
16472633982,0,0.005119274846380143,0.0439241106124042,6.309102773666382,6.265178663053978
16497633982,0,0.0037694776844040675,0.0,5.848979473114014,6.191693201346891
16522633982,0,0.003211527120204804,0.0,5.549828410148621,6.106126626401314
16547633983,0,0.002455576961065948,0.03691356578744642,6.063210725784302,6.026297159996855
16572633983,0,0.002909556867899462,0.10026146152177517,6.024683475494385,5.92442201397261
16597633983,0,0.0028496788761756837,0.6475468000940543,6.46178412437439,5.814237324280335
16622633984,0,0.002401922030585959,0.7707529484383908,6.497217178344727,5.726464229906336
16647633984,0,0.0016081781580396994,0.5189631550749683,6.183921575546265,5.664958420471296
16672633985,0,0.0008340900521049209,0.4236639370472588,6.053001880645752,5.629337943598493
16697633985,0,0.001977084264211166,0.03814440332492719,5.640444874763489,5.602300471438562
16722633985,0,0.0022515060868641226,0.0,4.808003067970276,5.580099127121918
16747633986,0,0.0019048360409905864,0.013503827753219788,5.573869228363037,5.560365400609817
16772633986,0,0.0013113684931072565,0.0,5.322940707206726,5.533120533295926
16797633986,0,0.0013990984784465314,0.0,4.863015174865723,5.500427522169449
16822633987,0,0.0006397332247226692,0.446099519926598,5.9192304611206055,5.4731309411940074
16847633987,0,0.0003691818425993863,0.1437510165967577,5.583118915557861,5.439367898961104
16872633988,0,0.0017513085666468556,0.9391838623768347,6.3407392501831055,5.401555387806271
16897633988,0,0.0005450212682318258,1.185742322391314,6.556190729141235,5.370448406749921
16922633988,0,-0.0005964551240588608,1.007310734971803,6.348480463027954,5.341169728056151
16947633989,0,-0.0009217998015238015,1.5731269966840289,6.889319658279419,5.31619266159539
16972633989,0,-0.00021100478189780793,0.9113990687612912,6.208818197250366,5.297419128489075
16997633989,0,-0.0004507444217652555,0.4908037954043216,5.776911020278931,5.286107224874609
17022633990,0,-0.002185991925902384,0.6495312130413247,5.931993126869202,5.282461913827877
17047633990,0,-0.004051088915260533,0.0,4.600239515304565,5.281317856771865
17072633991,0,-0.005409992996129958,0.0,4.4195215702056885,5.279825867237536
17097633991,0,-0.0041121811628367574,0.0,4.334971189498901,5.274487824816883
17122633991,0,-0.002997114835336787,0.0,3.9365808963775635,5.249613715727328
17147633992,0,-0.004528519138244424,0.0,4.328033924102783,5.202635603607364
17172633992,0,-0.003934975699370315,0.0,4.383002042770386,5.112895666933242
17197633992,0,-0.003796550532191391,0.0,4.697831869125366,4.998920305511622
17222633993,0,-0.0015237671403742587,0.4157250152231686,5.250590443611145,4.834865428387976
17247633993,0,-0.0014751969062763903,0.03258768303262194,4.698479533195496,4.665891850162874
17272633993,0,-0.001804184351298671,0.3261396616774812,4.838972568511963,4.512832906834482
17297633994,0,0.0002699923176526456,0.8387328189552941,5.243005156517029,4.404272337561735
17322633994,0,0.0005364455862739208,0.8518718072912765,5.191925525665283,4.340053718374007
17347633995,0,-0.0013119553851130854,1.5927044859731971,5.912483096122742,4.319778610149545
17372633995,0,-0.001632670712140573,1.5628110920837859,5.881062984466553,4.318251892382767
17397633995,0,-0.0020824007234905234,1.927446656181326,6.244174003601074,4.316727347419748
17422633996,0,-0.0038446654203445913,2.246465888293989,6.561681032180786,4.315215143886797
17447633996,0,-0.003627768968701298,2.160128384805345,6.473833322525024,4.313704937719679
17472633996,0,-0.0024256556747790535,2.5370020653100473,6.849162340164185,4.312160274854137
17497633997,0,-0.0014544786657940182,2.716609753289476,7.027261734008789,4.310651980719313
17522633997,0,-0.0022190045068907786,2.6171865661287574,6.9263527393341064,4.309166173205349
17547633998,0,-0.001872106788044909,2.675292616511631,6.9829723834991455,4.307679766987515
17572633998,0,-0.0030753584468288216,2.3497296933801,6.655907392501831,4.306177699121731
17597633998,0,-0.0033999442143859836,2.279942853122246,6.584628582000732,4.3046857288784866
17622633999,0,-0.0041612826338700715,2.0825515478824457,6.385718822479248,4.303167274596802
17647633999,0,-0.005661040393623315,1.981672190251988,6.283329963684082,4.301657773432094
17672633999,0,-0.00566050915668787,1.90996882654997,6.127136707305908,4.217167880755938
17697634000,0,-0.005556310826349786,1.9447092813779827,6.080271005630493,4.1355617242525105
17722634000,0,-0.004632717468582507,2.4122576306302363,6.488621234893799,4.0763636042635625
17747634001,0,-0.004704813909821531,2.6905094329067403,6.728001594543457,4.037492161636717
17772634001,0,-0.004840203437369338,2.3598660579961326,6.376672983169556,4.016806925173423
17797634001,0,-0.004651158979341542,2.382626940977393,6.394735336303711,4.012108395326318
17822634002,0,-0.00332200416685706,2.3912994205855265,6.412341356277466,4.021041935691939
17847634002,0,-0.0020337545984018776,2.3210834959723003,6.362266302108765,4.041182806136464
17872634002,0,0.00021565436825565526,1.697240946805083,5.767839431762695,4.070598484957612
17897634003,0,0.0019291211580395207,1.524958101650138,5.632667183876038,4.1077090822259
17922634003,0,0.0018913274446321167,1.7896326191203578,5.940874814987183,4.151242195866825
17947634004,0,0.0003976409641411061,1.8888103430849235,6.088922023773193,4.20011168068827
17972634004,0,0.001294672475136114,1.6053505727626387,5.858779191970825,4.2534286192081865
17997634004,0,0.0015768351788484187,1.6903669263780765,6.000780344009399,4.310413417631323
18022634005,0,0.00016533864136989465,1.6650872061611048,6.035547494888306,4.370460288727201
18047634005,0,-0.000564277343969023,1.933242882190843,6.36629319190979,4.433050309718947
18072634005,0,-0.003143508556547394,1.866771195669715,6.364520072937012,4.497748877267297
18097634006,0,-0.0039852155352652985,1.2195094154442625,5.783718109130859,4.564208693686597
18122634006,0,-0.003435764762033162,1.205093881253486,5.8371502161026,4.632056334849114
18147634007,0,-0.003265010032782843,0.81996500139463,5.521118402481079,4.701153401086449
18172634007,0,-0.002736808736968523,0.3362546975919738,5.107553958892822,4.7712992613008485
18197634007,0,-0.0020108355191869455,0.37511616856895547,5.216668009757996,4.84155184118904
18222634008,0,-0.0021597336430932237,0.0,4.801717042922974,4.909543256277366
18247634008,0,-0.002997038944346009,0.5284167785246048,5.500839471817017,4.972422693292412
18272634008,0,-0.0029911194470653314,0.7188968344375626,5.749369382858276,5.030472548420714
18297634009,0,-0.003213555941035413,0.9691178031506507,6.049541473388672,5.080423670238021
18322634009,0,-0.0048242663293059755,0.8824484842206974,6.008572340011597,5.126123855790899
18347634010,0,-0.004222754336400186,0.918379029821141,6.089808940887451,5.17142991106631
18372634010,0,-0.0036781605865778364,0.6330737462546159,5.8523712158203125,5.219297469565697
18397634010,0,-0.0024214057792954903,0.6476282471736479,5.917744517326355,5.270116270152707
18422634011,0,-0.0010581759119517229,0.8265494045743589,6.1494691371917725,5.322919732617414
18447634011,0,0.0005405436997759285,0.8477233433400952,6.222445964813232,5.374722621473137
18472634011,0,-5.170959225495499e-05,1.0919650536908545,6.51818060874939,5.426215555058535
18497634012,0,0.0024473807340619326,1.1569122001580228,6.635726451873779,5.4788142517157565
18522634012,0,0.0019411119345824322,1.1166432072856525,6.649377107620239,5.532733900334587
18547634012,0,0.0028213715366155194,1.1878574595224922,6.776732683181763,5.5888752236592705
18572634013,0,0.001062977280291126,1.159304553137071,6.806277751922607,5.6469731987855365
18597634013,0,0.0003982480920673295,1.2080405033829704,6.914718389511108,5.706677886128138
18622634014,0,0.0015901161022345545,1.11463983008771,6.882420301437378,5.767780471349668
18647634014,0,0.0018972469419127947,1.0100060711453898,6.840064287185669,5.830058216040279
18672634014,0,0.0022357966517730934,1.0135136859217555,6.9068169593811035,5.893303273459348
18697634015,0,0.0025941539102264286,1.0718863498466202,7.028854608535767,5.956968258689146
18722634015,0,0.0028546117905762485,1.2052618447576116,7.22534966468811,6.020087819930499
18747634015,0,0.0034230353115028652,1.208043574570878,7.290931463241577,6.082887888670699
18772634016,0,0.003609195911881102,0.7952850314526989,6.941246509552002,6.145961478099303
18797634016,0,0.003902818155200872,0.672071738827233,6.8817994594573975,6.209727720630164
18822634017,0,0.001573723648226524,0.8413891218554497,7.114786863327026,6.273397741471577
18847634017,0,0.0014588246881887537,0.5265894140624283,6.8597331047058105,6.333143690643382
18872634017,0,0.0022314708652987516,0.4105048897121728,6.798986434936523,6.388481545224351
18897634018,0,0.0012929269823482219,0.23152526190706801,6.67203426361084,6.440509001703772
18922634018,0,-0.00012228821367842008,0.0,6.40303373336792,6.486057951545432
18947634018,0,-0.00025752595924467256,0.0,6.255279064178467,6.523899519583135
18972634019,0,-0.0010304757003177822,0.0,5.919699311256409,6.552181786545432
18997634019,0,-0.0001683540450806172,0.0,5.740427255630493,6.569539500939775
19022634020,0,-0.0011430220396414367,0.0,5.636133313179016,6.573875682445026
19047634020,0,-0.0023336757939562153,0.0,5.292680025100708,6.555874482028188
19072634020,0,-0.0020421026073874486,0.0,5.438738465309143,6.516942476239658
19097634021,0,-0.0025312959339419175,0.0,5.504685401916504,6.458406973844856
19122634021,0,-0.004872457108449954,0.0,4.680660009384155,6.381339733922638
19147634021,0,-0.00388010651303788,0.0,5.134048819541931,6.286535972708388
19172634022,0,-0.006933959981941359,0.0,4.60142970085144,6.174573460306308
19197634022,0,-0.008377027171583496,0.0,4.412858605384827,6.050800566030998
19222634023,0,-0.006381170005114994,0.0,3.99612557888031,5.91876174457399
19247634023,0,-0.005827924682343961,0.0,3.7716736793518066,5.779584966085965
19272634023,0,-0.0032816301597632072,0.0,4.0033968687057495,5.634337410664015
19297634024,0,-0.0014398317045738798,0.0,4.1123878955841064,5.483691753516377
19322634024,0,-0.001077831678563204,0.0,4.187632083892822,5.328422647156028
19347634024,0,0.0011555642890401878,0.0,4.697796106338501,5.1691080042685575
19372634025,0,0.0023901589270153814,0.0,4.544029712677002,5.006329939222766
19397634025,0,0.003716885227794969,0.0,4.042838215827942,4.841119655481762
19422634026,0,0.006861656103650395,0.0,3.626339077949524,4.672843473703709
19447634026,0,0.00667875881587561,0.0,3.6123626232147217,4.502598927586892
19472634026,0,0.006481745803816131,0.0,3.245582342147827,4.330695723947262
19497634027,0,0.005459266485065222,0.0,3.1085543632507324,4.157635187994412
19522634027,0,0.0025099149104629384,0.0,3.026719093322754,3.98369396866124
19547634027,0,0.00025367575463539294,0.0,2.87392795085907,3.809182373365435
19572634028,0,-0.000871408183647263,0.0,2.679948627948761,3.634375648791711
19597634028,0,-0.0013514945913083813,0.0,3.187405228614807,3.4594816976880276
19622634029,0,-0.0008802874295682795,0.42247415633572016,3.707239866256714,3.2847657099209937
19647634029,0,-0.00254214834562316,0.2599483220658092,3.37042772769928,3.1104794056334706
19672634029,0,-0.0019326677986856889,0.9352505077063435,3.8832364082336426,2.947985900527299
19697634030,0,-0.0022324372122584707,0.849588455588898,3.6590259075164795,2.8094374519275815
19722634030,0,-0.0006399406617746087,0.8597431145862888,3.5586880445480347,2.698944929961746
19747634030,0,6.091263805947749e-05,1.6271566304553957,4.248729944229126,2.6215733137737303
19772634031,0,-0.0002531242817795532,1.4585656067290165,4.026636600494385,2.5680709937653683
19797634031,0,-0.00012206054070608632,1.782677169633923,4.312417030334473,2.5297398607005497
19822634031,0,-0.0009607318797928742,2.0861452045462276,4.594026803970337,2.5078815994241093
19847634032,0,-0.004580883921881188,1.7569825342628853,4.260738372802734,2.503755838539849
19872634032,0,-0.0034505635052348555,1.9568200909147921,4.473196864128113,2.5163767732133207
19897634033,0,-0.002621074976032196,2.4791682621123714,5.021360278129578,2.5421920160172062
19922634033,0,-0.0028294716367083628,2.5158048615928204,5.094395399093628,2.5785905375008076
19947634033,0,-0.0010422388038883598,2.870957746949595,5.494271636009216,2.6233138890596215
19972634034,0,-0.0016154434572339853,2.820169884369622,5.494869232177734,2.6746993478081125
19997634034,0,-0.002257405348224406,2.8616524229846436,5.593133568763733,2.7314811457790893
20022634034,0,-0.0004926362486746671,3.0718711355278128,5.864505887031555,2.7926347515037424
20047634035,0,0.0006710762039139499,3.1838443850532223,6.041213035583496,2.857368650530274
20072634035,0,0.0018593014465238349,3.1374920644256066,6.062560558319092,2.925068493893485
20097634036,0,0.0024863128123310055,3.2662054398114906,6.261414527893066,2.995209088081576
20122634036,0,0.0021809274654406574,3.0941886118439714,6.161569118499756,3.0673805066557844
20147634036,0,0.0020628410837902145,2.8798191295369238,6.021081447601318,3.1412623180643946
20172634037,0,0.0007651810324785702,2.5506378532393432,5.767231822013855,3.2165939687745118
20197634037,0,0.0011963936420787084,2.9830903868170724,6.276233196258545,3.2931428094414725
20222634037,0,0.0024448004403754835,3.277831765326296,6.648561000823975,3.3707292354976786
20247634038,0,0.0018785777581814265,3.4832900436123277,6.932488918304443,3.4491988746921156
20272634038,0,0.0020431853171787337,3.53554590483854,7.0639543533325195,3.5284084484939795
20297634039,0,0.002157628931271836,3.6824628808614017,7.290712594985962,3.60824971412456
20322634039,0,0.001621610863407391,3.5646749567783576,7.25321102142334,3.6885360646449823
20347634039,0,0.001910755538271264,3.7165468314193424,7.46159291267395,3.745046081254608
20372634040,0,0.0019193312202291691,3.6155733600960565,7.3593549728393555,3.743781612743299
20397634040,0,0.002189654929380118,3.5813354722718036,7.323835372924805,3.742499900653001
20422634040,0,0.0017067605550602166,3.7206530642783675,7.461867570877075,3.7412145065987077
20447634041,0,0.0018625647591272853,3.870992917634821,7.610915422439575,3.7399225048047544
20472634041,0,0.001233276663596777,3.908632763199611,7.647269010543823,3.7386362473442123
20497634042,0,0.0014719538295933337,4.024499511594073,7.7618443965911865,3.737344884997113
20522634042,0,0.0008249072422207927,3.978281426435576,7.714339971542358,3.7360585451067823
20547634042,0,0.000263010346501077,4.187891816050647,7.922658920288086,3.734767104237439
20572634043,0,0.0006037608950939353,4.25095199897778,7.984431266784668,3.7334792678068878
20597634043,0,-8.851672278224592e-05,4.162453703106776,7.894643068313599,3.732189365206823
20622634043,0,-4.207143642615922e-05,4.327128476657046,8.058028221130371,3.730899744473325
20647634044,0,8.54785442271306e-06,4.313844004089775,8.04345417022705,3.7296101661372756
20672634044,0,-1.6723845506334118e-05,4.371573144078043,8.099895000457764,3.7283218563797207
20697634045,0,0.0005408472637390401,4.258382674895902,7.985416889190674,3.727034214294772
20722634045,0,-0.00010589575967038949,4.272407057702583,7.998154163360596,3.7257471056580127
20747634045,0,-0.0007345767272746742,4.437590559968055,8.162048578262329,3.724458018294274
20772634046,0,0.0003307051102749812,4.420038870546925,8.143210887908936,3.7231720173620104
20797634046,0,-5.823621746185606e-05,4.447722907731606,8.169606685638428,3.7218837779068217
20822634046,0,-0.00032241275635979365,4.4607690638851505,8.181365489959717,3.7205964260745663
20847634047,0,-0.0012664207906463339,4.452096410111537,8.171409130096436,3.7193127199848988
20872634047,0,-0.0010706979254300796,4.584818130142812,8.390810251235962,3.805992121093149
20897634048,0,-0.0016253092860351148,4.604111631866921,8.511192798614502,3.9070811667475813
20922634048,0,-0.0017230568821570752,4.515925017207044,8.520009756088257,4.004084738881213
20947634048,0,-0.0020122015570209484,4.475938461258292,8.57349443435669,4.097555973098397
20972634049,0,-0.002016223779532178,4.424890448995911,8.612889289855957,4.187998840860046
20997634049,0,-0.002028366338056645,4.350842409203593,8.626677989959717,4.275835580756124
21022634049,0,-0.0017593327757489206,4.277644479685593,8.639084815979004,4.361440336293411
21047634050,0,-0.00164845603822238,4.086213972770606,8.531344413757324,4.445130440986718
21072634050,0,-0.0011975876620107608,3.95646281852349,8.483642578125,4.52717975960151
21097634050,0,-0.001116308410887609,3.8128361751450655,8.420655727386475,4.607819552241409
21122634051,0,-0.0008603280989936868,3.7725949774455865,8.459847450256348,4.687252472810761
21147634051,0,-0.0012197478313179134,3.620345498452637,8.385993719100952,4.765648220648315
21172634052,0,-0.0010073289481305168,3.542494078351168,8.38565182685852,4.843157748507353
21197634052,0,-0.000551072311573665,3.4302705159867655,8.350172996520996,4.919902480534231
21222634052,0,-0.00031672093205144974,3.4000573503334985,8.396055221557617,4.995997871224119
21247634053,0,0.0001538032107716509,3.3349769439414976,8.406804084777832,5.0718271408363345
21272634053,0,0.0002779608716843271,3.075990484655696,8.222805976867676,5.14681549221198
21297634053,0,0.00105918273075223,2.69808381987421,7.919554710388184,5.221470890513974
21322634054,0,0.0018473106699809236,2.397041075974567,7.692815780639648,5.295774704665082
21347634054,0,0.002368150539689785,2.1214894073969415,7.4912567138671875,5.369767306470246
21372634055,0,0.0029793765794151484,1.869013400793727,7.312504291534424,5.443490890740697
21397634055,0,0.0026330859884955015,1.8073827412760632,7.3243725299835205,5.516989788707457
21422634055,0,0.0026989593684907357,1.7639549387709215,7.354232311248779,5.590277372477858
21447634056,0,0.0030063178811413098,1.6379662847357936,7.301342725753784,5.6633764410179905
21472634056,0,0.0027103430171074236,1.594865563164932,7.331126689910889,5.736261126745957
21497634056,0,0.002582846152600519,1.4779755675037576,7.286904573440552,5.808929005936794
21522634057,0,0.002851500259954354,1.4411804483084758,7.322575092315674,5.881394644007198
21547634057,0,0.003449293594312025,1.4255041578171896,7.379150390625,5.95364623280781
21572634058,0,0.0030306029981902434,1.2513720779592905,7.2770490646362305,6.02567698667694
21597634058,0,0.0024935983474456856,1.1758092964960065,7.273289680480957,6.0974803839849505
21622634058,0,0.0019962087938872014,1.16554140600309,7.334632873535156,6.169091467532066
21647634059,0,0.0017567727179828656,1.0076841150025633,7.2481770515441895,6.240492936541626
21672634059,0,0.001648779838105886,1.0029993589893342,7.314679384231567,6.311680025242233
21697634059,0,0.0015950490166351191,1.0000753131867999,7.382725954055786,6.382650640868986
21722634060,0,0.001804508151182177,0.8466341578796852,7.300040245056152,6.453406087176467
21747634060,0,0.0016868771154764017,0.7725585548201819,7.296505451202393,6.523946896382211
21772634061,0,0.0021738696032983108,0.6239518147419147,7.218223571777344,6.594271757035429
21797634061,0,0.0016355748057105283,0.5224111269450242,7.186797380447388,6.6643862535023635
21822634061,0,0.001243901402305686,0.5577944946176929,7.292073011398315,6.7342785167806225
21847634062,0,0.0008737810402817728,0.43345990894235076,7.23743462562561,6.80397471668326
21872634062,0,0.0008599688799601914,0.24583450257262118,7.119293689727783,6.873459187155162
21897634062,0,0.0019126528130407122,0.260266231932075,7.202585935592651,6.942319703660576
21922634063,0,0.0022720725453649385,0.2999990615023034,7.308818578720093,7.008819517217789
21947634063,0,0.002134254506112237,0.2448350839337854,7.316205739974976,7.07137065604119
21972634064,0,0.002090768968396489,0.2857037521177981,7.416031837463379,7.130328085345581
21997634064,0,0.0011856930123790217,0.11206630279492735,7.2977800369262695,7.185713734131342
22022634064,0,0.0013735991055451502,0.03310262407354525,7.270160436630249,7.237057812556704
22047634065,0,0.00010842039828645505,0.0,7.018144369125366,7.284160661713625
22072634065,0,0.0003913420119065388,0.0,6.841270923614502,7.325254630598883
22097634065,0,0.0007106913011000238,0.0,6.843152046203613,7.359959757511995
22122634066,0,0.001095003278399408,0.0,6.576356649398804,7.38421975452994
22147634066,0,0.0015440502708323573,0.0,6.477237939834595,7.3832674758565835
22172634067,0,0.0019383798589144268,0.0,6.326014280319214,7.355196810684824
22197634067,0,0.002526459146452525,0.0,6.108465671539307,7.301907817085465
22222634067,0,0.003533684376057072,0.0,6.200780153274536,7.224712093491372
22247634068,0,0.0031823090887553047,0.0,6.097931385040283,7.124607267228093
22272634068,0,0.0027164142963696574,0.0,6.119831085205078,7.002328823658945
22297634068,0,0.0038270789464045084,0.0,6.124870777130127,6.866625289179615
22322634069,0,0.003787084394264545,0.0,5.999805808067322,6.723051995027566
22347634069,0,0.004612930155909864,0.0,6.0865137577056885,6.572752670060734
22372634069,0,0.00315293927532425,0.0,6.0258708000183105,6.402009160030874
22397634070,0,0.004116147730277604,0.0,5.892698764801025,6.226852975442405
22422634070,0,0.003582406392136496,0.0,5.692413568496704,6.0510015330570095
22447634071,0,0.0028555983734563613,0.0,5.559029459953308,5.874956058041773
22472634071,0,0.0032194197832457073,0.01547165997825406,5.714403390884399,5.698931730906145
22497634071,0,0.003934464698355265,0.23052844218242807,5.753475308418274,5.522946866235846
22522634072,0,0.0051952417281488405,0.4380737751656705,5.804982662200928,5.366908887035257
22547634072,0,0.00906355731008095,1.1005266879132085,6.357174396514893,5.256647708601684
22572634072,0,0.00987885422400814,0.9124904208532554,6.103882312774658,5.191391891921403
22597634073,0,0.009635699489555687,0.8609821705608365,6.031824588775635,5.170842418214798
22622634073,0,0.009190978283597077,0.9493921391010671,6.119518518447876,5.170126379346809
22647634074,0,0.009188853335855295,0.9104395641644505,6.0803961753845215,5.169956611220071
22672634074,0,0.00779276266950469,1.0230026716268172,6.1929402351379395,5.169937563511122
22697634074,0,0.006522423374873096,1.012986469836247,6.1825597286224365,5.16957325878619
22722634075,0,0.005886380981163353,1.0277294603486684,6.196545124053955,5.168815663705287
22747634075,0,0.005401285768110891,1.246938051171539,6.414710998535156,5.167772947363617
22772634075,0,0.004841817384096069,1.6115862794177538,6.778192520141602,5.166606240723848
22797634076,0,0.00419909658319787,1.7496346648244137,6.914916515350342,5.165281850525928
22822634076,0,0.0034500525042198047,1.639178611036873,6.8028059005737305,5.163627289536858
22847634077,0,0.003415066757471184,1.3436396807074704,6.505286693572998,5.161647012865528
22872634077,0,0.002856964411290364,1.4899476155556712,6.649494409561157,5.159546794005486
22897634077,0,0.003489288146451989,1.3928663069920466,6.397187232971191,5.004320925979145
22922634078,0,0.002030359739737265,1.3146799987941353,6.199250221252441,4.884570222458306
22947634078,0,0.0012143039159022975,1.3614789998551737,6.148966312408447,4.7874873125532735
22972634078,0,0.0004673088936752362,2.1826036425079796,6.892613410949707,4.7100097684417275
22997634079,0,-0.0003854022787054669,1.9925636316636197,6.643083572387695,4.650519940724076
23022634079,0,0.0010137999182670341,0.3118149276620228,4.920516014099121,4.608701086437098
23047634080,0,0.002047738776625409,0.0,3.44824755191803,4.583982594651423
23072634080,0,0.0014101785631001076,0.0,4.024385690689087,4.5728670993732905
23097634080,0,0.0015072431403050665,0.789171586858826,5.35134494304657,4.562173356187744
23122634081,0,8.471963431935141e-06,1.305521127183245,5.845465421676636,4.539944294493391
23147634081,0,-0.00023248193228795914,1.5733737490455573,6.089562892913818,4.516189143868261
23172634081,0,-0.0011978912259738724,0.9665777144898389,5.4666513204574585,4.50007360596762
23197634082,0,-0.002073900932523397,0.0,4.351353406906128,4.487633683840645
23222634082,0,-0.0026952204740222233,0.08059543675112213,4.561907887458801,4.481312450707679
23247634083,0,-0.003948636077710341,0.0,3.2361788749694824,4.479458957292249
23272634083,0,-0.004173425192394538,0.0,3.626933455467224,4.475474487059821
23297634083,0,-0.005125098216749648,0.2571027139491342,4.7167274951934814,4.459624781244347
23322634084,0,-0.005327803053117471,0.0,4.1265342235565186,4.424393199380547
23347634084,0,-0.005904650474020437,1.150053217377483,5.535678148269653,4.38562493089217
23372634084,0,-0.004921634470474046,0.3257331809279753,4.668678402900696,4.3429452219727205
23397634085,0,-0.0033028037461902463,0.29748382721399746,4.596287727355957,4.29880390014196
23422634085,0,-0.003314794522733158,1.1777453444067243,5.436372399330139,4.258627054923415
23447634086,0,-0.0033443920091365464,0.880561766059361,5.102028965950012,4.221467199890651
23472634086,0,-0.00175060531180946,1.5614418367223077,5.750360012054443,4.188918175332136
23497634086,0,-0.001745900070381229,1.7103656302627845,5.874205112457275,4.163839482194491
23522634087,0,-0.0020044606759616005,1.9699003248339508,6.1188132762908936,4.148912951456943
23547634087,0,-0.0023099978048335044,2.163825169072444,6.310476064682007,4.146650895609563
23572634087,0,-0.002579486713085896,2.2572900892064673,6.41452431678772,4.157234227581252
23597634088,0,-0.0015916136861297185,2.248145182950939,6.426682949066162,4.178537766115223
23622634088,0,-0.0016201486986622163,2.2386809707325526,6.4474146366119385,4.208733665879386
23647634088,0,-0.0011850656485324041,2.1101083791045605,6.356474876403809,4.246366497299248
23672634089,0,-0.001096652644276128,1.9729062197285474,6.263068199157715,4.290161979429167
23697634089,0,0.00022081495562855375,2.1610276773689767,6.500089645385742,4.3390619680167655
23722634090,0,0.00041744851273414307,2.035505953549615,6.427701473236084,4.392195519686469
23747634090,0,0.0012464058050013574,2.1716694370925795,6.620520830154419,4.448851393061839
23772634090,0,0.0011980632438758226,1.9934999419367125,6.5019543170928955,4.508454375156183
23797634091,0,0.0021873023086660024,1.8045638532836223,6.375072240829468,4.570508387545845
23822634091,0,0.0028152243663625083,1.7855072015829823,6.420129776000977,4.634622574417994
23847634091,0,0.0024137610251473143,1.585115288252445,6.285553693771362,4.700438405518917
23872634092,0,0.0030850168385780116,1.5294748097710338,6.297157287597656,4.7676824778266225
23897634092,0,0.004386547330419331,1.3558600332188506,6.191988229751587,4.836128196532736
23922634093,0,0.00568329668984164,1.0368461317809716,5.942386865615845,4.905540733834873
23947634093,0,0.006968358836684151,0.9474882205859512,5.9232176542282104,4.975729433642259
23972634093,0,0.006791153373217709,0.879406008193885,5.925531506538391,5.046125498344506
23997634094,0,0.006340588560969201,0.7194468530071969,5.834362864494324,5.114916011487127
24022634094,0,0.006911516484591488,0.824224830650035,6.006011724472046,5.181786893822011
24047634094,0,0.005823239676836124,0.8209774091824764,6.066627502441406,5.24565009325893
24072634095,0,0.006102366740917312,0.7453587991318873,6.051068544387817,5.30570974525593
24097634095,0,0.005395290379839436,0.6490502301478527,6.012632131576538,5.363581901428685
24122634096,0,0.004732079011431198,0.6475214205765374,6.066599607467651,5.419078186891114
24147634096,0,0.0028942268877623226,0.5640866607264998,6.035655498504639,5.471568837778139
24172634096,0,0.0033542780738580703,0.4328565049897408,5.953383207321167,5.520526702331426
24197634097,0,0.0032578965155701124,0.25949575202369246,5.825502276420593,5.566006524396901
24222634097,0,0.0020197350010283566,0.19420667624796106,5.801188230514526,5.606981554266565
24247634097,0,0.002186846962721335,0.17516304041180142,5.81731903553009,5.642155995118289
24272634098,0,0.0014951005817805995,0.15498080257045022,5.825467228889465,5.670486426319015
24297634098,0,0.002029752611811042,0.30694557240902043,5.999176740646362,5.692231168237342
24322634099,0,0.0019265408643530716,0.23413256258088921,5.942111849784851,5.707979287203962
24347634099,0,0.0017102515406360011,0.12526145035580072,5.844068884849548,5.718807434493748
24372634099,0,0.0018935282833646763,0.027659678790396214,5.754310727119446,5.72665104832905
24397634100,0,0.003049499854893946,0.052045058838023905,5.777333736419678,5.725288677581654
24422634100,0,0.003156506151890812,0.0,5.594298362731934,5.724029740736518
24447634100,0,0.003405125037679276,0.0,5.512743830680847,5.722824334527383
24472634101,0,0.0021317501034165656,0.0,5.692951440811157,5.721695715905708
24497634101,0,-0.0003451041626023916,0.0,5.534330248832703,5.7205694347856255
24522634102,0,-0.0007396614236567947,0.0,5.436894536018372,5.719433752596217
24547634102,0,-0.0002803691474688263,0.0,5.4454110860824585,5.718176786537941
24572634102,0,-0.0009048761105803255,0.0,5.226998805999756,5.704220569370451
24597634103,0,-0.0003765230327844503,0.0,5.1999582052230835,5.664062872349442
24622634103,0,0.0018549756600494936,0.0,5.114440441131592,5.5973768115602045
24647634103,0,0.0022072616392405956,0.0,5.249123454093933,5.504230392411909
24672634104,0,0.0016474896912626617,0.0,5.16445004940033,5.384806827308376
24697634104,0,0.0026391572677577353,0.0,4.907649636268616,5.27520069990151
24722634105,0,0.001747969363052627,0.0,4.5155253410339355,5.213120579261445
24747634105,0,0.0021169513602148715,0.0,4.544466733932495,5.159520227402156
24772634105,0,0.0012395756158313446,0.0,4.306806921958923,5.080600658672528
24797634106,0,0.0001058401046000058,0.0,3.98359751701355,4.944388645935867
24822634106,0,0.0011142795900569995,0.0,4.152056694030762,4.808333424343731
24847634106,0,0.0019877090029200746,0.0,4.2676016092300415,4.645765842435938
24872634107,0,0.002345079678493297,0.0,4.224073648452759,4.470256818096231
24897634107,0,0.0014928238520572617,0.0,3.9190728664398193,4.4458016879742885
24922634107,0,0.0007747432973165878,0.0,3.5440213680267334,4.424306103064114
24947634108,0,0.0011762066385317819,0.0,4.200097918510437,4.373235027159401
24972634108,0,0.0003125671634790584,0.0,3.9898223876953125,4.298680276691464
24997634109,0,-0.00020273266390301469,0.0,4.02630615234375,4.2203818574944565
25022634109,0,-0.002011214974140835,0.266303516331055,4.397302508354187,4.130998992023132
25047634109,0,-0.0027788523458594904,0.0,3.990870237350464,4.038286913264549
25072634110,0,-0.0012913889266122692,0.44186465669413266,4.406977415084839,3.965112758390706
25097634110,0,-0.00015135446314636322,0.8107668676653357,4.726465344429016,3.9156984767636804
25122634110,0,0.0011673273926107652,0.5076064980312145,4.395453929901123,3.8878474318699086
25147634111,0,0.00154723769244503,0.7189611362290886,4.585072159767151,3.8661110235380622
25172634111,0,0.0022026322888031424,0.9552726700250163,4.803191542625427,3.847918872600411
25197634112,0,0.0013638091677347986,1.2118161297010457,5.044889688491821,3.8330735587907756
25222634112,0,0.0003976409641411061,1.4578733003804074,5.281473398208618,3.8236000978282108
25247634112,0,0.0005036606782578596,1.505421861240949,5.326642870903015,3.8212210096620662
25272634113,0,0.00038420825877341435,1.4918111889692662,5.319224238395691,3.8274130494264247
25297634113,0,-0.0002478119124250988,1.5874161357910976,5.430093169212341,3.8426770334212437
25322634113,0,0.0009918674219322153,1.6273187863446719,5.492998123168945,3.8656793368242734
25347634114,0,0.0004407470469029644,1.6237847307530586,5.519284129142761,3.8954993983897026
25372634114,0,0.0008951064086903681,1.591728807996549,5.523593902587891,3.9318650945913416
25397634115,0,0.0009091462419842833,1.43431653904464,5.408278942108154,3.9739624030635143
25422634115,0,0.0012311517158549955,1.8359749989982657,5.856727480888367,4.020752481890101
25447634115,0,0.0008162556692721098,1.4746610766484958,5.545331954956055,4.070670878307559
25472634116,0,-0.00012722112807898484,1.383554721565984,5.50641131401062,4.122856592444636
25497634116,0,0.00038762335335842073,1.558570610611783,5.736114978790283,4.1775443681785
25522634116,0,-0.00025957501599567636,1.164464655861682,5.397944927215576,4.233480271353894
25547634117,0,-0.0004310886551537744,1.2276513206564683,5.518467307090759,4.290815986434291
25572634117,0,-0.0004678198946902874,0.8784367251824907,5.227596044540405,4.3491593193579146
25597634118,0,-0.0014437021451035536,0.7018887269867369,5.108254909515381,4.406366182528644
25622634118,0,-0.0006750022995140075,1.0861571730600037,5.548186898231506,4.462029725171503
25647634118,0,-0.0011212413252881738,0.7344844589583035,5.24757707118988,4.513092612231577
25672634119,0,-0.0013168124085228723,1.0379944381648691,5.597753405570984,4.559758967406115
25697634119,0,-0.0007995394153805733,1.0847759959664947,5.688522219657898,4.603746223691403
25722634119,0,1.932437511317762e-05,1.0342572414386524,5.679072618484497,4.644815377045845
25747634120,0,0.00042185019019926246,1.1274293086136762,5.813468098640442,4.686038790026766
25772634120,0,0.001135529067474817,1.0697953564609808,5.798065423965454,4.728270067504473
25797634121,0,0.000645576831012569,0.8986812669687527,5.670236349105835,4.771555082137082
25822634121,0,-0.00022519639717327887,0.8422278992663816,5.6584614515304565,4.816233552264075
25847634121,0,-0.001585618297858263,0.713392762533454,5.574373126029968,4.860980363496514
25872634122,0,-0.0010338907949027885,0.9273582678633403,5.831868410110474,4.904510142247133
25897634122,0,-0.0010290337714930018,1.2852446024463102,6.231466054916382,4.946221452470072
25922634122,0,-0.001353771321031719,1.1743228231500353,6.1606285572052,4.986305734055165
25947634123,0,-0.0017451411604734496,1.3856340854437192,6.413017988204956,5.027383902761237
25972634123,0,-0.0016438266877849272,1.1958878247098284,6.267751693725586,5.071863869015758
25997634124,0,-0.0007444425560758037,1.3724503322368555,6.491739749908447,5.119289417671592
26022634124,0,3.283297147164729e-05,1.4670935287967506,6.637015342712402,5.169921813915652
26047634124,0,-0.0007309339597173342,1.1389919150277406,6.361866474151611,5.222874559123871
26072634125,0,-0.0014463583297807808,1.1569458748355466,6.435416221618652,5.278470346783106
26097634125,0,-0.00020288444588457055,1.2706053908360317,6.6065239906311035,5.335918599795072
26122634125,0,-0.00013511379111988845,1.0331609278727125,6.427462577819824,5.394301649947112
26147634126,0,0.0010887043261648408,1.165233144740939,6.619422912597656,5.454189767856717
26172634126,0,0.0015325148402341136,0.7987158980026994,6.31381630897522,5.51510041097252
26197634126,0,0.0012845030823718728,0.5786754896583695,6.154592514038086,5.5759170243797165
26222634127,0,-0.0011345222486743099,0.4632401679379967,6.100572109222412,5.637331941284415
26247634127,0,-0.003268501018358627,0.0,5.557373642921448,5.695211457907906
26272634128,0,-0.0050287166584616905,0.0,5.4055012464523315,5.74775425523904
26297634128,0,-0.0042855161857735255,0.0,5.333456754684448,5.793981601107855
26322634128,0,-0.00529137537754407,0.0,4.7507911920547485,5.8254419446286985
26347634129,0,-0.006650203567422718,0.0,4.873164653778076,5.8272260825524205
26372634129,0,-0.0035871672886351107,0.0,4.5066128969192505,5.8003400760601025
26397634129,0,-0.0012956388220958328,0.0,4.153287291526794,5.746995876258099
26422634130,0,-0.00037811674359078656,0.0,4.239692330360413,5.668817426576418
26447634130,0,-0.0014528090639969041,0.0,3.78044056892395,5.566748865916194
26472634131,0,-6.93163021154323e-05,0.0,3.6230978965759277,5.392235768110636
26497634131,0,0.0001959227106533962,0.0,3.537659168243408,5.215080126807965
26522634131,0,-0.0004313163281261081,0.0,3.4829142093658447,5.039144022752197
26547634132,0,-0.0016918656849473502,0.0,3.687096118927002,4.8595350472555765
26572634132,0,-0.0012397071618925062,0.0,3.123120903968811,4.683845128900438
26597634132,0,-0.001465027513512149,0.0,3.1774574518203735,4.508174859699943
26622634133,0,-0.0007619733749455032,0.0,3.5837888717651367,4.332567198291261
26647634133,0,-0.0011062908001049237,0.0,3.6191107034683228,4.157009350072052
26672634134,0,0.0005652082717787523,0.0,3.81894850730896,3.9815113289271045
26697634134,0,0.0010503793758219913,0.21427334563012757,4.020336270332336,3.806062924702209
26722634134,0,0.0004451487243680837,0.3576553625930323,4.012575387954712,3.6549200253616796
26747634135,0,0.0024013907936505136,1.3032122280754406,4.8516165018081665,3.548404273732726
26772634135,0,0.0016672972398556985,1.195039352290293,4.681157112121582,3.486117759831289
26797634135,0,0.0019671425444192582,1.3302645132593827,4.797941207885742,3.4676766946263595
26822634136,0,0.0017096444127097778,1.3238846277289298,4.79035484790802,3.4664702201790902
26847634136,0,0.0012590796004612699,1.432435318852681,4.897705078125,3.465269759272319
26872634137,0,0.0018664351996569592,1.7154732427214534,5.179551959037781,3.4640787163163274
26897634137,0,0.0011888045430009165,1.9246302758883314,5.387522578239441,3.4628923023511096
26922634137,0,0.00123646408520945,2.044626107609188,5.506328701972961,3.4617025943637736
26947634138,0,0.001196621315051042,2.0493405628771377,5.509860992431641,3.460520429554503
26972634138,0,0.0002341717700054676,2.1019594926412153,5.506969213485718,3.4050097208445025
26997634138,0,-0.0005443939043852081,2.269334107006533,5.626148700714111,3.356814593707578
27022634139,0,-0.0009546606005306407,2.403094077671394,5.733023643493652,3.3299295658222583
27047634139,0,-0.0014511394621997897,2.3346452909356925,5.656246304512024,3.3216010135763314
27072634140,0,-0.0008939478079083051,2.5386112550901765,5.867573261260986,3.32896200617081
27097634140,0,-0.0010763897497384235,2.494282522536198,5.843263864517212,3.348981341981014
27122634140,0,-0.0002959268005782998,2.7034203107502353,6.082669973373413,3.379249662623178
27147634141,0,-0.00034032303018338266,2.915352737546341,6.333219051361084,3.417866313814743
27172634141,0,-0.00027513266910514985,2.8123636211640783,6.275712490081787,3.4633488689177088
27197634141,0,-0.0010140832463097517,2.674941534191142,6.189454078674316,3.5145125444831744
27222634142,0,-0.0009727985473265634,2.770408156442667,6.340818643569946,3.5704104871272793
27247634142,0,-0.0010154492841437542,2.7952983195011063,6.425567865371704,3.630269545870598
27272634143,0,-0.0011196476144818375,2.760112319679639,6.453590154647827,3.693477834968188
27297634143,0,-0.0012306761339899337,2.899310293302705,6.65882420539856,3.7595139120958545
27322634143,0,-0.0006435834293319488,2.9257991748197796,6.753695011138916,3.8278958363191364
27347634144,0,-0.0007914949703581137,2.9721238388130806,6.870317459106445,3.8981936202933647
27372634144,0,-0.0006838056544442462,2.9991279697901216,6.969182968139648,3.970054998349527
27397634144,0,-0.00027490499613281607,2.9925714806755304,7.03575325012207,4.04318176944654
27422634145,0,0.0006492954895606871,3.040098669707117,7.157428979873657,4.11733031016654
27447634145,0,6.189922093959043e-05,2.9229263461016552,7.115222454071045,4.19229610796939
27472634145,0,5.81577875470796e-06,2.8685637783814855,7.136464834213257,4.267901055831771
27497634146,0,0.0003485394931077922,2.8713907614080965,7.215403318405151,4.344012556997055
27522634146,0,0.0009401856572124523,2.8400946700322294,7.260596036911011,4.420501366878781
27547634147,0,0.0011374263422442648,2.7172693249658844,7.214532852172852,4.497263527206967
27572634147,0,0.0011739299088084443,2.5814319851018572,7.155637979507446,4.574205994405589
27597634147,0,0.001326622582253618,2.5365132498179914,7.187774419784546,4.6512611699665545
27622634148,0,0.001404107283837874,2.505749684474103,7.234112977981567,4.728363293507464
27647634148,0,0.0007516724361201003,2.444485512961622,7.2499401569366455,4.805454643975024
27672634148,0,0.0006736564976003992,2.286914541111826,7.169403791427612,4.882489250315786
27697634149,0,0.00014887029637108615,2.1310154460816664,7.090444564819336,4.95942911873767
27722634149,0,-7.971336785200726e-05,1.951391337372944,6.987626552581787,5.036235215208843
27747634150,0,-0.0006624043950448728,1.8738561473191657,6.986962795257568,5.113106647938403
27772634150,0,-0.0010615151155459514,1.5095095772638834,6.699103116989136,5.189593539725252
27797634150,0,-0.0012666484636186675,1.2771774499128856,6.543057203292847,5.265879753379961
27822634151,0,-0.0005318718909068514,1.4887566612821832,6.830697298049927,5.3419406367677436
27847634151,0,0.000151830045011425,1.4655991840259484,6.8833558559417725,5.417756671915824
27872634151,0,0.0003997659118828879,1.366953063019765,6.860269546508789,5.493316483489024
27897634152,0,0.0001331608612800568,1.4531702155787025,7.021767854690552,5.568597639111849
27922634152,0,-0.0003496576220490668,1.1145021594951485,6.7580931186676025,5.643590959172454
27947634153,0,-0.0012316627168700467,0.9028727546110504,6.621162414550781,5.718289659939731
27972634153,0,-0.0011508388116915624,0.39169630505325514,6.184375762939453,5.792679457886198
27997634153,0,-0.0009356878528361608,0.6051380144516392,6.471884250640869,5.86674623618923
28022634154,0,-0.0014890090665979716,0.5682538904308281,6.5080955028533936,5.9398416124225655
28047634154,0,-0.00042076748040797724,0.34167518263458163,6.351813554763794,6.010138372129212
28072634154,0,0.0006573399345831465,0.10204278075643103,6.1816699504852295,6.0796271697287985
28097634155,0,0.0005229369899154511,0.13370870913278132,6.281009674072266,6.147300964939484
28122634155,0,0.001026170149763835,0.0,5.966868996620178,6.2105612067933205
28147634156,0,-0.0009218756925145794,0.0,6.192573308944702,6.267789351250932
28172634156,0,-0.001860799030418999,0.0,6.157299757003784,6.319166125874872
28197634156,0,-0.0018211839332329248,0.0,6.313668251037598,6.363620396007677
28222634157,0,-0.0009139830294736758,0.0,6.218346118927002,6.401507293344895
28247634157,0,-0.0010770727686554248,0.0,6.12593936920166,6.433041849848591
28272634157,0,0.0003565839381302517,0.0,6.11922025680542,6.458424560755668
28297634158,0,0.00045827786577266373,0.0,6.283043146133423,6.475009831010212
28322634158,0,0.0023231471821584786,0.0,6.025320768356323,6.471507151720333
28347634159,0,0.00114964479175951,0.0,6.206881999969482,6.451377903728274
28372634159,0,0.0009061106023531665,0.0,6.2094011306762695,6.428076594750964
28397634159,0,0.0010900703639988433,0.0,6.269604206085205,6.391953812354865
28422634160,0,0.002137821382678799,0.04866430789358045,6.4056901931762695,6.357025885282689
28447634160,0,0.0033037346739999756,0.0,6.2943055629730225,6.320457244755063
28472634160,0,0.006178105949713675,0.0732130786845655,6.3889617919921875,6.315748713307622
28497634161,0,0.007786160153307011,0.02890460291583885,6.3409130573272705,6.312008454411432
28522634161,0,0.008375150132734443,0.0,6.269176483154297,6.30860480695662
28547634162,0,0.008080010069599115,0.003960844701237143,6.3094482421875,6.305487397486263
28572634162,0,0.007740549667849481,0.0,5.982076406478882,6.3026044613376655
28597634162,0,0.007053887983290865,0.0,5.903058886528015,6.299918765448894
28622634163,0,0.006224930691023652,0.0,5.906949520111084,6.28480291061367
28647634163,0,0.005009536473715271,0.0,5.436735391616821,6.243903371689773
28672634163,0,0.00476994861582938,0.0,5.367505431175232,6.177209972508675
28697634164,0,0.005136805665249842,0.0,5.683613061904907,6.084697474252614
28722634164,0,0.00544803461843009,0.0,5.545098781585693,5.966277138373094
28747634164,0,0.002926252885870604,0.0,5.36067795753479,5.821871452196965
28772634165,0,0.0008183047260231136,0.0,4.577921390533447,5.651411515637287
28797634165,0,0.0011088154387209894,0.0,4.621756196022034,5.4755060750756295
28822634166,0,-0.00010452972183638693,0.0,4.458733320236206,5.299597165646402
28847634166,0,-0.0018631516511331144,0.0,3.5495764017105103,5.123722188565845
28872634166,0,-0.004279596688492848,0.0,3.5193257331848145,4.9478827117800845
28897634167,0,-0.004833297357208548,0.0,3.1377872228622437,4.772725428193637
28922634167,0,-0.005549784201142886,0.0,2.358636975288391,4.596973665991853
28947634167,0,-0.003338244838883535,0.0,2.9474329948425293,4.421298032273339
28972634168,0,-0.0033085714614893686,0.0,2.492106020450592,4.302880093776623
28997634168,0,-0.004911540968700583,0.0,2.465118169784546,4.287133215339123
29022634169,0,-0.005488388389603549,0.0,2.414041757583618,4.240430084406649
29047634169,0,-0.004443597119563932,0.0,2.0930086970329285,4.169222837801341
29072634169,0,-0.005337517099937046,0.0,2.158393979072571,4.078478195220642
29097634170,0,-0.0033146427407516016,0.0,2.6697953939437866,3.9720596927355403
29122634170,0,-0.003252791583267598,0.0,2.4080048203468323,3.8529337444770224
29147634170,0,-0.001911570103249427,0.0,3.0270148515701294,3.723597890963865
29172634171,0,-0.0029190988968170856,0.0,2.755519688129425,3.585950102051178
29197634171,0,-0.0023415684569971186,0.0,3.1425572633743286,3.441611686115468
29222634172,0,-0.0018053986071511177,0.755830580334512,4.047700881958008,3.291870301623496
29247634172,0,-0.0012603495113841002,0.7272710264636411,3.8651093244552612,3.13783829799162
29272634172,0,-0.0025914774896288076,0.8678500058248297,3.8656314611434937,2.997781455318664
29297634173,0,-0.003575555967046089,2.0622343011517,4.9511436223983765,2.8889093212466763
29322634173,0,-0.0034258230422412536,1.7591110852496525,4.575421929359436,2.8163108441097835
29347634173,0,-0.005420769516820423,2.3476620120252525,5.131549000740051,2.783886988714799
29372634174,0,-0.0058132018301330435,1.9041893239970413,4.679628610610962,2.7754392866139206
29397634174,0,-0.004947892753283207,2.0114630715236306,4.791521430015564,2.7800583584919334
29422634175,0,-0.002869542079839104,2.292243742654085,5.089616775512695,2.7973730328586104
29447634175,0,-0.00259102214368414,2.5809194605903993,5.405889272689819,2.82496981209942
29472634175,0,-0.0011968287521029817,2.763723449270086,5.624464988708496,2.86074153943841
29497634176,0,0.0003895965191186467,3.1144897531112568,6.017524480819702,2.9030347277084454
29522634176,0,0.0019152331067271615,3.1086030371179434,6.059186697006226,2.950583659888282
29547634176,0,0.0011027441594587558,3.347880638145798,6.350244998931885,3.002364360786087
29572634177,0,0.0001377902117175099,3.3254758000959677,6.383048057556152,3.0575722574601847
29597634177,0,0.0006349520923036602,3.1932602470539506,6.308854579925537,3.1155943328715865
29622634178,0,0.0004906833188348353,3.3817336228783503,6.5576276779174805,3.17589405503913
29647634178,0,0.0012707668130410694,3.41996451790486,6.658031702041626,3.238067184136766
