ts,agent_id,cvip,cvip_x,cvip_y,cvip_z
2164314303,0,500.4911885387494,198.76744079589844,-95.83265686035156,-499.8193664550781
2189314303,0,5.595579574090421,195.56744384765625,-90.83265686035156,0.09999999403953552
2214314304,0,5.592365059106882,195.56744384765625,-90.83265686035156,0.09540698677301407
2239314304,0,5.589577830706274,195.56744384765625,-90.83265686035156,0.08469131588935852
2264314305,0,5.587154487252182,195.56744384765625,-90.83265686035156,0.0693112164735794
2289314305,0,5.58490284657624,195.56744384765625,-90.83265686035156,0.05613723769783974
2314314305,0,5.583078219951395,195.56744384765625,-90.83265686035156,0.04550548270344734
2339314306,0,5.582027767701456,195.56744384765625,-90.83265686035156,0.03692970052361488
2364314306,0,5.581839537785531,195.56744384765625,-90.83265686035156,0.030015792697668076
2389314306,0,5.581937002716514,195.56744384765625,-90.83265686035156,0.024444427341222763
2414314307,0,5.582054312131681,195.56744384765625,-90.83265686035156,0.01995697058737278
2439314307,0,5.582115992201545,195.56744384765625,-90.83265686035156,0.01634414680302143
2464314308,0,5.582104629980321,195.56744384765625,-90.83265686035156,0.013436851091682911
2489314308,0,5.582061392693935,195.56744384765625,-90.83265686035156,0.011098288930952549
2514314308,0,5.58203731373542,195.56744384765625,-90.83265686035156,0.009217948652803898
2539314309,0,5.581991710267062,195.56744384765625,-90.83265686035156,0.007706718053668737
2564314309,0,5.581948395724954,195.56744384765625,-90.83265686035156,0.00649261474609375
2589314309,0,5.581915910632607,195.56744384765625,-90.83265686035156,0.0055175782181322575
2614314310,0,5.581894103986878,195.56744384765625,-90.83265686035156,0.004734840244054794
2639314310,0,5.581857788633585,195.56744384765625,-90.83265686035156,0.004106712061911821
2664314310,0,5.581852601613148,195.56744384765625,-90.83265686035156,0.003602867014706135
2689314311,0,5.581852851864529,195.56744384765625,-90.83265686035156,0.003198814345523715
2714314311,0,5.581844342228537,195.56744384765625,-90.83265686035156,0.002874908270314336
2739314312,0,5.581850665159098,195.56744384765625,-90.83265686035156,0.0026153563521802425
2764314312,0,5.581858257548936,195.56744384765625,-90.83265686035156,0.00240745535120368
2789314312,0,5.5818513325650745,195.56744384765625,-90.83265686035156,0.0022409819066524506
2814314313,0,5.5818593685408135,195.56744384765625,-90.83265686035156,0.0021076963748782873
2839314313,0,5.581867010774956,195.56744384765625,-90.83265686035156,0.0020010375883430243
2864314313,0,5.581874055145872,195.56744384765625,-90.83265686035156,0.0019157028291374445
2889314314,0,5.581874153846434,195.56744384765625,-90.83265686035156,0.0018474578391760588
2914314314,0,5.581879768039407,195.56744384765625,-90.83265686035156,0.00179290771484375
2939314315,0,5.58188466719281,195.56744384765625,-90.83265686035156,0.0017492675688117743
2964314315,0,5.581888894137341,195.56744384765625,-90.83265686035156,0.0017144393641501665
2989314315,0,5.581892508051992,195.56744384765625,-90.83265686035156,0.0016865539364516735
3014314316,0,5.581895574108779,195.56744384765625,-90.83265686035156,0.0016643141862004995
3039314316,0,5.581898159364009,195.56744384765625,-90.83265686035156,0.0016465758671984076
3064314316,0,5.581900327548116,195.56744384765625,-90.83265686035156,0.001632423372939229
3089314317,0,5.58190213779374,195.56744384765625,-90.83265686035156,0.0016210937174037099
3114314317,0,5.581903642873353,195.56744384765625,-90.83265686035156,0.0016120909713208675
3139314318,0,5.581904890803503,195.56744384765625,-90.83265686035156,0.0016048812540248036
3164314318,0,5.581905921432526,195.56744384765625,-90.83265686035156,0.0015991592081263661
3189314318,0,5.581906771328464,195.56744384765625,-90.83265686035156,0.0015946197090670466
3214314319,0,5.581907470316533,195.56744384765625,-90.83265686035156,0.0015909957000985742
3239314319,0,5.581908044037622,195.56744384765625,-90.83265686035156,0.001588096609339118
3264314319,0,5.581908514439032,195.56744384765625,-90.83265686035156,0.0015857695834711194
3289314320,0,5.581908899371498,195.56744384765625,-90.83265686035156,0.0015839386032894254
3314314320,0,5.581909213320883,195.56744384765625,-90.83265686035156,0.0015824889997020364
3339314321,0,5.581903223963587,195.56744384765625,-90.83265686035156,0.0015813064528629184
3364314321,0,5.581903252948857,195.56744384765625,-90.83265686035156,0.0015813064528629184
3389314321,0,5.5819033288176,195.56744384765625,-90.83265686035156,0.0015813064528629184
3414314322,0,5.581903418670491,195.56744384765625,-90.83265686035156,0.0015813064528629184
3439314322,0,5.581903512915525,195.56744384765625,-90.83265686035156,0.0015813064528629184
3464314322,0,5.581903606356219,195.56744384765625,-90.83265686035156,0.0015813064528629184
3489314323,0,5.581903695022975,195.56744384765625,-90.83265686035156,0.0015813064528629184
3514314323,0,5.581903776753006,195.56744384765625,-90.83265686035156,0.0015813064528629184
3539314324,0,5.581903850640155,195.56744384765625,-90.83265686035156,0.0015813064528629184
3564314324,0,5.581903916909861,195.56744384765625,-90.83265686035156,0.0015813064528629184
3589314324,0,5.581903975318798,195.56744384765625,-90.83265686035156,0.0015813064528629184
3614314325,0,5.581904026094546,195.56744384765625,-90.83265686035156,0.0015813064528629184
3639314325,0,5.5819040698721105,195.56744384765625,-90.83265686035156,0.0015813064528629184
3664314325,0,5.581904107523169,195.56744384765625,-90.83265686035156,0.0015813064528629184
3689314326,0,5.581904140156045,195.56744384765625,-90.83265686035156,0.0015813064528629184
3714314326,0,5.581904167746674,195.56744384765625,-90.83265686035156,0.0015813064528629184
3739314327,0,5.581904190977342,195.56744384765625,-90.83265686035156,0.0015813064528629184
3764314327,0,5.581904210252893,195.56744384765625,-90.83265686035156,0.0015813064528629184
3789314327,0,5.581904210252893,195.56744384765625,-90.83265686035156,0.0015813064528629184
3814314328,0,5.581904219003505,195.56744384765625,-90.83265686035156,0.0015813064528629184
3839314328,0,5.581904226898667,195.56744384765625,-90.83265686035156,0.0015813064528629184
3864314328,0,5.581904235222118,195.56744384765625,-90.83265686035156,0.0015813064528629184
3889314329,0,5.581904243545945,195.56744384765625,-90.83265686035156,0.0015813064528629184
3914314329,0,5.58190425144216,195.56744384765625,-90.83265686035156,0.0015813064528629184
3939314329,0,5.581904258439901,195.56744384765625,-90.83265686035156,0.0015813064528629184
3964314330,0,5.581904265031289,195.56744384765625,-90.83265686035156,0.0015813064528629184
3989314330,0,5.581904270938058,195.56744384765625,-90.83265686035156,0.0015813064528629184
4014314331,0,5.581904270938058,195.56744384765625,-90.83265686035156,0.0015813064528629184
4039314331,0,5.581904280804496,195.56744384765625,-90.83265686035156,0.0015813064528629184
4064314331,0,5.581904280804496,195.56744384765625,-90.83265686035156,0.0015813064528629184
4089314332,0,5.58190428825283,195.56744384765625,-90.83265686035156,0.0015813064528629184
4114314332,0,5.58190428825283,195.56744384765625,-90.83265686035156,0.0015813064528629184
4139314332,0,5.58190428825283,195.56744384765625,-90.83265686035156,0.0015813064528629184
4164314333,0,5.581904295487419,195.56744384765625,-90.83265686035156,0.0015813064528629184
4189314333,0,5.581904295487419,195.56744384765625,-90.83265686035156,0.0015813064528629184
4214314334,0,5.581904295487419,195.56744384765625,-90.83265686035156,0.0015813064528629184
4239314334,0,5.581904295487419,195.56744384765625,-90.83265686035156,0.0015813064528629184
4264314334,0,5.581904295487419,195.56744384765625,-90.83265686035156,0.0015813064528629184
4289314335,0,5.581904295487419,195.56744384765625,-90.83265686035156,0.0015813064528629184
4314314335,0,5.581904295487419,195.56744384765625,-90.83265686035156,0.0015813064528629184
4339314335,0,5.581904295487419,195.56744384765625,-90.83265686035156,0.0015813064528629184
4364314336,0,5.581904301395165,195.56744384765625,-90.83265686035156,0.0015813064528629184
4389314336,0,5.581904301395165,195.56744384765625,-90.83265686035156,0.0015813064528629184
4414314337,0,5.581904301395165,195.56744384765625,-90.83265686035156,0.0015813064528629184
4439314337,0,5.581904301395165,195.56744384765625,-90.83265686035156,0.0015813064528629184
4464314337,0,5.581904301395165,195.56744384765625,-90.83265686035156,0.0015813064528629184
4489314338,0,5.581904301395165,195.56744384765625,-90.83265686035156,0.0015813064528629184
4514314338,0,5.581916803622781,195.56744384765625,-90.83265686035156,0.0015813064528629184
4539314338,0,5.5868792269746805,195.56744384765625,-90.83263397216797,0.0015820693224668503
4564314339,0,5.5922500499062195,195.56768798828125,-90.82512664794922,0.0015269850846379995
4589314339,0,5.596150658847195,195.5682830810547,-90.8080062866211,0.0014392470475286245
4614314340,0,5.598643338251461,195.5691680908203,-90.78170776367188,0.0013419341994449496
4639314340,0,5.600022497235748,195.5703887939453,-90.74675750732422,0.0012477874988690019
4664314340,0,5.6003609886673535,195.57174682617188,-90.70368957519531,0.0011639404110610485
4689314341,0,5.600029224138025,195.5734405517578,-90.65308380126953,0.0010935973841696978
4714314341,0,5.599335433448545,195.5754852294922,-90.59553527832031,0.0010380554012954235
4739314341,0,5.598250183413901,195.5774383544922,-90.53160858154297,0.0009969329694285989
4764314342,0,5.59722480984961,195.5795440673828,-90.4619140625,0.0009692382882349193
4789314342,0,5.59651927849342,195.58184814453125,-90.38697052001953,0.0009537124424241483
4814314343,0,5.596141724244087,195.5840606689453,-90.30724334716797,0.0009484481415711343
4839314343,0,5.5963090142851915,195.58621215820312,-90.22319030761719,0.0009517669677734375
4864314343,0,5.597245795067276,195.5884552001953,-90.13521575927734,0.0009619140182621777
4889314344,0,5.599040349348678,195.5907440185547,-90.04367065429688,0.0009776306105777621
4914314344,0,5.60181619314923,195.59312438964844,-89.9488754272461,0.0009974288986995816
4939314344,0,5.605625863190284,195.5955810546875,-89.85108947753906,0.0010200118413195014
4964314345,0,5.610524510089342,195.59808349609375,-89.7505874633789,0.0010445022489875555
4989314345,0,5.616557800413276,195.6006622314453,-89.64754486083984,0.001069946214556694
5014314346,0,5.623740347519565,195.60330200195312,-89.54216766357422,0.0010958098573610187
5039314346,0,5.632082161723486,195.60598754882812,-89.43457794189453,0.0011212157551199198
5064314346,0,5.641548535443463,195.6087188720703,-89.32492065429688,0.0011459350353106856
5089314347,0,5.652157456810508,195.6115264892578,-89.21329498291016,0.0011697387089952826
5114314347,0,5.663870558799785,195.61436462402344,-89.09979248046875,0.0011922453995794058
5139314347,0,5.6767105316739865,195.61732482910156,-88.9844970703125,0.0012133788550272584
5164314348,0,5.690592950153936,195.6202850341797,-88.86747741699219,0.0012331389589235187
5189314348,0,5.705468080314197,195.623291015625,-88.74878692626953,0.0012513732071965933
5214314348,0,5.721314552466156,195.62632751464844,-88.62847137451172,0.0012680815998464823
5239314349,0,5.738131206041804,195.62945556640625,-88.50657653808594,0.0012835311936214566
5264314349,0,5.755822834905243,195.63259887695312,-88.3831558227539,0.0012976074358448386
5289314350,0,5.774409141508845,195.6358184814453,-88.2582015991211,0.0013103485107421875
5314314350,0,5.793831290393599,195.63905334472656,-88.13177490234375,0.0015785216819494963
5339314350,0,5.8140715144158355,195.642333984375,-88.00387573242188,0.0017381286015734076
5364314351,0,5.8350898511949305,195.6456756591797,-87.87454223632812,0.0018271636217832565
5389314351,0,5.856844478992491,195.64907836914062,-87.7437744140625,0.0018711852608248591
5414314351,0,5.879299825526132,195.65249633789062,-87.61160278320312,0.001886825542896986
5439314352,0,5.902454200391161,195.65597534179688,-87.47802734375,0.0018851852510124445
5464314352,0,5.926265626275375,195.65948486328125,-87.34307098388672,0.001874046283774078
5489314353,0,5.950738222564799,195.6630401611328,-87.20674896240234,0.0018578720046207309
5514314353,0,5.975842123728323,195.66664123535156,-87.06905364990234,0.0018395613878965378
5539314353,0,6.001572873122347,195.6702880859375,-86.93000030517578,0.0018210600828751922
5564314354,0,6.0279214438316515,195.67396545410156,-86.78961944580078,0.0018033599480986595
5589314354,0,6.054826324267214,195.6776885986328,-86.64788055419922,0.0017871856689453125
5614314354,0,6.082325781312629,195.68145751953125,-86.50481414794922,0.0017725753132253885
5639314355,0,6.1103719222748065,195.6852569580078,-86.36042785644531,0.0017597198020666838
5664314355,0,6.138929515392969,195.68910217285156,-86.21471405029297,0.0017485427670180798
5689314356,0,6.167975652020638,195.69296264648438,-86.06768035888672,0.001738967839628458
5714314356,0,6.197570270249619,195.69688415527344,-85.91934204101562,0.0017308807000517845
5739314356,0,6.227656138255568,195.7008514404297,-85.76971435546875,0.0017240523593500257
5764314357,0,6.258189354156193,195.704833984375,-85.61876678466797,0.0017182158771902323
5789314357,0,6.28921576946764,195.70887756347656,-85.4665298461914,0.0017134094377979636
5814314357,0,6.32073307033509,195.7129669189453,-85.31300354003906,0.0017094421200454235
5839314358,0,6.352687101161118,195.7170867919922,-85.15818786621094,0.001706199604086578
5864314358,0,6.38508520261774,195.72125244140625,-85.00209045410156,0.0017034148331731558
5889314359,0,6.4179151149195945,195.7254638671875,-84.84471130371094,0.00170135498046875
5914314359,0,6.451147581840891,195.72970581054688,-84.68607330322266,0.0016996001359075308
5939314359,0,6.484800394656299,195.73397827148438,-84.52616882324219,0.0016983413370326161
5964314360,0,6.518881957462418,195.73828125,-84.36500549316406,0.0016973114106804132
5989314360,0,6.553380775560039,195.74261474609375,-84.20260620117188,0.0016964721726253629
6014314360,0,6.58830267891525,195.74700927734375,-84.03895568847656,0.0016961288638412952
6039314361,0,6.6223554278934085,195.7514190673828,-83.87406158447266,0.0016958618070930243
6064314361,0,6.65533145768761,195.75587463378906,-83.70793914794922,0.0016955947503447533
6089314362,0,6.687242673506107,195.76039123535156,-83.54058074951172,0.00169567100238055
6114314362,0,6.71809428366476,195.76492309570312,-83.37201690673828,0.001695823622867465
6139314362,0,6.747896837487895,195.76950073242188,-83.2022476196289,0.001696090679615736
6164314363,0,6.776625178055999,195.7740936279297,-83.03126525878906,0.0016964339883998036
6189314363,0,6.804308520064261,195.7787322998047,-82.85910034179688,0.0016967772971838713
6214314363,0,6.83092990912668,195.78341674804688,-82.68573760986328,0.0016972350422292948
6239314364,0,6.856476910611534,195.78811645507812,-82.51119232177734,0.0016977691557258368
6264314364,0,6.880968852417539,195.7928924560547,-82.33546447753906,0.0016982269007712603
6289314365,0,6.904392461729686,195.79766845703125,-82.15858459472656,0.0016990279546007514
6314314365,0,6.9267489819643835,195.80252075195312,-81.98052215576172,0.0016995620680972934
6339314365,0,6.948045787474927,195.807373046875,-81.80132293701172,0.001700172433629632
6364314366,0,6.968312428480227,195.81228637695312,-81.6209716796875,0.001700820866972208
6389314366,0,6.9875087072829265,195.81719970703125,-81.4394760131836,0.0017015074845403433
6414314366,0,7.005677048998671,195.8221893310547,-81.2568359375,0.001702117850072682
6439314367,0,7.022784550622034,195.82717895507812,-81.07308197021484,0.0017029190203174949
6464314367,0,7.038867205526197,195.83224487304688,-80.88819885253906,0.0017034912016242743
6489314367,0,7.0539304442059025,195.8373260498047,-80.70220184326172,0.0017042160034179688
6514314368,0,7.067951256722069,195.84243774414062,-80.51509094238281,0.0017049788730219007
6539314368,0,7.081648501327006,195.8475799560547,-80.3268814086914,0.0017057800432667136
6564314369,0,7.0968827144791105,195.85276794433594,-80.1375732421875,0.0017065047286450863
6589314369,0,7.113542020505867,195.8579864501953,-79.94717407226562,0.0017071914626285434
6614314369,0,7.131547450746434,195.8632354736328,-79.75569915771484,0.0017079162644222379
6639314370,0,7.1507781310678125,195.86851501464844,-79.56314849853516,0.0017086410662159324
6664314370,0,7.171197602274358,195.8738250732422,-79.36952209472656,0.0017093276837840676
6689314370,0,7.192749040358416,195.87918090820312,-79.1748275756836,0.0017100524855777621
6714314371,0,7.215357327751145,195.88455200195312,-78.97907257080078,0.0017108917236328125
6739314371,0,7.238976935317349,195.88995361328125,-78.78227233886719,0.0017115783412009478
6764314372,0,7.2635502299643395,195.8953857421875,-78.58441925048828,0.001712264958769083
6789314372,0,7.289043065345284,195.9008331298828,-78.38552856445312,0.0017130279447883368
6814314372,0,7.315397176189997,195.9063262939453,-78.18560028076172,0.0017136383103206754
6839314373,0,7.342558743643928,195.91183471679688,-77.98464965820312,0.0017143249278888106
6864314373,0,7.370455374449421,195.91737365722656,-77.78267669677734,0.0017150877974927425
6889314373,0,7.398993085472879,195.92294311523438,-77.5796890258789,0.001715812599286437
6914314374,0,7.428092658872621,195.92852783203125,-77.37569427490234,0.0017165374010801315
6939314374,0,7.457653258657513,195.9341583251953,-77.17069244384766,0.0017172241350635886
6964314375,0,7.487532116250169,195.9397735595703,-76.96469116210938,0.001717796316370368
6989314375,0,7.517643790388526,195.94544982910156,-76.7576904296875,0.0017185211181640625
7014314375,0,7.5478448849547695,195.95114135742188,-76.54971313476562,0.0017192839877679944
7039314376,0,7.578034633216765,195.95684814453125,-76.34075164794922,0.0017198561690747738
7064314376,0,7.608055817794678,195.96255493164062,-76.13082122802734,0.0017206573393195868
7089314376,0,7.637758763542549,195.96832275390625,-75.91990661621094,0.0017212677048519254
7114314377,0,7.666978324552092,195.97406005859375,-75.70803833007812,0.0017219161381945014
7139314377,0,7.69561926342729,195.9798583984375,-75.4952163696289,0.0017226027557626367
7164314378,0,7.723516767983288,195.9856414794922,-75.28142547607422,0.001723060617223382
7189314378,0,7.750629600125952,195.99143981933594,-75.06670379638672,0.0017238616710528731
7214314378,0,7.776902510083842,195.99728393554688,-74.85103607177734,0.0017244720365852118
7239314379,0,7.802169768196484,196.0030975341797,-74.63442993164062,0.001725158654153347
7264314379,0,7.8263344873071,196.00894165039062,-74.41688537597656,0.0017258452717214823
7289314379,0,7.849333863390922,196.01478576660156,-74.19843292236328,0.001726455637253821
7314314380,0,7.871125496412101,196.02066040039062,-73.97904968261719,0.0017270278185606003
7339314380,0,7.891639552680529,196.0265350341797,-73.75875091552734,0.0017276763683184981
7364314381,0,7.910853966254009,196.0324249267578,-73.53755187988281,0.0017282103653997183
7389314381,0,7.928658324293382,196.03829956054688,-73.31544494628906,0.0017289351671934128
7414314381,0,7.9450377483011625,196.044189453125,-73.09243774414062,0.0017295455327257514
7439314382,0,7.960011138044215,196.05007934570312,-72.8685302734375,0.0017301940824836493
7464314382,0,7.973563750345304,196.0559539794922,-72.64374542236328,0.0017308425158262253
7489314382,0,7.9856605147222846,196.0618438720703,-72.4180679321289,0.001731452881358564
7514314383,0,7.9963279426290095,196.06773376464844,-72.19152069091797,0.0017320250626653433
7539314383,0,8.00549767140797,196.07362365722656,-71.96409606933594,0.0017325591761618853
7564314384,0,8.013196632998454,196.0795135498047,-71.73580169677734,0.0017331695416942239
7589314384,0,8.01941151090792,196.0854034423828,-71.50664520263672,0.0017337417230010033
7614314384,0,8.024176334090168,196.09130859375,-71.2766342163086,0.0017343139043077826
7639314385,0,8.02752205472438,196.09719848632812,-71.04576873779297,0.0017349624540656805
7664314385,0,8.029517100005684,196.1031036376953,-70.81404876708984,0.0017354583833366632
7689314385,0,8.030131627048986,196.10894775390625,-70.58148956298828,0.0017360305646434426
7714314386,0,8.029400583729307,196.11480712890625,-70.34809112548828,0.001736602745950222
7739314386,0,8.027324766948489,196.1206817626953,-70.11386108398438,0.0017372131114825606
7764314386,0,8.023898602388593,196.1265411376953,-69.8788070678711,0.0017377090407535434
7789314387,0,8.019096066896587,196.13235473632812,-69.6429214477539,0.0017383956583216786
7814314387,0,8.013007070246148,196.13818359375,-69.40621185302734,0.0017388915875926614
7839314388,0,8.00562300452065,196.1439971923828,-69.168701171875,0.0017394637688994408
7864314388,0,7.996945363411001,196.14979553222656,-68.93037414550781,0.0017399596981704235
7889314388,0,7.987023458579605,196.15557861328125,-68.69124603271484,0.0017405700637027621
7914314389,0,7.975875987746828,196.16134643554688,-68.45130920410156,0.0017412566812708974
7939314389,0,7.963562873323906,196.16709899902344,-68.21057891845703,0.0017417906783521175
7964314389,0,7.950113280751888,196.17282104492188,-67.96906280517578,0.0017422103555873036
7989314390,0,7.935546274422977,196.1785430908203,-67.72676086425781,0.001742782536894083
8014314390,0,7.919845949581717,196.18423461914062,-67.48367309570312,0.0017432784661650658
8039314391,0,7.903048022596859,196.18991088867188,-67.23981475830078,0.0017437743954360485
8064314391,0,7.88521965616174,196.19558715820312,-66.99517059326172,0.001744346576742828
8089314391,0,7.866403012698379,196.20120239257812,-66.74977111816406,0.0017448806902393699
8114314392,0,7.846733738055163,196.20681762695312,-66.50360870361328,0.00174541468732059
8139314392,0,7.826308029492307,196.21241760253906,-66.25667572021484,0.0017458724323660135
8164314392,0,7.805148282921399,196.21798706054688,-66.00899505615234,0.0017465209821239114
8189314393,0,7.7832112009019365,196.22352600097656,-65.76055908203125,0.001746864290907979
8214314393,0,7.760599964576861,196.22906494140625,-65.51138305664062,0.001747512724250555
8239314394,0,7.737328330418915,196.23452758789062,-65.26146697998047,0.0017479324014857411
8264314394,0,7.71338609473537,196.23997497558594,-65.01079559326172,0.0017484283307567239
8289314394,0,7.688733110765908,196.24542236328125,-64.75940704345703,0.001748962327837944
8314314395,0,7.663129075212638,196.25083923339844,-64.50728607177734,0.0017493820050731301
8339314395,0,7.6368962051704194,196.25621032714844,-64.25442504882812,0.0017499160021543503
8364314395,0,7.610130392278495,196.2615509033203,-64.0008544921875,0.0017504501156508923
8389314396,0,7.582753658876429,196.2668914794922,-63.74656677246094,0.0017508696764707565
8414314396,0,7.554651837445143,196.27218627929688,-63.4915657043457,0.0017513656057417393
8439314397,0,7.525856737909531,196.27743530273438,-63.2358512878418,0.001751861535012722
8464314397,0,7.496436367811473,196.2826690673828,-62.97943878173828,0.0017523192800581455
8489314397,0,7.466417440433406,196.28787231445312,-62.72232437133789,0.0017528152093291283
8514314398,0,7.435755153773879,196.29306030273438,-62.46451187133789,0.0017532729543745518
8539314398,0,7.404474775294386,196.29820251464844,-62.20600891113281,0.0017537306994199753
8564314398,0,7.3725684504002205,196.3032989501953,-61.946815490722656,0.0017541884444653988
8589314399,0,7.340061826727208,196.30838012695312,-61.68693542480469,0.0017546843737363815
8614314399,0,7.30692857687463,196.31341552734375,-61.4263801574707,0.0017551040509715676
8639314400,0,7.273779195828908,196.31842041015625,-61.16514587402344,0.0017557144165039062
8664314400,0,7.240719754311691,196.32339477539062,-60.903236389160156,0.0017560577252879739
8689314400,0,7.207712855251755,196.32833862304688,-60.640663146972656,0.0017566299065947533
8714314401,0,7.174706567864377,196.33323669433594,-60.37742233276367,0.0017570113996043801
8739314401,0,7.141707711963457,196.33810424804688,-60.1135139465332,0.0017575073288753629
8764314401,0,7.10870796486427,196.3429412841797,-59.84895706176758,0.001757888705469668
8789314402,0,7.075697429321097,196.34774780273438,-59.583744049072266,0.001758308382704854
8814314402,0,7.042609593658269,196.35250854492188,-59.31787872314453,0.0017588043119758368
8839314403,0,7.009412368864996,196.3572540283203,-59.05137634277344,0.0017591094365343451
8864314403,0,6.976086183669323,196.36196899414062,-58.78422164916992,0.0017596435500308871
8889314403,0,6.942641221599115,196.36663818359375,-58.51642990112305,0.0017600631108507514
8914314404,0,6.909091408699439,196.3712615966797,-58.24800491333008,0.0017604446038603783
8939314404,0,6.875418867795342,196.3758544921875,-57.97895050048828,0.001760940533131361
8964314404,0,6.841607706971668,196.38043212890625,-57.70926284790039,0.0017613600939512253
8989314405,0,6.807627802745043,196.3849639892578,-57.4389533996582,0.0017617797711864114
9014314405,0,6.773434082172918,196.3894500732422,-57.168025970458984,0.0017621612641960382
9039314405,0,6.739091617576656,196.3939208984375,-56.89647674560547,0.0017624663887545466
9064314406,0,6.7045795714694885,196.3983612060547,-56.624324798583984,0.0017629241337999701
9089314406,0,6.669851593043908,196.4027557373047,-56.35155487060547,0.001763305626809597
9114314407,0,6.634819662872412,196.4071044921875,-56.078182220458984,0.0017637633718550205
9139314407,0,6.599373242895735,196.41143798828125,-55.804203033447266,0.0017641448648646474
9164314407,0,6.563446229137369,196.4157257080078,-55.529632568359375,0.0017646407941356301
9189314408,0,6.5269963506867,196.4199981689453,-55.25445556640625,0.001765022287145257
9214314408,0,6.489964818912713,196.4242401123047,-54.97869110107422,0.0017654418479651213
9239314408,0,6.452289075029635,196.4284210205078,-54.70233917236328,0.0017658233409747481
9264314409,0,6.4139755332272,196.43258666992188,-54.42539596557617,0.001766204833984375
9289314409,0,6.375005443411062,196.43673706054688,-54.14787292480469,0.00176658621057868
9314314410,0,6.335362654327648,196.44081115722656,-53.869773864746094,0.0017669296357780695
9339314410,0,6.295133876398639,196.4449005126953,-53.591102600097656,0.0017673491965979338
9364314410,0,6.254237963926704,196.44894409179688,-53.31185531616211,0.0017677306896075606
9389314411,0,6.212680900838064,196.45294189453125,-53.03203582763672,0.0017681121826171875
9414314411,0,6.170447524253858,196.45692443847656,-52.75164794921875,0.0017686081118881702
9439314411,0,6.127601646127283,196.4608612060547,-52.47071075439453,0.0017688750522211194
9464314412,0,6.084148559998029,196.4647674560547,-52.189208984375,0.0017692565452307463
9489314412,0,6.040175127842105,196.46864318847656,-51.90714645385742,0.0017696380382403731
9514314413,0,5.995658307184445,196.4724884033203,-51.624534606933594,0.0017699431627988815
9539314413,0,5.950732163375651,196.47634887695312,-51.34136962890625,0.0017703628400340676
9564314413,0,5.9054523686518205,196.48013305664062,-51.05766677856445,0.0017707061488181353
9589314414,0,5.859867011458859,196.48390197753906,-50.77341079711914,0.0017711257096379995
9614314414,0,5.813941015334571,196.4876251220703,-50.488616943359375,0.0017715072026476264
9639314414,0,5.767680519160279,196.49136352539062,-50.20328903198242,0.0017718886956572533
9664314415,0,5.721207114142704,196.4950408935547,-49.91743087768555,0.0017722701886668801
9689314415,0,5.674632511839,196.4987030029297,-49.631038665771484,0.0017726134974509478
9714314416,0,5.62798686547281,196.50233459472656,-49.344120025634766,0.0017728423699736595
9739314416,0,5.581313162454775,196.5059356689453,-49.05667495727539,0.0017732238629832864
9764314416,0,5.53462908168144,196.50950622558594,-48.76870346069336,0.0017736053559929132
9789314417,0,5.487951599977372,196.5130615234375,-48.480224609375,0.0017739867325872183
9814314417,0,5.441263339662617,196.5166015625,-48.191219329833984,0.001774330041371286
9839314417,0,5.394629369453932,196.52011108398438,-47.90170669555664,0.001774597098119557
9864314418,0,5.3481242020087505,196.52359008789062,-47.61167907714844,0.0017749785911291838
9889314418,0,5.301829878003821,196.5270538330078,-47.32114791870117,0.0017753600841388106
9914314419,0,5.255687474322945,196.5304718017578,-47.03010940551758,0.0017756271408870816
9939314419,0,5.209726156857504,196.5338897705078,-46.73857879638672,0.0017760085174813867
9964314419,0,5.16395931105271,196.5372772216797,-46.44654083251953,0.0017762755742296576
9989314420,0,5.118364612690247,196.54063415527344,-46.15400695800781,0.0017766188830137253
10014314420,0,5.072982245482505,196.54397583007812,-45.860984802246094,0.0017770003760233521
10039314420,0,5.027851267133446,196.54730224609375,-45.567474365234375,0.001777381869032979
10064314421,0,4.982998241430073,196.5506134033203,-45.273475646972656,0.00177764892578125
10089314421,0,4.93839466945503,196.5538787841797,-44.9789924621582,0.0017779922345653176
10114314422,0,4.89412256754841,196.55715942382812,-44.68402862548828,0.0017782592913135886
10139314422,0,4.850191126752899,196.5603790283203,-44.38858413696289,0.0017786406679078937
10164314422,0,4.806688804975392,196.56362915039062,-44.09266662597656,0.0017789077246561646
10189314423,0,4.763544700959494,196.5668182373047,-43.796268463134766,0.0017792129656299949
10214314423,0,4.720831303851519,196.5700225830078,-43.49940490722656,0.0017795943422243
10239314423,0,4.6785073983532435,196.57318115234375,-43.20206832885742,0.0017799376510083675
10264314424,0,4.636653997251758,196.57632446289062,-42.90428161621094,0.0017800902714952826
10289314424,0,4.595285297459862,196.5794677734375,-42.60602569580078,0.0017805099487304688
10314314424,0,4.554365660566612,196.58258056640625,-42.307308197021484,0.001780776889063418
10339314425,0,4.513934623366521,196.58567810058594,-42.00813293457031,0.001781043945811689
10364314425,0,4.473998210168715,196.58876037597656,-41.70850372314453,0.0017814254388213158
10389314426,0,4.434654538521469,196.59185791015625,-41.40842056274414,0.0017817305633798242
10414314426,0,4.395899645196381,196.5949249267578,-41.10789108276367,0.0017820358043536544
10439314426,0,4.357788709060158,196.59796142578125,-40.806915283203125,0.0017823409289121628
10464314427,0,4.32035221943991,196.6009979248047,-40.5054931640625,0.001782646169885993
10489314427,0,4.283623138698022,196.60401916503906,-40.20363235473633,0.0017828368581831455
10514314427,0,4.24765944068381,196.60702514648438,-39.90133285522461,0.0017831420991569757
10539314428,0,4.2124766093673145,196.61001586914062,-39.598594665527344,0.0017834854079410434
10564314428,0,4.178191387279717,196.61300659179688,-39.29541778564453,0.0017837523482739925
10589314429,0,4.144738130542997,196.61599731445312,-38.99181365966797,0.0017840575892478228
10614314429,0,4.112114637394919,196.6189422607422,-38.68778610229492,0.0017843246459960938
10639314429,0,4.080358578597298,196.62188720703125,-38.383323669433594,0.001784591586329043
10664314430,0,4.049492378773773,196.6248321533203,-38.07843780517578,0.0017849350115284324
10689314430,0,4.019541407645984,196.6277618408203,-37.77313232421875,0.0017851638840511441
10714314430,0,3.9906288957865925,196.6306610107422,-37.4674072265625,0.0017854690086096525
10739314431,0,3.962719637126219,196.63357543945312,-37.16127014160156,0.0017856978811323643
10764314431,0,3.934707595599979,196.63519287109375,-36.85482406616211,0.0017871474847197533
10789314432,0,3.9076821730097477,196.63653564453125,-36.54841232299805,0.0017913817428052425
10814314432,0,3.881384345361761,196.6371307373047,-36.24257278442383,0.0018010711064562201
10839314432,0,3.8556822549314504,196.63671875,-35.937774658203125,0.0018160247709602118
10864314433,0,3.8310798787511415,196.63577270507812,-35.634403228759766,0.0018352889455854893
10889314433,0,3.8077700152717835,196.63438415527344,-35.332794189453125,0.0018579100724309683
10914314433,0,3.7856510610555834,196.6325225830078,-35.03324890136719,0.0018828200409188867
10939314434,0,3.7646752481402954,196.63018798828125,-34.7359619140625,0.0019084548112004995
10964314434,0,3.744877193398814,196.62744140625,-34.44093322753906,0.0019325637258589268
10989314435,0,3.7261126427043965,196.62429809570312,-34.14801025390625,0.001953506376594305
11014314435,0,3.7082245648401493,196.62074279785156,-33.85715866088867,0.001971092075109482
11039314435,0,3.6915252678941632,196.6171875,-33.568260192871094,0.0019853210542351007
11064314436,0,3.6758944989870823,196.6136474609375,-33.2811279296875,0.001995620783418417
11089314436,0,3.661230325619797,196.610107421875,-32.99551773071289,0.0020015717018395662
11114314436,0,3.6473781550015847,196.60653686523438,-32.711158752441406,0.00200309744104743
11139314437,0,3.6343390988741033,196.60296630859375,-32.42780303955078,0.00200061802752316
11164314437,0,3.622022854662604,196.599365234375,-32.145240783691406,0.0019949721172451973
11189314438,0,3.610472925538959,196.59584045410156,-31.86327362060547,0.0019866942893713713
11214314438,0,3.5998802811475197,196.59255981445312,-31.581727981567383,0.0019765091128647327
11239314438,0,3.590125773741434,196.5895233154297,-31.300451278686523,0.0019650268368422985
11264314439,0,3.581235000450265,196.58673095703125,-31.01930809020996,0.0019526290707290173
11289314439,0,3.5731492216181486,196.5841827392578,-30.73818016052246,0.001939697191119194
11314314439,0,3.5658008965712815,196.58177185058594,-30.456966400146484,0.00192680349573493
11339314440,0,3.559249843032769,196.57958984375,-30.175575256347656,0.0019138717325404286
11364314440,0,3.5534546420882145,196.5775909423828,-29.893932342529297,0.0019011687254533172
11389314441,0,3.5462404026926486,196.57359313964844,-29.612194061279297,0.0018907546764239669
11414314441,0,3.5358499601000566,196.5658721923828,-29.330699920654297,0.0018842315766960382
11439314441,0,3.521273985503044,196.5533905029297,-29.049875259399414,0.0018822860438376665
11464314442,0,3.5014858066755887,196.53518676757812,-28.77021026611328,0.0018849181942641735
11489314442,0,3.475717674957088,196.510498046875,-28.4921875,0.0018913268577307463
11514314442,0,3.4440021357508344,196.47927856445312,-28.21572494506836,0.0018964385380968451
11539314443,0,3.406244739054747,196.44163513183594,-27.94056510925293,0.0018976210849359632
11564314443,0,3.3627128318125608,196.39776611328125,-27.66650390625,0.0018945693736895919
11589314443,0,3.3137142916142626,196.347900390625,-27.393356323242188,0.0018886184552684426
11614314444,0,3.259466955281467,196.292236328125,-27.120994567871094,0.0018803024431690574
11639314444,0,3.200270096185126,196.23098754882812,-26.849321365356445,0.0018711470765993
11664314445,0,3.1363399940993477,196.1644287109375,-26.578264236450195,0.0018616103334352374
11689314445,0,3.0679376127904012,196.09274291992188,-26.307785034179688,0.0018519973382353783
11714314445,0,2.9954413116773235,196.0161895751953,-26.03784942626953,0.0018429565243422985
11739314446,0,2.9193111206629405,195.93505859375,-25.768428802490234,0.0018344878917559981
11764314446,0,2.839718947024293,195.8495330810547,-25.49950408935547,0.0018265914404764771
11789314446,0,2.7570366600484473,195.75990295410156,-25.23104476928711,0.0018194961594417691
11814314447,0,2.6714444200996317,195.66636657714844,-24.963022232055664,0.0018127060029655695
11839314447,0,2.5835406344089518,195.56919860839844,-24.695404052734375,0.0018066405318677425
11864314448,0,2.5943344912441604,195.46861267089844,-24.428152084350586,0.0018009566701948643
11889314448,0,2.5633776219554774,195.3648223876953,-24.16122817993164,0.001796035678125918
11914314448,0,2.538106807250185,195.258056640625,-23.894582748413086,0.0017914199270308018
11939314449,0,2.51078195700584,195.14849853515625,-23.628173828125,0.0017870712326839566
11964314449,0,2.4812227363901034,195.0363006591797,-23.36195945739746,0.0017832183511927724
11989314449,0,2.4519733099796692,194.9236297607422,-23.095067977905273,0.001778831472620368
12014314450,0,2.4256108358138877,194.8123016357422,-22.826974868774414,0.0017763137584552169
12039314450,0,2.403043710857208,194.7028350830078,-22.557601928710938,0.0017754745204001665
12064314451,0,2.3865778757243215,194.5951385498047,-22.286937713623047,0.0017749023390933871
12089314451,0,2.377376879321584,194.4892120361328,-22.014936447143555,0.001773300115019083
12114314451,0,2.378157567771385,194.3850860595703,-21.741546630859375,0.0017712401458993554
12139314452,0,2.3915835559231478,194.283935546875,-21.466598510742188,0.0017708205850794911
12164314452,0,2.4188625623375812,194.18698120117188,-21.18998908996582,0.0017731094267219305
12189314452,0,2.458368565554907,194.09425354003906,-20.911691665649414,0.0017753600841388106
12214314453,0,2.5096672558574564,194.005615234375,-20.631681442260742,0.0017760848859325051
12239314453,0,2.571873871822942,193.92092895507812,-20.34994125366211,0.0017757415771484375
12264314454,0,2.644892185710466,193.84014892578125,-20.06647491455078,0.0017744445940479636
12289314454,0,2.727405272290843,193.76315307617188,-19.78130531311035,0.0017728805541992188
12314314454,0,2.8203415781011736,193.6910858154297,-19.49451446533203,0.0017740249168127775
12339314455,0,2.9229092675457697,193.62399291992188,-19.20616340637207,0.00177593226544559
12364314455,0,3.0338013190726403,193.56161499023438,-18.916332244873047,0.0017773056169971824
12389314455,0,3.153520406065564,193.5037841796875,-18.625146865844727,0.0017787551041692495
12414314456,0,3.2811690157756987,193.4503631591797,-18.332767486572266,0.0017808532575145364
12439314456,0,3.41587922649622,193.40122985839844,-18.039392471313477,0.0017841720255091786
12464314457,0,3.5574931839977233,193.3562469482422,-17.7452392578125,0.0017891310853883624
12489314457,0,3.705377840592061,193.31578063964844,-17.450592041015625,0.0017965316073969007
12514314457,0,3.8590391682819054,193.27964782714844,-17.155677795410156,0.0018055724212899804
12539314458,0,4.01830749384155,193.24757385253906,-16.860702514648438,0.0018158721504732966
12564314458,0,4.182374235744452,193.2193145751953,-16.565839767456055,0.0018266296247020364
12589314458,0,4.3509533237319,193.19468688964844,-16.271217346191406,0.0018373107304796576
12614314459,0,4.5241159411653245,193.17344665527344,-15.976903915405273,0.0018474578391760588
12639314459,0,4.701405810552224,193.1554412841797,-15.6829252243042,0.001856575021520257
12664314460,0,4.882089953172708,193.14044189453125,-15.389244079589844,0.0018637465545907617
12689314460,0,5.065387352943607,193.12820434570312,-15.09577465057373,0.0018686293624341488
12714314460,0,5.25066030678253,193.11851501464844,-14.80241870880127,0.0018712234450504184
12739314461,0,5.437973420519085,193.1111602783203,-14.509087562561035,0.0018716430058702826
12764314461,0,5.627287828752514,193.10597229003906,-14.215700149536133,0.001870117150247097
12789314461,0,5.818568459372098,193.10276794433594,-13.922185897827148,0.0018672561272978783
12814314462,0,6.011215155363066,193.10118103027344,-13.628467559814453,0.0018631363054737449
12839314462,0,6.205252572673331,193.10108947753906,-13.334487915039062,0.0018580245086923242
12864314462,0,6.400663925031244,193.102294921875,-13.040201187133789,0.0018525313353165984
12889314463,0,6.597325060065254,193.104736328125,-12.745558738708496,0.0018467330373823643
12914314463,0,6.795371610582113,193.1082763671875,-12.450523376464844,0.0018408203031867743
12939314464,0,6.994986876990614,193.11285400390625,-12.155056953430176,0.0018347549485042691
12964314464,0,7.195982689560544,193.11830139160156,-11.859130859375,0.0018289947183802724
12989314464,0,7.398377962639615,193.1243438720703,-11.562726974487305,0.0018233871087431908
13014314465,0,7.601767731699461,193.13088989257812,-11.265886306762695,0.0018185043008998036
13039314465,0,7.8062844222966685,193.137939453125,-10.968685150146484,0.0018148802919313312
13064314465,0,8.011662889257092,193.14540100097656,-10.671242713928223,0.0018130873795598745
13089314466,0,8.21753900017394,193.1532440185547,-10.373702049255371,0.0018132018158212304
13114314466,0,8.423561043648418,193.16136169433594,-10.076227188110352,0.0018154906574636698
13139314467,0,8.629486365898867,193.1697540283203,-9.778986930847168,0.0018198394682258368
13164314467,0,8.834974490205372,193.17823791503906,-9.482123374938965,0.001826057443395257
13189314467,0,9.039958655806075,193.18675231933594,-9.185759544372559,0.0018335342174395919
13214314468,0,9.244372244288941,193.1953125,-8.889975547790527,0.0018416595412418246
13239314468,0,9.448012540708518,193.20384216308594,-8.594803810119629,0.0018498229328542948
13264314468,0,9.650986261128008,193.21241760253906,-8.300222396850586,0.0018573760753497481
13289314469,0,9.85316324233316,193.22097778320312,-8.006160736083984,0.0018632507417351007
13314314469,0,10.054499390838576,193.22952270507812,-7.712498664855957,0.0018673705635592341
13339314470,0,10.254866902411074,193.2379913330078,-7.419097900390625,0.0018691634759306908
13364314470,0,10.454478640344883,193.2463836669922,-7.125834941864014,0.0018689727876335382
13389314470,0,10.653407625464316,193.25466918945312,-6.8326005935668945,0.0018671035068109632
13414314471,0,10.851574120074146,193.2628936767578,-6.53930139541626,0.0018638229230418801
13439314471,0,11.048963370581982,193.27105712890625,-6.245855808258057,0.0018594360444694757
13464314471,0,11.245557000557094,193.27915954589844,-5.952189922332764,0.001854438683949411
13489314472,0,11.441297214041677,193.2871856689453,-5.658242225646973,0.0018489074427634478
13514314472,0,11.636159067660953,193.29515075683594,-5.363958835601807,0.0018430709606036544
13539314473,0,11.830084124551528,193.30303955078125,-5.0692901611328125,0.0018371200421825051
13564314473,0,12.02322367470791,193.31089782714844,-4.774196147918701,0.001831436064094305
13589314473,0,12.215580026890061,193.31866455078125,-4.478640556335449,0.0018255615141242743
13614314474,0,12.40707154515908,193.32640075683594,-4.1825947761535645,0.0018200301565229893
13639314474,0,12.597525965170298,193.33407592773438,-3.8860669136047363,0.0018150329124182463
13664314474,0,12.786837830773978,193.3417205810547,-3.5891075134277344,0.0018109511584043503
13689314475,0,12.974844643338162,193.3492889404297,-3.29180908203125,0.0018083190079778433
13714314475,0,13.161432558359229,193.3568115234375,-2.9942991733551025,0.001807479769922793
13739314476,0,13.346446888549243,193.36427307128906,-2.6967339515686035,0.0018088531214743853
13764314476,0,13.529631610421221,193.37167358398438,-2.399282217025757,0.0018123245099559426
13789314476,0,13.710794557837776,193.37901306152344,-2.102108955383301,0.0018177794991061091
13814314477,0,13.889840512364403,193.38632202148438,-1.8053573369979858,0.0018249129643663764
13839314477,0,14.066648380141036,193.3935089111328,-1.5091369152069092,0.0018330764723941684
13864314477,0,14.241142523340047,193.4005889892578,-1.2135140895843506,0.001841697609052062
13889314478,0,14.413305649943869,193.4075469970703,-0.9185044765472412,0.001850128173828125
13914314478,0,14.58317526627586,193.41444396972656,-0.6240708231925964,0.0018573760753497481
13939314479,0,14.750753571890263,193.4212646484375,-0.33012428879737854,0.0018632507417351007
13964314479,0,14.916091281499789,193.42800903320312,-0.03653234243392944,0.0018667983822524548
13989314479,0,15.079317533824002,193.43466186523438,0.25683867931365967,0.0018681335495784879
14014314480,0,15.240584813358085,193.441162109375,0.5501091480255127,0.001867599436081946
14039314480,0,15.400005293545332,193.4475555419922,0.843382716178894,0.0018652343424037099
14064314480,0,15.557648092457983,193.45376586914062,1.1367497444152832,0.0018618011381477118
14089314481,0,15.71360340506609,193.4598846435547,1.430288314819336,0.0018572616390883923
14114314481,0,15.86790785663756,193.4658966064453,1.724067211151123,0.00185222621075809
14139314481,0,16.02057233912628,193.47178649902344,2.01814603805542,0.0018465804168954492
14164314482,0,16.171649976553034,193.4776153564453,2.312577486038208,0.0018409347394481301
14189314482,0,16.321192729762547,193.48321533203125,2.607407569885254,0.0018349074525758624
14214314483,0,16.469270500020922,193.48863220214844,2.9026763439178467,0.0018292235909029841
14239314483,0,16.6166814471725,193.49388122558594,3.198418617248535,0.0018235397292301059
14264314483,0,16.764456641124955,193.49896240234375,3.4946563243865967,0.0018181990599259734
14289314484,0,16.912585658087092,193.50390625,3.791370391845703,0.0018133544363081455
14314314484,0,17.061004368532238,193.5087127685547,4.088499069213867,0.0018097305437549949
14339314484,0,17.209570919070934,193.5132598876953,4.3859381675720215,0.0018075942061841488
14364314485,0,17.358122493568306,193.5175323486328,4.683549880981445,0.0018074035178869963
14389314485,0,17.506520705306578,193.52159118652344,4.981173515319824,0.0018092726822942495
14414314486,0,17.65460030855435,193.5254669189453,5.278639316558838,0.0018134688725695014
14439314486,0,17.80220558410984,193.5290985107422,5.575785160064697,0.0018194197909906507
14464314486,0,17.949262763721983,193.53257751464844,5.872474670410156,0.0018268966814503074
14489314487,0,18.095664575265616,193.5358428955078,6.168607711791992,0.0018352889455854893
14514314487,0,18.24132743781663,193.538818359375,6.464131832122803,0.0018441008869558573
14539314487,0,18.38625503787011,193.54151916503906,6.759044647216797,0.00185222621075809
14564314488,0,18.5305054946373,193.54396057128906,7.053398132324219,0.0018592834239825606
14589314488,0,18.67420528836497,193.54617309570312,7.34729528427124,0.0018645477248355746
14614314489,0,18.817468963971912,193.54815673828125,7.640874862670898,0.00186748499982059
14639314489,0,18.96045305626532,193.5499725341797,7.934268474578857,0.0018683242378756404
14664314489,0,19.103206974592215,193.5514373779297,8.227588653564453,0.0018672561272978783
14689314490,0,19.2458802699032,193.55262756347656,8.52093505859375,0.0018645095406100154
14714314490,0,19.388567194204068,193.5535430908203,8.814395904541016,0.0018606948433443904
14739314490,0,19.531387576076465,193.55426025390625,9.108046531677246,0.0018561171600595117
14764314491,0,19.672695252862184,193.55470275878906,9.401952743530273,0.001850776607170701
14789314491,0,19.81234386042737,193.5549774169922,9.696171760559082,0.001845130929723382
14814314492,0,19.950472366622737,193.5550079345703,9.990755081176758,0.0018393706995993853
14839314492,0,20.087191926892093,193.55479431152344,10.285744667053223,0.001833419781178236
14864314492,0,20.22259825247656,193.55433654785156,10.581180572509766,0.0018277739873155951
14889314493,0,20.356781123660813,193.55364990234375,10.877092361450195,0.0018221663776785135
14914314493,0,20.489795269289814,193.55274963378906,11.173494338989258,0.0018168640090152621
14939314493,0,20.621651978347586,193.5516357421875,11.470355987548828,0.00181236257776618
14964314494,0,20.752319056953876,193.5503692626953,11.76760482788086,0.001809081993997097
14989314494,0,20.881732929613083,193.5489044189453,12.065126419067383,0.0018073272658511996
15014314495,0,21.00976531203149,193.5472412109375,12.362777709960938,0.0018077086424455047
15039314495,0,21.136278692804762,193.54542541503906,12.660395622253418,0.0018101119203493
15064314495,0,21.26110692090876,193.54345703125,12.957807540893555,0.0018147658556699753
15089314496,0,21.38411004024502,193.5413055419922,13.25485897064209,0.0018212127033621073
15114314496,0,21.505209946719848,193.53903198242188,13.551423072814941,0.0018289565341547132
15139314496,0,21.624338849336016,193.53663635253906,13.847412109375,0.0018375396030023694
15164314497,0,21.741473998581256,193.53411865234375,14.142783164978027,0.0018461608560755849
15189314497,0,21.85666485526046,193.531494140625,14.43755054473877,0.0018541335593909025
15214314498,0,21.969966511137173,193.5287628173828,14.731779098510742,0.0018608474638313055
15239314498,0,22.081506809341704,193.52593994140625,15.025583267211914,0.001865386962890625
15264314498,0,22.191418863044305,193.5230255126953,15.319100379943848,0.0018677901243790984
15289314499,0,22.299832173417013,193.52001953125,15.612455368041992,0.0018681716173887253
15314314499,0,22.40686013708564,193.5169677734375,15.905762672424316,0.0018665313255041838
15339314499,0,22.51259328374562,193.5138397216797,16.199115753173828,0.0018637465545907617
15364314500,0,22.61712542966427,193.5106658935547,16.49260139465332,0.001859588548541069
15389314500,0,22.720529981179013,193.50743103027344,16.786293029785156,0.0018548201769590378
15414314500,0,22.8228747457483,193.50413513183594,17.08025550842285,0.0018494033720344305
15439314501,0,22.924220150929717,193.50079345703125,17.374540328979492,0.001843681326135993
15464314501,0,23.0246122144719,193.49742126464844,17.669198989868164,0.0018379210960119963
15489314502,0,23.124102334816698,193.4939727783203,17.964275360107422,0.001832084613852203
15514314502,0,23.222734252147152,193.49053955078125,18.259807586669922,0.0018262481316924095
15539314502,0,23.3205300626058,193.487060546875,18.555822372436523,0.0018207167740911245
15564314503,0,23.417495367993862,193.4835662841797,18.85232162475586,0.0018156432779505849
15589314503,0,23.513592939079885,193.48004150390625,19.149269104003906,0.001811294467188418
15614314503,0,23.60873719341967,193.47650146484375,19.446577072143555,0.0018084716284647584
15639314504,0,23.702812248195333,193.47293090820312,19.744125366210938,0.0018072128295898438
15664314504,0,23.795671319599673,193.46934509277344,20.041765213012695,0.00180816650390625
15689314505,0,23.887151756245597,193.4657745361328,20.339332580566406,0.001811180030927062
15714314505,0,23.9770878656977,193.46218872070312,20.63665199279785,0.0018161010229960084
15739314505,0,24.06533805840383,193.45860290527344,20.93358039855957,0.0018229674315080047
15764314506,0,24.151781074569975,193.45501708984375,21.22999382019043,0.0018309783190488815
15789314506,0,24.236334881502888,193.45144653320312,21.525819778442383,0.001839599572122097
15814314506,0,24.31897644647229,193.44789123535156,21.821027755737305,0.001848144456744194
15839314507,0,24.399722083102343,193.4443359375,22.115644454956055,0.0018558120355010033
15864314507,0,24.47866264577501,193.44078063964844,22.40974998474121,0.0018620300106704235
15889314508,0,24.55590857078736,193.43724060058594,22.70346450805664,0.0018661117646843195
15914314508,0,24.631609289384667,193.43373107910156,22.996923446655273,0.0018680953653529286
15939314508,0,24.70588405955629,193.43020629882812,23.290252685546875,0.0018678664928302169
15964314509,0,24.778836017361602,193.42669677734375,23.583560943603516,0.0018659591441974044
15989314509,0,24.850552211689212,193.42315673828125,23.876937866210938,0.0018626403762027621
16014314509,0,24.921118434425583,193.41964721679688,24.17046546936035,0.0018584823701530695
16039314510,0,24.99059836016971,193.41612243652344,24.464216232299805,0.001853408757597208
16064314510,0,25.059060200616027,193.41259765625,24.758251190185547,0.0018479537684470415
16089314511,0,25.126573547468738,193.40911865234375,25.05262565612793,0.0018422699067741632
16114314511,0,25.193173262921967,193.4056396484375,25.34738540649414,0.0018363570561632514
16139314511,0,25.258897196314706,193.4021453857422,25.64257049560547,0.001830635010264814
16164314512,0,25.323793308269593,193.39866638183594,25.93821907043457,0.0018248747801408172
16189314512,0,25.38788917744579,193.3951873779297,26.234357833862305,0.001819343538954854
16214314512,0,25.45120756546658,193.39169311523438,26.530981063842773,0.001814346294850111
16239314513,0,25.513740150580144,193.38819885253906,26.828031539916992,0.0018103407928720117
16264314513,0,25.57546900886594,193.3847198486328,27.12541961669922,0.0018078612629324198
16289314514,0,25.636381385214072,193.3812255859375,27.423011779785156,0.0018072128295898438
16314314514,0,25.69645138868635,193.37774658203125,27.720659255981445,0.001808547880500555
16339314514,0,25.75571469586692,193.374267578125,28.018184661865234,0.0018121337052434683
16364314515,0,25.814632450988064,193.3708038330078,28.315425872802734,0.00181774131488055
16389314515,0,25.87378456204017,193.36732482910156,28.61223793029785,0.0018248367123305798
16414314515,0,25.93373994437018,193.36383056640625,28.90851593017578,0.0018331145402044058
16439314516,0,25.995108293735594,193.36038208007812,29.204185485839844,0.0018418502295389771
16464314516,0,26.058491526810123,193.35694885253906,29.49924087524414,0.0018502044258639216
16489314517,0,26.125161771320666,193.353515625,29.79371452331543,0.0018576811999082565
16514314517,0,26.19575011161084,193.35006713867188,30.08770179748535,0.0018634414300322533
16539314517,0,26.270396138059834,193.3466339111328,30.38133430480957,0.0018669510027393699
16564314518,0,26.349229387005813,193.34320068359375,30.67474937438965,0.0018682860536500812
16589314518,0,26.43236628757905,193.3397979736328,30.968063354492188,0.001867599436081946
16614314518,0,26.519936468047433,193.33639526367188,31.261375427246094,0.0018651961581781507
16639314519,0,26.61186070364492,193.3330078125,31.55478286743164,0.0018617247696965933
16664314519,0,26.70714158212064,193.32960510253906,31.848358154296875,0.001857223454862833
16689314519,0,26.80472482435449,193.32620239257812,32.142173767089844,0.0018521117744967341
16714314520,0,26.903538191814086,193.32278442382812,32.43628692626953,0.0018465804168954492
16739314520,0,27.002889710265244,193.31935119628906,32.73075485229492,0.0018407058669254184
16764314521,0,27.103475660288858,193.31591796875,33.02561569213867,0.0018349074525758624
16789314521,0,27.206001289750322,193.31246948242188,33.320919036865234,0.0018292235909029841
16814314521,0,27.311142551627306,193.3090362548828,33.6166877746582,0.00182342529296875
16839314522,0,27.419585459514916,193.30560302734375,33.9129524230957,0.0018179701874032617
16864314522,0,27.531967191835534,193.3021697998047,34.20969009399414,0.0018132400000467896
16889314522,0,27.64889406634102,193.29872131347656,34.50684356689453,0.0018095015548169613
16914314523,0,27.770623712721218,193.2952880859375,34.80430221557617,0.0018074417021125555
16939314523,0,27.89701783363759,193.2918243408203,35.101932525634766,0.0018072508974000812
16964314524,0,28.027923051343105,193.28839111328125,35.39957046508789,0.001809196430258453
16989314524,0,28.16288873202385,193.2849578857422,35.697044372558594,0.0018132781842723489
17014314524,0,28.30093409961372,193.28152465820312,35.994197845458984,0.0018193053547292948
17039314525,0,28.441332213159786,193.278076171875,36.290889739990234,0.0018268966814503074
17064314525,0,28.583270577239702,193.27464294433594,36.58701705932617,0.0018353271298110485
17089314525,0,28.72599614681674,193.27120971679688,36.88253402709961,0.0018440246349200606
17114314526,0,28.869249862750745,193.26779174804688,37.17743682861328,0.0018522643949836493
17139314526,0,29.01283389131773,193.26437377929688,37.47177505493164,0.0018593596760183573
17164314527,0,29.156665967871284,193.26097106933594,37.765655517578125,0.001864585792645812
17189314527,0,29.300665280056794,193.257568359375,38.05921936035156,0.0018675612518563867
17214314527,0,29.444787387738423,193.25418090820312,38.35258865356445,0.0018683624221011996
17239314528,0,29.588961967222556,193.2507781982422,38.64588928222656,0.001867217943072319
17264314528,0,29.733128194863934,193.24737548828125,38.93921661376953,0.001864585792645812
17289314528,0,29.877314364884178,193.2439727783203,39.2326545715332,0.0018606948433443904
17314314529,0,30.021427132469846,193.24058532714844,39.526283264160156,0.0018560027237981558
17339314529,0,30.16545594986473,193.2371826171875,39.82016372680664,0.0018507385393604636
17364314530,0,30.309346388885945,193.23377990722656,40.11436080932617,0.0018450927454978228
17389314530,0,30.453089007447893,193.2303466796875,40.4089241027832,0.0018392944475635886
17414314530,0,30.5965815558599,193.22691345214844,40.703887939453125,0.0018334578489884734
17439314531,0,30.739829111431956,193.2234649658203,40.999305725097656,0.0018276595510542393
17464314531,0,30.882863770791243,193.2200164794922,41.29519271850586,0.0018220137571915984
17489314531,0,31.02576792613026,193.21658325195312,41.59157943725586,0.0018167876405641437
17514314532,0,31.168626329544985,193.213134765625,41.88842010498047,0.0018122863257303834
17539314532,0,31.311347131755138,193.20970153808594,42.18565368652344,0.0018089675577357411
17564314533,0,31.453708088433306,193.20626831054688,42.483158111572266,0.0018072890816256404
17589314533,0,31.59546435011643,193.2028350830078,42.78079605102539,0.001807632390409708
17614314533,0,31.736321467982712,193.1993865966797,43.07839584350586,0.0018101119203493
17639314534,0,31.87600820284774,193.19595336914062,43.37580108642578,0.0018147277878597379
17664314534,0,32.01424379434739,193.19252014160156,43.67284393310547,0.0018210982671007514
17689314534,0,32.15082924264847,193.18907165527344,43.96940231323242,0.0018289184663444757
17714314535,0,32.285593162924414,193.18565368652344,44.265380859375,0.0018374633509665728
17739314535,0,32.41842918092388,193.18222045898438,44.56074523925781,0.0018460846040397882
17764314536,0,32.5492974126022,193.1787872314453,44.855506896972656,0.0018540573073551059
17789314536,0,32.67821912154698,193.1753692626953,45.14973449707031,0.0018606566591188312
17814314536,0,32.805261003366915,193.17196655273438,45.44353103637695,0.0018653105944395065
17839314537,0,32.930529559637684,193.16856384277344,45.73704147338867,0.0018677901243790984
17864314537,0,33.05412777410159,193.16517639160156,46.03038787841797,0.0018681335495784879
17889314537,0,33.176140736521184,193.16177368164062,46.32368850708008,0.0018666075775399804
17914314538,0,33.29664844040568,193.1583709716797,46.61703872680664,0.0018637084867805243
17939314538,0,33.41572490268993,193.1549835205078,46.9105224609375,0.0018596267327666283
17964314538,0,33.53341188319276,193.15158081054688,47.20420837402344,0.0018547439249232411
17989314539,0,33.64977124651484,193.14817810058594,47.49816131591797,0.0018494033720344305
18014314539,0,33.76486250969142,193.14474487304688,47.792449951171875,0.001843681326135993
18039314540,0,33.87870957820019,193.1413116455078,48.08710479736328,0.0018378066597506404
18064314540,0,33.99135820335183,193.1378631591797,48.38218307495117,0.0018318939255550504
18089314540,0,34.10283121477071,193.13442993164062,48.677703857421875,0.0018262099474668503
18114314541,0,34.213163203194206,193.13099670410156,48.97371292114258,0.0018207167740911245
18139314541,0,34.32236886439062,193.12754821777344,49.27021408081055,0.0018155670259147882
18164314541,0,34.43040927826865,193.12411499023438,49.56715774536133,0.0018113326514139771
18189314542,0,34.53725105524468,193.1206817626953,49.86446762084961,0.0018084334442391992
18214314542,0,34.64277395739504,193.11720275878906,50.16201400756836,0.0018072508974000812
18239314543,0,34.74682528666719,193.1137237548828,50.45965576171875,0.0018080901354551315
18264314543,0,34.84923015469737,193.11024475097656,50.75722122192383,0.0018111037788912654
18289314543,0,34.94982625300685,193.1068115234375,51.05455017089844,0.0018161392072215676
18314314544,0,35.04843818639915,193.10337829589844,51.351478576660156,0.0018229293636977673
18339314544,0,35.14496106183967,193.0999298095703,51.64789962768555,0.0018309402512386441
18364314544,0,35.239323347800514,193.09649658203125,51.94373321533203,0.0018395613878965378
18389314545,0,35.33155110394018,193.0930633544922,52.238948822021484,0.001848144456744194
18414314545,0,35.421815496841795,193.08963012695312,52.533573150634766,0.0018558120355010033
18439314546,0,35.510389582058764,193.0862274169922,52.82767868041992,0.0018620300106704235
18464314546,0,35.59759178571795,193.08282470703125,53.12139892578125,0.0018661880167201161
18489314546,0,35.68401219925711,193.0794219970703,53.41486740112305,0.0018680953653529286
18514314547,0,35.77042204755769,193.07603454589844,53.70819854736328,0.0018679046770557761
18539314547,0,35.856903171116016,193.0726318359375,54.001502990722656,0.0018659591441974044
18564314547,0,35.94353834903836,193.06922912597656,54.29487609863281,0.0018627928802743554
18589314548,0,36.03041196839962,193.0658416748047,54.588401794433594,0.001858520437963307
18614314548,0,36.11758693462973,193.06243896484375,54.88215255737305,0.0018534850096330047
18639314549,0,36.20512988686856,193.0590362548828,55.176185607910156,0.0018479919526726007
18664314549,0,36.29308498980207,193.0556182861328,55.47055435180664,0.001842231722548604
18689314549,0,36.38151558701253,193.05218505859375,55.765316009521484,0.0018364334246143699
18714314550,0,36.47044163573502,193.0487518310547,56.06049728393555,0.0018305968260392547
18739314550,0,36.55991494562805,193.04530334472656,56.35614776611328,0.0018249129643663764
18764314550,0,36.64994890056177,193.0418701171875,56.652278900146484,0.001819343538954854
18789314551,0,36.74054609766099,193.03843688964844,56.94889450073242,0.0018144225468859076
18814314551,0,36.83165814465158,193.03497314453125,57.245941162109375,0.001810378977097571
18839314552,0,36.92318986322373,193.0315399169922,57.54332733154297,0.0018078612629324198
18864314552,0,37.01501199892469,193.02810668945312,57.84092330932617,0.0018071364611387253
18889314552,0,37.1069660640941,193.024658203125,58.13856887817383,0.001808547880500555
18914314553,0,37.1988799008504,193.02122497558594,58.436092376708984,0.0018121337052434683
18939314553,0,37.29059407078015,193.01779174804688,58.733333587646484,0.0018176650628447533
18964314553,0,37.381972923195406,193.0143585205078,59.03015899658203,0.0018248367123305798
18989314554,0,37.47289189585846,193.0109405517578,59.32644271850586,0.0018330764723941684
19014314554,0,37.56202622142507,193.0074920654297,59.62211608886719,0.0018417739775031805
19039314555,0,37.64914995509324,193.00405883789062,59.91718292236328,0.0018501662416383624
19064314555,0,37.73438437673447,193.00062561035156,60.21166229248047,0.0018576431320980191
19089314555,0,37.81796932770657,192.99722290039062,60.50566101074219,0.0018633269937708974
19114314556,0,37.900106062976,192.9938201904297,60.79929733276367,0.0018669128185138106
19139314556,0,37.98096732315949,192.9904327392578,61.09271240234375,0.0018682479858398438
19164314556,0,38.0606540322379,192.98703002929688,61.386024475097656,0.001867599436081946
19189314557,0,38.13927929725836,192.98362731933594,61.6793327331543,0.0018653487786650658
19214314557,0,38.21695655896286,192.980224609375,61.97273635864258,0.0018617629539221525
19239314557,0,38.2937602722027,192.97683715820312,62.26631164550781,0.001857337891124189
19264314558,0,38.36977810330163,192.9734344482422,62.56013107299805,0.0018521499587222934
19289314558,0,38.44505638628419,192.9700164794922,62.85424041748047,0.0018466186011210084
19314314559,0,38.519673686836974,192.96658325195312,63.14870834350586,0.0018408203031867743
19339314559,0,38.59366613999091,192.963134765625,63.44356155395508,0.0018349838210269809
19364314559,0,38.66711925671886,192.95970153808594,63.738861083984375,0.001829185406677425
19389314560,0,38.74007504867414,192.95626831054688,64.03462219238281,0.0018235015450045466
19414314560,0,38.81258681754134,192.9528350830078,64.33087921142578,0.0018180846236646175
19439314560,0,38.88466268035251,192.9493865966797,64.62761688232422,0.0018132781842723489
19464314561,0,38.9562734137958,192.94595336914062,64.92476654052734,0.0018096159910783172
19489314561,0,39.02737183556231,192.94248962402344,65.22222137451172,0.001807479769922793
19514314562,0,39.097877638274554,192.93902587890625,65.51985931396484,0.0018072508974000812
19539314562,0,39.167660648840446,192.935546875,65.81749725341797,0.0018091582460328937
19564314562,0,39.23660977212938,192.93206787109375,66.11498260498047,0.0018132400000467896
19589314563,0,39.30462556000934,192.9286346435547,66.41213989257812,0.0018192291026934981
19614314563,0,39.37169358713264,192.92518615722656,66.7088394165039,0.0018267821287736297
19639314563,0,39.43786479919524,192.9217529296875,67.00497436523438,0.0018352889455854893
19664314564,0,39.50321215114246,192.91831970214844,67.30049896240234,0.0018440246349200606
19689314564,0,39.56784038023283,192.9148712158203,67.59540557861328,0.0018521880265325308
19714314565,0,39.631975328538914,192.9114532470703,67.8897476196289,0.0018593216082081199
19739314565,0,39.69628126063419,192.90806579589844,68.18363189697266,0.0018645095406100154
19764314565,0,39.76149624180287,192.9046630859375,68.4771957397461,0.0018675612518563867
19789314566,0,39.82832839622717,192.90126037597656,68.77056884765625,0.0018682860536500812
19814314566,0,39.897479065005854,192.8978729248047,69.0638656616211,0.0018672943115234375
19839314566,0,39.96962054112586,192.89447021484375,69.35719299316406,0.0018646621610969305
19864314567,0,40.0454158801608,192.8910675048828,69.65062713623047,0.0018608092796057463
19889314567,0,40.12532529818687,192.88766479492188,69.94424438476562,0.0018560790922492743
19914314568,0,40.20952424263452,192.88427734375,70.23812103271484,0.0018508529756218195
19939314568,0,40.29816812022816,192.880859375,70.53231811523438,0.0018451689975336194
19964314568,0,40.39138048263137,192.87744140625,70.82686614990234,0.0018393706995993853
19989314569,0,40.48928823051733,192.87399291992188,71.121826171875,0.0018335342174395919
20014314569,0,40.591994674544736,192.8705596923828,71.417236328125,0.0018276977352797985
20039314569,0,40.699570230416356,192.86712646484375,71.7131118774414,0.0018220901256427169
20064314570,0,40.81208165209617,192.8636932373047,72.00949096679688,0.001816825824789703
20089314570,0,40.92951413274531,192.86024475097656,72.30632781982422,0.0018122863257303834
20114314571,0,41.051702234935036,192.8568115234375,72.60355377197266,0.0018089675577357411
20139314571,0,41.17778366395382,192.85337829589844,72.90105438232422,0.0018072890816256404
20164314571,0,41.306746691415924,192.8499298095703,73.19869995117188,0.0018075561383739114
20189314572,0,41.43741622279146,192.8465118408203,73.49629974365234,0.0018100738525390625
20214314572,0,41.56874512964515,192.84307861328125,73.79370880126953,0.0018145751673728228
20239314572,0,41.700275165018255,192.8396453857422,74.09076690673828,0.0018209838308393955
20264314573,0,41.831573611009894,192.83621215820312,74.3873291015625,0.0018287658458575606
20289314573,0,41.96228755135682,192.832763671875,74.68331909179688,0.0018372725462540984
20314314574,0,42.09217066580212,192.82933044433594,74.97869110107422,0.0018459319835528731
20339314574,0,42.22106797812929,192.82589721679688,75.27346801757812,0.0018539809389039874
20364314574,0,42.34895620154512,192.82247924804688,75.56769561767578,0.0018606185913085938
20389314575,0,42.475863561976155,192.81907653808594,75.86149597167969,0.0018653487786650658
20414314575,0,42.60180983605829,192.815673828125,76.15501403808594,0.001867752056568861
20439314575,0,42.72681896319719,192.81228637695312,76.4483642578125,0.0018681335495784879
20464314576,0,42.85091072914316,192.8088836669922,76.74166107177734,0.0018666457617655396
20489314576,0,42.974123993970004,192.80548095703125,77.0350112915039,0.0018637084867805243
20514314576,0,43.09647742242244,192.8020782470703,77.3284912109375,0.0018596649169921875
20539314577,0,43.21799078410644,192.79869079589844,77.6221694946289,0.0018548201769590378
20564314577,0,43.33869022875914,192.7952880859375,77.9161148071289,0.0018494033720344305
20589314578,0,43.458615555629066,192.79185485839844,78.21038818359375,0.0018437575781717896
20614314578,0,43.577851764703944,192.7884063720703,78.50503540039062,0.0018379210960119963
20639314578,0,43.6965038746883,192.78497314453125,78.80010223388672,0.001832084613852203
20664314579,0,43.81477264723853,192.7815399169922,79.09561157226562,0.0018263243837282062
20689314579,0,43.93335919276718,192.77810668945312,79.39161682128906,0.0018207549583166838
20714314579,0,44.053002684959424,192.774658203125,79.68810272216797,0.0018156050937250257
20739314580,0,44.174398184457075,192.77122497558594,79.98503875732422,0.0018113708356395364
20764314580,0,44.29687294141972,192.76779174804688,80.28233337402344,0.0018084334442391992
20789314581,0,44.419656665558165,192.76431274414062,80.57987976074219,0.0018071746453642845
20814314581,0,44.54260707608771,192.76083374023438,80.87752532958984,0.0018079756991937757
20839314581,0,44.66553894898994,192.75735473632812,81.17509460449219,0.0018109511584043503
20864314582,0,44.78829601209477,192.75392150878906,81.47242736816406,0.0018159865867346525
20889314582,0,44.910727418158125,192.75048828125,81.76937103271484,0.001822738558985293
20914314582,0,45.03272338092481,192.74703979492188,82.06581115722656,0.001830787630751729
20939314583,0,45.15417836164072,192.7436065673828,82.36164093017578,0.0018394088838249445
20964314583,0,45.27509271781759,192.74017333984375,82.6568603515625,0.0018479537684470415
20989314584,0,45.395485829462515,192.7367401123047,82.95149993896484,0.0018556213472038507
21014314584,0,45.515426522995,192.73333740234375,83.24562072753906,0.0018618773901835084
21039314584,0,45.635035593106146,192.7299346923828,83.53934478759766,0.0018660735804587603
21064314585,0,45.754453068993875,192.72653198242188,83.83280944824219,0.001868019113317132
21089314585,0,45.873814373354655,192.72314453125,84.12615203857422,0.0018679046770557761
21114314585,0,45.993200468001014,192.71974182128906,84.41944885253906,0.0018659209599718451
21139314586,0,46.11274007170793,192.71633911132812,84.71282958984375,0.001862754812464118
21164314586,0,46.23248007132732,192.71295166015625,85.00634765625,0.001858673058450222
21189314587,0,46.35251687753771,192.7095489501953,85.30009460449219,0.0018536376301199198
21214314587,0,46.47289087460089,192.70614624023438,85.5941162109375,0.0018481826409697533
21239314587,0,46.593677878400825,192.7027130126953,85.88848114013672,0.0018423461588099599
21264314588,0,46.71663656634484,192.69927978515625,86.18324279785156,0.0018366622971370816
21289314588,0,46.84157960682582,192.69583129882812,86.4784164428711,0.001830787630751729
21314314588,0,46.96809562781046,192.69239807128906,86.77404022216797,0.0018250274006277323
21339314589,0,47.09582781382953,192.68896484375,87.07017517089844,0.0018194579752162099
21364314589,0,47.224385919063266,192.68551635742188,87.36678314208984,0.0018144607311114669
21389314590,0,47.35342172734299,192.6820831298828,87.663818359375,0.0018104934133589268
21414314590,0,47.48257791352724,192.67864990234375,87.96118927001953,0.0018078612629324198
21439314590,0,47.61153791584561,192.6752166748047,88.2587890625,0.0018071364611387253
21464314591,0,47.73991879683208,192.67173767089844,88.55642700195312,0.0018085098126903176
21489314591,0,47.8674165816957,192.66827392578125,88.85395050048828,0.0018119048327207565
21514314591,0,47.99374523231348,192.6648406982422,89.15119934082031,0.0018175124423578382
21539314592,0,48.11865457939323,192.66140747070312,89.44802856445312,0.0018246459076181054
21564314592,0,48.241926962645586,192.657958984375,89.74431610107422,0.0018328475998714566
21589314593,0,48.36342703756125,192.65452575683594,90.04000854492188,0.0018415451049804688
21614314593,0,48.48306275444504,192.65109252929688,90.3350830078125,0.0018500518053770065
21639314593,0,48.60080828828042,192.6476593017578,90.62957763671875,0.0018574523273855448
21664314594,0,48.71672492235957,192.64425659179688,90.923583984375,0.0018632125575095415
21689314594,0,48.830909701182584,192.64085388183594,91.21722412109375,0.0018668746342882514
21714314594,0,48.94344383023097,192.637451171875,91.5106430053711,0.0018682860536500812
21739314595,0,49.054481281937655,192.63406372070312,91.803955078125,0.0018676756881177425
21764314595,0,49.164285550799924,192.6306610107422,92.0972671508789,0.001865386962890625
21789314595,0,49.27340386418065,192.62725830078125,92.39067077636719,0.0018618773901835084
21814314596,0,49.38260452778396,192.6238555908203,92.68423461914062,0.0018574142595753074
21839314596,0,49.49264650045681,192.62046813964844,92.97804260253906,0.0018523024627938867
21864314597,0,49.604136721801794,192.6170654296875,93.27215576171875,0.0018467330373823643
21889314597,0,49.71689325354201,192.61363220214844,93.56659698486328,0.0018409728072583675
