ts,agent_id,cam0x,cam0y,cam1x,cam1y,cam2x,cam2y,cam3x,cam3y,world0x,world0y,world1x,world1y,world2x,world2y,world3x,world3y
2033878531,0,128.478759765625,114.65229034423828,128.3243865966797,95.80514526367188,128.29176330566406,88.87516021728516,128.1973419189453,85.0856704711914,0.013265569694340229,3.501314163208008,0.016104331240057945,6.590085029602051,0.020433058962225914,9.460646629333496,0.01782272197306156,12.316200256347656
2058878531,0,128.53269958496094,114.85760498046875,128.26504516601562,95.72593688964844,128.22427368164062,88.654296875,128.13067626953125,84.78956604003906,0.014689434319734573,3.4826245307922363,0.013202226720750332,6.613421440124512,0.015914853662252426,9.591415405273438,0.012075123377144337,12.610605239868164
2083878532,0,128.71493530273438,115.13369750976562,128.3306427001953,95.77485656738281,128.30369567871094,88.58845520019531,128.21087646484375,84.67733001708984,0.019588477909564972,3.4577722549438477,0.016435831785202026,6.598990440368652,0.021636316552758217,9.631072998046875,0.0196585264056921,12.72579288482666
2108878532,0,128.53196716308594,114.48141479492188,128.1849822998047,95.24980163574219,128.1628875732422,88.07708740234375,128.11065673828125,84.19795227050781,0.014799140393733978,3.5170066356658936,0.009402894414961338,6.757050037384033,0.011973777785897255,9.950133323669434,0.010721154510974884,13.241633415222168
2133878532,0,128.64768981933594,114.46817016601562,128.29920959472656,95.23721313476562,128.27101135253906,88.05681610107422,128.20950317382812,84.18132019042969,0.018024124205112457,3.518228530883789,0.015217458829283714,6.760927200317383,0.019947052001953125,9.963200569152832,0.020325765013694763,13.260260581970215
2158878533,0,128.68795776367188,114.57212829589844,128.35948181152344,95.24516296386719,128.34886169433594,88.04456329345703,128.306396484375,84.16071319580078,0.019097963348031044,3.508660316467285,0.018276581540703773,6.75847864151001,0.02569662034511566,9.971114158630371,0.029776619747281075,13.283408164978027
2183878533,0,128.55963134765625,114.48057556152344,128.26931762695312,95.21981811523438,128.24468994140625,88.04544830322266,128.196044921875,84.1708984375,0.015569055452942848,3.5170841217041016,0.013707447797060013,6.766291618347168,0.01802249439060688,9.970541954040527,0.019036345183849335,13.271956443786621
2208878533,0,128.6496124267578,114.63123321533203,128.3676300048828,95.29098510742188,128.34243774414062,88.09068298339844,128.29335021972656,84.20650482177734,0.018008479848504066,3.5032410621643066,0.018654076382517815,6.744394779205322,0.025151146575808525,9.941388130187988,0.02840178832411766,13.232074737548828
2233878534,0,128.6278839111328,114.79320526123047,128.31068420410156,95.34275817871094,128.2751007080078,88.11502075195312,128.22467041015625,84.21773529052734,0.017340242862701416,3.4884676933288574,0.015729600563645363,6.728549003601074,0.0201749037951231,9.925769805908203,0.021732304245233536,13.219544410705566
2258878534,0,128.5964813232422,114.86219024658203,128.27101135253906,95.35869598388672,128.23316955566406,88.111083984375,128.17901611328125,84.20947265625,0.016446486115455627,3.4822092056274414,0.013711643405258656,6.723684787750244,0.017104001715779305,9.928293228149414,0.017327897250652313,13.22876262664795
2283878535,0,128.52197265625,114.80734252929688,128.21363830566406,95.34619903564453,128.17861938476562,88.10363006591797,128.1247100830078,84.20195007324219,0.014410535804927349,3.4871833324432373,0.010814678855240345,6.727498531341553,0.013108574785292149,9.933073997497559,0.012078776955604553,13.237164497375488
2308878535,0,128.53086853027344,114.80638122558594,128.2296905517578,95.34965515136719,128.1912841796875,88.10691833496094,128.13279724121094,84.20279693603516,0.014656460843980312,3.4872705936431885,0.011625544168055058,6.726443290710449,0.01403515599668026,9.930964469909668,0.012861165218055248,13.236218452453613
2333878535,0,128.4712371826172,114.74755096435547,128.20835876464844,95.32136535644531,128.1733856201172,88.08631896972656,128.1151885986328,84.18534088134766,0.013028034940361977,3.4926202297210693,0.010558650828897953,6.7350873947143555,0.01273817103356123,9.944193840026855,0.01117178238928318,13.255752563476562
2358878536,0,128.4597930908203,114.74754333496094,128.19281005859375,95.31832122802734,128.1544189453125,88.0813217163086,128.093017578125,84.17852783203125,0.01271165069192648,3.4926211833953857,0.009771990589797497,6.736019134521484,0.011348264291882515,9.947407722473145,0.009026531130075455,13.263391494750977
2383878536,0,128.4084930419922,114.68553924560547,128.1940460205078,95.27877044677734,128.1631317138672,88.04673767089844,128.102294921875,84.1478042602539,0.011309790425002575,3.4982755184173584,0.009851341135799885,6.748143672943115,0.01201440580189228,9.969709396362305,0.009951921179890633,13.297947883605957
2408878536,0,128.3866424560547,114.6832046508789,128.19615173339844,95.2744140625,128.166748046875,88.04008483886719,128.1020050048828,84.14347839355469,0.010705406777560711,3.4984889030456543,0.009960107505321503,6.749481201171875,0.012285836040973663,9.97400951385498,0.009927250444889069,13.302827835083008
2433878537,0,128.3878173828125,114.69493103027344,128.18553161621094,95.26995086669922,128.15541076660156,88.03219604492188,128.0924835205078,84.13650512695312,0.010734989307820797,3.49741792678833,0.009422650560736656,6.750852584838867,0.011456151492893696,9.979114532470703,0.009005780331790447,13.310701370239258
2458878537,0,128.3621368408203,114.6090316772461,128.18919372558594,95.23833465576172,128.1594696044922,88.01421356201172,128.09506225585938,84.12100982666016,0.010044346563518047,3.505275011062622,0.009621712379157543,6.760581970214844,0.011768549680709839,9.990769386291504,0.009268724359571934,13.328228950500488
2483878538,0,128.3567657470703,114.56448364257812,128.2144775390625,95.22090911865234,128.18467712402344,88.00115966796875,128.11244201660156,84.11377716064453,0.009905727580189705,3.50936222076416,0.010915741324424744,6.765954971313477,0.013639935292303562,9.999246597290039,0.010969825088977814,13.33642578125
2508878538,0,128.3214874267578,114.51734924316406,128.19459533691406,95.20329284667969,128.17105102539062,87.99060821533203,128.1038360595703,84.10308074951172,0.008936109021306038,3.5136961936950684,0.009911364875733852,6.771395683288574,0.012641871348023415,10.006108283996582,0.010139182209968567,13.348566055297852
2533878538,0,128.29852294921875,114.50403594970703,128.1694793701172,95.19747161865234,128.14476013183594,87.98780059814453,128.07679748535156,84.10226440429688,0.00830038357526064,3.5149219036102295,0.008634294383227825,6.773195266723633,0.010700667276978493,10.007935523986816,0.007499477360397577,13.349493026733398
2558878539,0,128.31161499023438,114.48054504394531,128.1764678955078,95.1924057006836,128.15090942382812,87.98411560058594,128.0836639404297,84.09808349609375,0.00866919755935669,3.517086982727051,0.008992294780910015,6.774762153625488,0.011157795786857605,10.010334968566895,0.008172827772796154,13.354244232177734
2583878539,0,128.30137634277344,114.44184875488281,128.1746368408203,95.18678283691406,128.15103149414062,87.98226928710938,128.084228515625,84.09521484375,0.008392000570893288,3.520658493041992,0.008901147171854973,6.776501655578613,0.011168110184371471,10.011537551879883,0.008229930885136127,13.35750675201416
2608878539,0,128.29983520507812,114.43695068359375,128.19044494628906,95.18108367919922,128.16583251953125,87.9769287109375,128.0926971435547,84.0931167602539,0.008350051008164883,3.521111011505127,0.00970926508307457,6.778266429901123,0.012266679666936398,10.01501750946045,0.009058969095349312,13.359893798828125
2633878540,0,128.29478454589844,114.40312194824219,128.19845581054688,95.1657943725586,128.17535400390625,87.96768951416016,128.10403442382812,84.08219146728516,0.008215945214033127,3.5242393016815186,0.010124352760612965,6.783003807067871,0.012978492304682732,10.02104377746582,0.010176115669310093,13.372336387634277
2658878540,0,128.2869415283203,114.4483413696289,128.1893310546875,95.18548583984375,128.1644744873047,87.97727966308594,128.09127807617188,84.089599609375,0.007988832890987396,3.5200586318969727,0.009650644846260548,6.7769036293029785,0.012165958993136883,10.014789581298828,0.008922883309423923,13.363897323608398
2683878540,0,128.28292846679688,114.41304779052734,128.1991424560547,95.17476654052734,128.17601013183594,87.97199249267578,128.10116577148438,84.08740234375,0.00788365863263607,3.5233209133148193,0.0101554486900568,6.7802228927612305,0.013023545034229755,10.018237113952637,0.009891252033412457,13.366398811340332
2708878541,0,128.26242065429688,114.40882110595703,128.17337036132812,95.17411804199219,128.15174865722656,87.97332000732422,128.07977294921875,84.08999633789062,0.007312947418540716,3.523711681365967,0.00884142518043518,6.780423641204834,0.01122742798179388,10.017370223999023,0.007797943893820047,13.363444328308105
2733878541,0,128.2801971435547,114.40510559082031,128.2110595703125,95.16936492919922,128.1873321533203,87.9670639038086,128.10711669921875,84.08325958251953,0.007809014059603214,3.5240554809570312,0.0107656829059124,6.781897068023682,0.0138655761256814,10.021452903747559,0.010476681403815746,13.371118545532227
2758878542,0,128.2703094482422,114.41403198242188,128.2013702392578,95.17794036865234,128.1758270263672,87.97232818603516,128.09353637695312,84.0887451171875,0.007531861774623394,3.5232298374176025,0.010267650708556175,6.779239654541016,0.013009722344577312,10.018017768859863,0.009144289419054985,13.364869117736816
2783878542,0,128.2809600830078,114.3968734741211,128.2140350341797,95.17437744140625,128.1893768310547,87.97014617919922,128.10498046875,84.08606719970703,0.007831797935068607,3.524817705154419,0.010915094055235386,6.780344009399414,0.014014208689332008,10.019440650939941,0.010265358723700047,13.367918968200684
2808878542,0,128.28025817871094,114.40652465820312,128.21434020996094,95.17483520507812,128.18716430664062,87.96918487548828,128.0989990234375,84.08612823486328,0.00781045388430357,3.5239243507385254,0.0109304403886199,6.7802019119262695,0.01385131198912859,10.020068168640137,0.009680422954261303,13.367849349975586
2833878543,0,128.28817749023438,114.40000915527344,128.22506713867188,95.17276763916016,128.2004852294922,87.96959686279297,128.11619567871094,84.08503723144531,0.008032388985157013,3.524527072906494,0.011478492058813572,6.780842304229736,0.014836760237812996,10.01979923248291,0.011362990364432335,13.36909294128418
2858878543,0,128.28358459472656,114.39231872558594,128.2123565673828,95.1688461303711,128.18991088867188,87.9668197631836,128.10830688476562,84.08265686035156,0.007905804552137852,3.5252392292022705,0.01083208154886961,6.782057762145996,0.014056659303605556,10.021612167358398,0.010593616403639317,13.371805191040039
2883878543,0,128.2772216796875,114.39668273925781,128.20921325683594,95.1714859008789,128.18478393554688,87.97039031982422,128.10072326660156,84.08901977539062,0.007727623451501131,3.5248353481292725,0.010670528747141361,6.7812395095825195,0.013674118556082249,10.019282341003418,0.009846668690443039,13.364556312561035
2908878544,0,128.28314208984375,114.37101745605469,128.23182678222656,95.16736602783203,128.21022033691406,87.96822357177734,128.12509155273438,84.08642578125,0.007897437550127506,3.527212619781494,0.011825992725789547,6.7825164794921875,0.015558537095785141,10.020695686340332,0.012231528759002686,13.367510795593262
2933878544,0,128.265380859375,114.35931396484375,128.22589111328125,95.16224670410156,128.2051544189453,87.96330261230469,128.1196746826172,84.08029174804688,0.007404083851724863,3.5282976627349854,0.011525747366249561,6.784103870391846,0.015188286080956459,10.023907661437988,0.011707806028425694,13.374502182006836
2958878545,0,128.26991271972656,114.37337493896484,128.2251434326172,95.16343688964844,128.20416259765625,87.96220397949219,128.1181182861328,84.0810546875,0.007528022862970829,3.526993989944458,0.011487008072435856,6.783735275268555,0.015115898102521896,10.024625778198242,0.011554813012480736,13.373631477355957
2983878545,0,128.25917053222656,114.37284088134766,128.23985290527344,95.16297912597656,128.22129821777344,87.95972442626953,128.1320343017578,84.07609558105469,0.007228508125990629,3.527043581008911,0.01223774068057537,6.783877372741699,0.01638714037835598,10.0262451171875,0.012921438552439213,13.379287719726562
3008878545,0,128.25430297851562,114.39511108398438,128.22665405273438,95.16397094726562,128.2047119140625,87.957763671875,128.1142120361328,84.07243347167969,0.0070890216156840324,3.5249805450439453,0.011563814245164394,6.783568859100342,0.015160787850618362,10.02752685546875,0.011180666275322437,13.383467674255371
3033878546,0,128.25823974609375,114.3879165649414,128.2235870361328,95.16372680664062,128.2064971923828,87.95916748046875,128.122802734375,84.07306671142578,0.007199985906481743,3.525646686553955,0.011407456360757351,6.783645153045654,0.01529165729880333,10.026609420776367,0.012021012604236603,13.382744789123535
3058878546,0,128.25189208984375,114.38885498046875,128.20217895507812,95.16168212890625,128.18368530273438,87.96089172363281,128.10047912597656,84.07817840576172,0.00702285161241889,3.525559902191162,0.010316123254597187,6.7842793464660645,0.013600907288491726,10.025482177734375,0.009831619448959827,13.376912117004395
3083878546,0,128.25784301757812,114.38228607177734,128.22142028808594,95.15862274169922,128.20321655273438,87.96009063720703,128.11795043945312,84.07960510253906,0.007189879659563303,3.5261683464050293,0.01129939965903759,6.785228729248047,0.015047847293317318,10.026005744934082,0.011539778672158718,13.375284194946289
3108878547,0,128.24368286132812,114.3604507446289,128.21554565429688,95.16065979003906,128.1990509033203,87.96066284179688,128.11285400390625,84.07809448242188,0.006798530463129282,3.5281922817230225,0.010998640209436417,6.7845964431762695,0.014738859608769417,10.02563190460205,0.011042545549571514,13.377007484436035
3133878547,0,128.2417755126953,114.33588409423828,128.2199249267578,95.14697265625,128.2024383544922,87.95020294189453,128.11480712890625,84.06808471679688,0.006749231368303299,3.5304715633392334,0.01122873742133379,6.788845062255859,0.014999516308307648,10.032469749450684,0.011242972686886787,13.388434410095215
3158878548,0,128.24021911621094,114.32642364501953,128.22933959960938,95.1424560546875,128.21250915527344,87.94933319091797,128.123046875,84.0703125,0.006707282271236181,3.5313498973846436,0.011711709201335907,6.790247917175293,0.01574656181037426,10.033037185668945,0.0120476596057415,13.385889053344727
3183878548,0,128.23272705078125,114.3345718383789,128.2301483154297,95.1444320678711,128.2154998779297,87.94656372070312,128.12557983398438,84.06331634521484,0.006496842484921217,3.5305933952331543,0.011752004735171795,6.7896342277526855,0.015970943495631218,10.034850120544434,0.012302795425057411,13.393884658813477
3208878548,0,128.2337188720703,114.33355712890625,128.22454833984375,95.14157104492188,128.21083068847656,87.94396209716797,128.12362670898438,84.06049346923828,0.006524686701595783,3.5306875705718994,0.011467471718788147,6.790523052215576,0.015627453103661537,10.036552429199219,0.012114287354052067,13.397112846374512
3233878549,0,128.23744201660156,114.31956481933594,128.22434997558594,95.13407897949219,128.2119140625,87.9426040649414,128.12765502929688,84.06246185302734,0.006630816496908665,3.531987190246582,0.011461051180958748,6.792851448059082,0.01570909470319748,10.03744125366211,0.012506983242928982,13.394861221313477
3258878549,0,128.2414093017578,114.35111236572266,128.21864318847656,95.14642333984375,128.20791625976562,87.95054626464844,128.12741088867188,84.06935119628906,0.006736584939062595,3.5290582180023193,0.0111635597422719,6.789015293121338,0.015405063517391682,10.032243728637695,0.012475939467549324,13.386987686157227
3283878549,0,128.22169494628906,114.33953094482422,128.2084197998047,95.14241790771484,128.19761657714844,87.94868469238281,128.11380004882812,84.06903076171875,0.006188143976032734,3.5301332473754883,0.010643411427736282,6.79025936126709,0.014643643982708454,10.033462524414062,0.011143476702272892,13.387353897094727
3308878550,0,128.23121643066406,114.31632995605469,128.21920776367188,95.13981628417969,128.2074737548828,87.94780731201172,128.122314453125,84.06822204589844,0.006457454524934292,3.532287836074829,0.011195581406354904,6.791068077087402,0.015374918468296528,10.034036636352539,0.011978022754192352,13.388278007507324
3333878550,0,128.22108459472656,114.2997817993164,128.21963500976562,95.12893676757812,128.20623779296875,87.93891906738281,128.11781311035156,84.06088256835938,0.006176905706524849,3.5338261127471924,0.011222679167985916,6.794450759887695,0.01529185101389885,10.039855003356934,0.011544234119355679,13.39666748046875
3358878551,0,128.2227783203125,114.31597900390625,128.2228240966797,95.13638305664062,128.21163940429688,87.94371795654297,128.1242218017578,84.06492614746094,0.00622184481471777,3.532320499420166,0.011381967924535275,6.792135238647461,0.015687638893723488,10.036712646484375,0.012168128974735737,13.392045021057129
3383878551,0,128.23068237304688,114.27529907226562,128.23880004882812,95.12123107910156,128.22930908203125,87.9337158203125,128.1438751220703,84.05332946777344,0.006448792293667793,3.536104440689087,0.012206020765006542,6.796848297119141,0.017008062452077866,10.043264389038086,0.014106826856732368,13.405314445495605
3408878551,0,128.2197723388672,114.30259704589844,128.22117614746094,95.12848663330078,128.20846557617188,87.93820190429688,128.1190948486328,84.05915832519531,0.00613983441144228,3.533564567565918,0.011301646940410137,6.794590473175049,0.015457729808986187,10.040325164794922,0.011671499349176884,13.398641586303711
3433878552,0,128.2366485595703,114.30397033691406,128.23158264160156,95.12657928466797,128.22315979003906,87.93836212158203,128.1419677734375,84.05967712402344,0.006611094810068607,3.5334367752075195,0.011834373697638512,6.795184135437012,0.01654713787138462,10.0402193069458,0.013912485912442207,13.39804744720459
3458878552,0,128.23025512695312,114.3450927734375,128.2074432373047,95.14453125,128.1962432861328,87.9486312866211,128.11424255371094,84.06745147705078,0.00642623845487833,3.5296168327331543,0.010592575185000896,6.789603233337402,0.0145419305190444,10.03349781036377,0.011188271455466747,13.389158248901367
3483878552,0,128.23208618164062,114.32293701171875,128.2188720703125,95.13502502441406,128.20863342285156,87.9430160522461,128.12452697753906,84.0648422241211,0.006480732932686806,3.5316739082336426,0.011180751956999302,6.792557239532471,0.015465502627193928,10.037172317504883,0.012198107317090034,13.39214038848877
3508878553,0,128.2197723388672,114.30012512207031,128.21336364746094,95.13447570800781,128.20359802246094,87.94502258300781,128.118896484375,84.06791687011719,0.0061401925049722195,3.5337941646575928,0.010899621061980724,6.792727947235107,0.015090340748429298,10.035858154296875,0.011643602512776852,13.388627052307129
3533878553,0,128.21812438964844,114.29682159423828,128.215087890625,95.1244125366211,128.20550537109375,87.93498229980469,128.12142944335938,84.05652618408203,0.0060946266166865826,3.5341012477874756,0.010992486029863358,6.795858383178711,0.015241308137774467,10.042433738708496,0.011902891099452972,13.401653289794922
3558878554,0,128.2227325439453,114.2893295288086,128.22291564941406,95.12471008300781,128.21360778808594,87.93712615966797,128.1293182373047,84.05938720703125,0.006224486511200666,3.5347983837127686,0.011392391286790371,6.795765399932861,0.015840092673897743,10.04102897644043,0.012673166580498219,13.398378372192383
3583878554,0,128.2238006591797,114.25221252441406,128.23284912109375,95.11273956298828,128.22479248046875,87.93072509765625,128.14016723632812,84.05377960205078,0.006259830202907324,3.538254976272583,0.011906217783689499,6.799492359161377,0.016676191240549088,10.0452241897583,0.013742757961153984,13.40479850769043
3608878554,0,128.2291259765625,114.30960845947266,128.2299041748047,95.12703704833984,128.21865844726562,87.93618774414062,128.13165283203125,84.05694580078125,0.0064000883139669895,3.532912492752075,0.011748366989195347,6.795041561126709,0.016215579584240913,10.041644096374512,0.012904570437967777,13.40117359161377
3633878555,0,128.22666931152344,114.28843688964844,128.21771240234375,95.12567138671875,128.2083740234375,87.93863677978516,128.1270751953125,84.0593032836914,0.00633463729172945,3.534881591796875,0.011126010678708553,6.795466423034668,0.01545051857829094,10.040040016174316,0.012453436851501465,13.398475646972656
3658878555,0,128.23004150390625,114.33724975585938,128.20790100097656,95.14016723632812,128.19793701171875,87.94400024414062,128.1166534423828,84.0638656616211,0.006421465892344713,3.5303447246551514,0.010617950931191444,6.790958881378174,0.014671697281301022,10.036527633666992,0.011427775956690311,13.393257141113281
3683878555,0,128.21910095214844,114.32598114013672,128.21072387695312,95.13335418701172,128.20233154296875,87.94164276123047,128.1206512451172,84.06491088867188,0.006117695942521095,3.531391143798828,0.01076529175043106,6.793076992034912,0.014999651350080967,10.038070678710938,0.01181839033961296,13.392062187194824
3708878556,0,128.21075439453125,114.29353332519531,128.2058868408203,95.12767791748047,128.19952392578125,87.93983459472656,128.11825561523438,84.06134033203125,0.005889159627258778,3.534407377243042,0.010520762763917446,6.79484224319458,0.014793189242482185,10.039255142211914,0.011587155982851982,13.39614486694336
3733878556,0,128.21139526367188,114.28582763671875,128.2090606689453,95.11907196044922,128.2010498046875,87.93114471435547,128.11941528320312,84.05220031738281,0.005908144172281027,3.5351245403289795,0.010686920024454594,6.797520160675049,0.014914453029632568,10.044949531555176,0.011709658429026604,13.406607627868652
3758878557,0,128.21414184570312,114.27055358886719,128.21499633789062,95.11801147460938,128.20611572265625,87.9359130859375,128.122314453125,84.06056213378906,0.005987068638205528,3.536546230316162,0.010990848764777184,6.797850608825684,0.015285681001842022,10.041823387145996,0.011985629796981812,13.397034645080566
3783878557,0,128.22560119628906,114.26425170898438,128.23300170898438,95.11457824707031,128.22743225097656,87.93087768554688,128.1469268798828,84.05393981933594,0.006308394484221935,3.53713321685791,0.011913071386516094,6.798919200897217,0.01687186025083065,10.045124053955078,0.014405318535864353,13.404614448547363
3808878557,0,128.22543334960938,114.29844665527344,128.22254943847656,95.12395477294922,128.21226501464844,87.93447875976562,128.12733459472656,84.05541229248047,0.006298605352640152,3.5339503288269043,0.01137404702603817,6.7960004806518555,0.015743132680654526,10.042763710021973,0.012482884339988232,13.402928352355957
3833878558,0,128.2311553955078,114.29071807861328,128.22064208984375,95.12371826171875,128.21258544921875,87.93562316894531,128.1324462890625,84.0570297241211,0.006459659431129694,3.5346691608428955,0.011276681907474995,6.796073913574219,0.01576576568186283,10.042013168334961,0.012982254847884178,13.401078224182129
3858878558,0,128.22178649902344,114.32429504394531,128.20538330078125,95.13207244873047,128.19834899902344,87.94026947021484,128.12025451660156,84.06188201904297,0.006192927714437246,3.531547784805298,0.010493038222193718,6.79347562789917,0.014705675654113293,10.038969993591309,0.01178248692303896,13.395524978637695
3883878558,0,128.2219696044922,114.32121276855469,128.21270751953125,95.1298599243164,128.2062530517578,87.93848419189453,128.12664794921875,84.06185913085938,0.0061984919011592865,3.531834125518799,0.010868271812796593,6.794163703918457,0.01529339887201786,10.040139198303223,0.012408935464918613,13.395550727844238
3908878559,0,128.21340942382812,114.2904281616211,128.20513916015625,95.12651062011719,128.19932556152344,87.93738555908203,128.11947631835938,84.05900573730469,0.0059637874364852905,3.534696102142334,0.010483085177838802,6.795205116271973,0.014780753292143345,10.04085922241211,0.011709030717611313,13.398815155029297
3933878559,0,128.20648193359375,114.26927947998047,128.1998748779297,95.11206817626953,128.19259643554688,87.93114471435547,128.11325073242188,84.05542755126953,0.00577308377251029,3.5366649627685547,0.010220450349152088,6.799701690673828,0.014287357218563557,10.044949531555176,0.01110219955444336,13.402911186218262
3958878559,0,128.2158203125,114.28954315185547,128.2155303955078,95.12134552001953,128.2103271484375,87.93596649169922,128.13180541992188,84.06121826171875,0.006031286437064409,3.534778594970703,0.011016561649739742,6.796812534332275,0.015597950667142868,10.041789054870605,0.012914950959384441,13.396285057067871
3983878560,0,128.2248077392578,114.24885559082031,128.22885131835938,95.11286926269531,128.22206115722656,87.93067169189453,128.14126586914062,84.0518569946289,0.0062884981743991375,3.5385680198669434,0.011701732873916626,6.79945182800293,0.016473624855279922,10.045259475708008,0.013852682895958424,13.407000541687012
4008878560,0,128.2349090576172,114.29436492919922,128.2297821044922,95.12308502197266,128.22021484375,87.93316650390625,128.13597106933594,84.05438995361328,0.006563989911228418,3.534330129623413,0.011744135990738869,6.796271324157715,0.01633409596979618,10.043623924255371,0.013330668210983276,13.404099464416504
4033878561,0,128.23287963867188,114.3080825805664,128.22714233398438,95.12670135498047,128.21910095214844,87.93621063232422,128.1381378173828,84.0576171875,0.006505172699689865,3.5330543518066406,0.011607402004301548,6.7951459884643555,0.016248371452093124,10.04162883758545,0.013539472594857216,13.400404930114746
4058878561,0,128.22218322753906,114.31671142578125,128.2083740234375,95.12877655029297,128.201416015625,87.93778228759766,128.12298583984375,84.05915069580078,0.006205117329955101,3.532252550125122,0.010647350922226906,6.794500350952148,0.014935395680367947,10.04059886932373,0.012052830308675766,13.398650169372559
4083878561,0,128.22169494628906,114.31502532958984,128.2057342529297,95.12690734863281,128.19912719726562,87.93518829345703,128.12168884277344,84.05782318115234,0.006191727239638567,3.5324089527130127,0.010513314977288246,6.795081615447998,0.014768078923225403,10.042298316955566,0.011927034705877304,13.400169372558594
4108878562,0,128.20997619628906,114.27508544921875,128.20321655273438,95.11969757080078,128.19830322265625,87.93638610839844,128.11965942382812,84.0600814819336,0.005869974847882986,3.5361244678497314,0.010387895628809929,6.797325611114502,0.01470586471259594,10.041513442993164,0.011725930497050285,13.397584915161133
4133878562,0,128.21255493164062,114.29139709472656,128.20838928222656,95.11996459960938,128.2019500732422,87.93280029296875,128.12245178222656,84.05679321289062,0.005939772352576256,3.5346062183380127,0.010652189143002033,6.797242641448975,0.014979681000113487,10.043864250183105,0.012002837844192982,13.401348114013672
4158878562,0,128.21649169921875,114.26509094238281,128.2139892578125,95.11540222167969,128.2074432373047,87.93234252929688,128.1274871826172,84.05550384521484,0.006053549237549305,3.537055015563965,0.01094060018658638,6.798663139343262,0.015387579798698425,10.044164657592773,0.01249774917960167,13.402824401855469
4183878563,0,128.22726440429688,114.2528076171875,128.23269653320312,95.11253356933594,128.2269287109375,87.92833709716797,128.14547729492188,84.05133056640625,0.006356623489409685,3.5381994247436523,0.011898522265255451,6.799556732177734,0.016837190836668015,10.04679012298584,0.014266284182667732,13.407604217529297
4208878563,0,128.22413635253906,114.30194854736328,128.22406005859375,95.12060546875,128.2152099609375,87.9291000366211,128.13150024414062,84.05156707763672,0.006261848378926516,3.5336246490478516,0.011452910490334034,6.7970428466796875,0.01596694067120552,10.046289443969727,0.012895366176962852,13.407332420349121
4233878564,0,128.2300567626953,114.29582977294922,128.22801208496094,95.11957550048828,128.22048950195312,87.93155670166016,128.13946533203125,84.05422973632812,0.006428180728107691,3.534193754196167,0.01165543869137764,6.79736328125,0.016356121748685837,10.044678688049316,0.013673428446054459,13.404282569885254
4258878564,0,128.22750854492188,114.32086181640625,128.208740234375,95.1277847290039,128.20098876953125,87.93534088134766,128.12330627441406,84.05732727050781,0.006353219039738178,3.5318665504455566,0.010666520334780216,6.794808864593506,0.014905998483300209,10.04219913482666,0.012086060829460621,13.400736808776855
4283878564,0,128.2205047607422,114.32232666015625,128.20889282226562,95.1280517578125,128.20265197753906,87.9376449584961,128.1239471435547,84.06167602539062,0.006157424300909042,3.5317306518554688,0.010674194432795048,6.7947258949279785,0.015027174726128578,10.040689468383789,0.012144496664404869,13.395760536193848
4308878565,0,128.22232055664062,114.29878997802734,128.21255493164062,95.12752532958984,128.20765686035156,87.94013977050781,128.1300048828125,84.06351470947266,0.006211583036929369,3.5339183807373047,0.010861571878194809,6.794889450073242,0.015395890921354294,10.039055824279785,0.01273609884083271,13.393657684326172
4333878565,0,128.21212768554688,114.27122497558594,128.2050018310547,95.11346435546875,128.19781494140625,87.9290771484375,128.11912536621094,84.05179595947266,0.00593066168949008,3.5364835262298584,0.010481979697942734,6.799266338348389,0.01467638649046421,10.046305656433105,0.011681620962917805,13.407071113586426
4358878565,0,128.22122192382812,114.28009033203125,128.21925354003906,95.11995697021484,128.2135772705078,87.93194580078125,128.1337432861328,84.05546569824219,0.006183621473610401,3.535658121109009,0.011207538656890392,6.797245025634766,0.015842977911233902,10.044424057006836,0.013111085630953312,13.402868270874023
4383878566,0,128.22976684570312,114.27804565429688,128.23231506347656,95.11637878417969,128.22564697265625,87.92818450927734,128.14529418945312,84.0506820678711,0.006422780454158783,3.535848617553711,0.011877039447426796,6.798358917236328,0.016742253676056862,10.046891212463379,0.01424909383058548,13.408346176147461
4408878566,0,128.2288360595703,114.28972625732422,128.2280731201172,95.11979675292969,128.22267150878906,87.92878723144531,128.1434783935547,84.05240631103516,0.006394995376467705,3.534761428833008,0.011658447794616222,6.797294616699219,0.01652085781097412,10.04649543762207,0.014069005846977234,13.4063720703125
4433878567,0,128.2384033203125,114.25889587402344,128.22039794921875,95.11734771728516,128.2134246826172,87.92749786376953,128.1364288330078,84.04914855957031,0.0066672200337052345,3.5376322269439697,0.01126730814576149,6.7980570793151855,0.0158360805362463,10.047340393066406,0.013381365686655045,13.410104751586914
4458878567,0,128.2480926513672,114.28373718261719,128.22174072265625,95.12191009521484,128.2113800048828,87.9283218383789,128.12998962402344,84.0523910522461,0.0069341170601546764,3.5353188514709473,0.011333717964589596,6.796637058258057,0.015683555975556374,10.04680061340332,0.012746358290314674,13.406389236450195
4483878567,0,128.2574005126953,114.28541564941406,128.2338409423828,95.11944580078125,128.2255859375,87.92790222167969,128.14414978027344,84.05701446533203,0.007193983998149633,3.5351626873016357,0.011953463777899742,6.797403812408447,0.01673801802098751,10.047075271606445,0.014129437506198883,13.401095390319824
4508878568,0,128.26708984375,114.28077697753906,128.23817443847656,95.12239074707031,128.22215270996094,87.93086242675781,128.131591796875,84.05884552001953,0.007465606089681387,3.5355944633483887,0.012173432856798172,6.796487331390381,0.0164802186191082,10.045133590698242,0.012896554544568062,13.398998260498047
4533878568,0,128.240966796875,114.22213745117188,128.20755004882812,95.10855865478516,128.18728637695312,87.92727661132812,128.09400939941406,84.05754089355469,0.0067447773180902,3.541060209274292,0.010614526458084583,6.800795078277588,0.013896816410124302,10.047486305236816,0.009214318357408047,13.400492668151855
4558878568,0,128.17987060546875,114.18548583984375,128.14967346191406,95.09384155273438,128.1348114013672,87.91844177246094,128.053466796875,84.048828125,0.00503903953358531,3.5444843769073486,0.007659479510039091,6.805383682250977,0.010008678771555424,10.053284645080566,0.005244330037385225,13.41047191619873
4583878569,0,128.15695190429688,114.15721130371094,128.1146240234375,95.09479522705078,128.10386657714844,87.92188262939453,128.03268432617188,84.0487060546875,0.00439992593601346,3.5471298694610596,0.005865596234798431,6.805086135864258,0.0077096037566661835,10.051025390625,0.0032058986835181713,13.410612106323242
4608878569,0,128.19442749023438,114.12237548828125,128.14906311035156,95.07975006103516,128.14584350585938,87.91458129882812,128.0862274169922,84.0406723022461,0.0054550087079405785,3.550394296646118,0.007632902357727289,6.809782981872559,0.0108303502202034,10.055819511413574,0.00846340786665678,13.419825553894043
4633878570,0,128.21302795410156,114.14317321777344,128.15760803222656,95.08219909667969,128.15695190429688,87.90982055664062,128.10366821289062,84.02851867675781,0.005973928142338991,3.5484447479248047,0.008069596253335476,6.809018135070801,0.011658748611807823,10.058948516845703,0.010185541585087776,13.433789253234863
4658878570,0,128.2277069091797,114.03138732910156,128.17103576660156,95.04948425292969,128.1844482421875,87.89695739746094,128.1464385986328,84.01421356201172,0.006402552127838135,3.558945894241333,0.00876952987164259,6.819249629974365,0.013712326064705849,10.067411422729492,0.014404919929802418,13.450261116027832
4683878570,0,128.24871826171875,114.0003890991211,128.18699645996094,95.04586029052734,128.21437072753906,87.89544677734375,128.1924591064453,84.01348114013672,0.006998500321060419,3.5618677139282227,0.009589392691850662,6.820385456085205,0.015938350930809975,10.06840705871582,0.01893303357064724,13.451105117797852
4708878571,0,128.2685089111328,114.00841522216797,128.21224975585938,95.05618286132812,128.2391815185547,87.90617370605469,128.21360778808594,84.029541015625,0.007553931325674057,3.561110734939575,0.010879538021981716,6.817152976989746,0.017771027982234955,10.061347007751465,0.020985469222068787,13.43261432647705
4733878571,0,128.24822998046875,114.03739929199219,128.22027587890625,95.07447052001953,128.25070190429688,87.91682434082031,128.2242431640625,84.03959655761719,0.006978611461818218,3.558379650115967,0.011281993240118027,6.811432361602783,0.018614521250128746,10.054347038269043,0.02201191894710064,13.421060562133789
4758878571,0,128.2686767578125,113.90961456298828,128.2631378173828,95.03849792480469,128.30242919921875,87.9026870727539,128.276611328125,84.03700256347656,0.00757647305727005,3.570449113845825,0.013498321175575256,6.82269287109375,0.022475214675068855,10.063640594482422,0.027158280834555626,13.424039840698242
4783878572,0,128.2943572998047,113.91204833984375,128.26278686523438,95.03309631347656,128.30262756347656,87.89735412597656,128.28343200683594,84.02884674072266,0.00830016192048788,3.570218563079834,0.013483480550348759,6.824387073516846,0.022497499361634254,10.067150115966797,0.027846815064549446,13.433412551879883
4808878572,0,128.30245971679688,113.97654724121094,128.28643798828125,95.04911041259766,128.32948303222656,87.9014892578125,128.30935668945312,84.03166961669922,0.008515525609254837,3.5641181468963623,0.014686795882880688,6.819366931915283,0.024487581104040146,10.064428329467773,0.030386749655008316,13.430166244506836
4833878573,0,128.30682373046875,114.08161926269531,128.2880096435547,95.08263397216797,128.3313751220703,87.91151428222656,128.32257080078125,84.03384399414062,0.008616822771728039,3.554220199584961,0.01474593486636877,6.808882236480713,0.024612687528133392,10.057835578918457,0.03167898952960968,13.427667617797852
4858878573,0,128.33070373535156,114.16716003417969,128.33641052246094,95.1166763305664,128.39035034179688,87.91606140136719,128.3919219970703,84.03813171386719,0.009268627502024174,3.546198844909668,0.01719866693019867,6.7982659339904785,0.028984753414988518,10.054847717285156,0.038476113229990005,13.42274284362793
4883878573,0,128.33103942871094,114.17096710205078,128.35598754882812,95.11872100830078,128.40040588378906,87.90774536132812,128.3877716064453,84.03274536132812,0.009277197532355785,3.545842409133911,0.018197914585471153,6.797629356384277,0.029746953397989273,10.060314178466797,0.0380856990814209,13.428930282592773
4908878574,0,128.33822631835938,114.20084381103516,128.34344482421875,95.12289428710938,128.3719940185547,87.90754699707031,128.3451690673828,84.03741455078125,0.009471896104514599,3.543048858642578,0.01755356974899769,6.79633092880249,0.02763652242720127,10.060443878173828,0.03388826176524162,13.423565864562988
4933878574,0,128.30545043945312,114.32894897460938,128.321044921875,95.16027069091797,128.35533142089844,87.91930389404297,128.3306427001953,84.04853820800781,0.008528132922947407,3.531115770339966,0.01638222299516201,6.784717082977295,0.026379114016890526,10.052718162536621,0.03243211284279823,13.41080379486084
4958878574,0,128.2344970703125,114.4542236328125,128.2626953125,95.18048095703125,128.29238891601562,87.92765045166016,128.2682647705078,84.04938507080078,0.006527805235236883,3.5195157527923584,0.013393082655966282,6.778453350067139,0.021695008501410484,10.047240257263184,0.026311729103326797,13.409832954406738
4983878575,0,128.24212646484375,114.47061157226562,128.28392028808594,95.18086242675781,128.32098388671875,87.92433166503906,128.2949981689453,84.0534439086914,0.006737587507814169,3.518003225326538,0.014474962837994099,6.778334617614746,0.023821694776415825,10.049418449401855,0.02892402932047844,13.405182838439941
5008878575,0,128.13619995117188,114.35218811035156,128.17996215820312,95.16096496582031,128.19973754882812,87.9163818359375,128.15126037597656,84.0457763671875,0.0038005963433533907,3.528958559036255,0.00918280053883791,6.784501552581787,0.014830849133431911,10.05463695526123,0.014840243384242058,13.413969993591309
5033878576,0,128.06639099121094,114.31219482421875,128.0888671875,95.14569854736328,128.10467529296875,87.90298461914062,128.05751037597656,84.02835845947266,0.0018543608020991087,3.532672166824341,0.004537553992122412,6.78924036026001,0.0077788638882339,10.063444137573242,0.005650546867400408,13.433974266052246
5058878576,0,127.98462677001953,114.33382415771484,127.98808288574219,95.15095520019531,128.00201416015625,87.90323638916016,127.95770263671875,84.02142333984375,-0.000429168896516785,3.530662775039673,-0.000608349044341594,6.7876081466674805,0.0001496784097980708,10.063279151916504,-0.004158225376158953,13.441954612731934
5083878576,0,127.99757385253906,114.40968322753906,127.99327850341797,95.14820861816406,128.0106964111328,87.90347290039062,127.9678955078125,84.02314758300781,-6.760873657185584e-05,3.523632049560547,-0.00034316201345063746,6.788460731506348,0.0007948711863718927,10.063122749328613,-0.003155718557536602,13.439970016479492
5108878577,0,128.0350341796875,114.55309295654297,128.01123046875,95.17757415771484,128.03787231445312,87.91352844238281,128.01678466796875,84.03540802001953,0.0009729969315230846,3.510408878326416,0.0005726385279558599,6.779353141784668,0.0028125871904194355,10.056511878967285,0.0016481721540912986,13.425870895385742
5133878577,0,128.07757568359375,114.59773254394531,128.0246124267578,95.17737579345703,128.0520782470703,87.91156768798828,128.0361785888672,84.04096221923828,0.0021522354800254107,3.5063109397888184,0.001254991628229618,6.779414653778076,0.0038680676370859146,10.057801246643066,0.003550921566784382,13.419493675231934
5158878577,0,128.0594482421875,114.39387512207031,127.99044799804688,95.10767364501953,128.00990295410156,87.8932113647461,127.99646759033203,84.02021789550781,0.0016572442837059498,3.525094985961914,-0.0004885272937826812,6.8010711669921875,0.0007363829645328224,10.069878578186035,-0.0003473036631476134,13.443343162536621
5183878578,0,127.96800231933594,114.48684692382812,127.90096282958984,95.1312484741211,127.91239929199219,87.89952087402344,127.89041900634766,84.02342224121094,-0.0008900504326447845,3.516505718231201,-0.005059991497546434,6.793731689453125,-0.006511398125439882,10.06572437286377,-0.010771043598651886,13.439653396606445
5208878578,0,127.94407653808594,114.5373306274414,127.86260223388672,95.13215637207031,127.85954284667969,87.89611053466797,127.80516815185547,84.0164794921875,-0.0015537261497229338,3.5118579864501953,-0.007019629701972008,6.793449401855469,-0.010442479513585567,10.06796932220459,-0.01916166953742504,13.447649955749512
5233878578,0,127.93999481201172,114.61588287353516,127.8487319946289,95.16168212890625,127.85130310058594,87.91996002197266,127.81099700927734,84.03654479980469,-0.0016640559770166874,3.5046472549438477,-0.007718406617641449,6.7842793464660645,-0.011038512922823429,10.052287101745605,-0.018557416275143623,13.424565315246582
5258878579,0,127.97083282470703,114.54901885986328,127.89535522460938,95.13768768310547,127.92095947265625,87.90208435058594,127.90888977050781,84.02458953857422,-0.0008101314306259155,3.5107834339141846,-0.005345006473362446,6.79172945022583,-0.005874169059097767,10.064037322998047,-0.008954627439379692,13.438309669494629
5283878579,0,127.93922424316406,114.56556701660156,127.82278442382812,95.15320587158203,127.85274505615234,87.91889953613281,127.86322021484375,84.04061889648438,-0.0016874176217243075,3.509262800216675,-0.009045683778822422,6.786909580230713,-0.0109321977943182,10.052984237670898,-0.013425292447209358,13.41988754272461
5308878580,0,127.95639038085938,114.55802917480469,127.8580093383789,95.15044403076172,127.88655090332031,87.9205322265625,127.89602661132812,84.04360961914062,-0.0012110202806070447,3.5099551677703857,-0.007248549722135067,6.787766933441162,-0.00842159055173397,10.051912307739258,-0.010202725417912006,13.41645622253418
5333878580,0,128.05429077148438,114.55464172363281,127.94583892822266,95.15254211425781,127.96149444580078,87.91342163085938,127.95226287841797,84.05078887939453,0.0015077512944117188,3.5102663040161133,-0.0027646441012620926,6.787115573883057,-0.0028596341144293547,10.0565824508667,-0.004681568592786789,13.408225059509277
5358878580,0,128.09693908691406,114.45350646972656,127.96475219726562,95.13421630859375,127.98536682128906,87.90644073486328,127.98734283447266,84.04307556152344,0.002698584459722042,3.5195817947387695,-0.001800644095055759,6.792808532714844,-0.0010872172424569726,10.061171531677246,-0.0012420803541317582,13.417068481445312
5383878581,0,128.121337890625,114.3314208984375,128.0135498046875,95.10986328125,128.0582733154297,87.9040298461914,128.0892333984375,84.03770446777344,0.0033875382505357265,3.530885934829712,0.0006929250666871667,6.800388336181641,0.004330252762883902,10.06275749206543,0.008760611526668072,13.423233985900879
5408878581,0,128.16966247558594,114.4230728149414,128.09207153320312,95.14629364013672,128.15087890625,87.92422485351562,128.19618225097656,84.0540771484375,0.004726441577076912,3.5223934650421143,0.004701046738773584,6.789055824279785,0.011197494342923164,10.049488067626953,0.019234299659729004,13.404457092285156
5433878581,0,128.20130920410156,114.42867279052734,128.10841369628906,95.15520477294922,128.1693572998047,87.943115234375,128.21864318847656,84.07164764404297,0.005607313476502895,3.5218758583068848,0.005533325020223856,6.786289215087891,0.012553977780044079,10.03710651397705,0.021405238658189774,13.384366035461426
5458878582,0,128.2567901611328,114.35570526123047,128.14988708496094,95.13333129882812,128.20606994628906,87.94774627685547,128.23997497558594,84.09058380126953,0.007165015209466219,3.528632402420044,0.007657317910343409,6.793083667755127,0.015270949341356754,10.034076690673828,0.02345683053135872,13.362775802612305
5483878582,0,128.17970275878906,114.47317504882812,128.10110473632812,95.16034698486328,128.13848876953125,87.95584869384766,128.14585876464844,84.0945053100586,0.005000237841159105,3.5177667140960693,0.005159137770533562,6.784693717956543,0.010257589630782604,10.028778076171875,0.014252631925046444,13.358314514160156
5508878583,0,128.13941955566406,114.3360824584961,128.06370544433594,95.14010620117188,128.0894012451172,87.96431732177734,128.0897979736328,84.09219360351562,0.0038919178768992424,3.5304532051086426,0.0032535826321691275,6.790977954864502,0.006618260871618986,10.023245811462402,0.008776312693953514,13.360943794250488
5533878583,0,128.1788330078125,114.32994079589844,128.1563262939453,95.12325286865234,128.17288208007812,87.9842529296875,128.15480041503906,84.11621856689453,0.004992874339222908,3.5310232639312744,0.007989760488271713,6.796219348907471,0.012782277539372444,10.010245323181152,0.01509926002472639,13.333657264709473
5558878583,0,128.1781005859375,114.59767150878906,128.14952087402344,95.20992279052734,128.13784790039062,88.04354858398438,128.0975799560547,84.16142272949219,0.004941173829138279,3.5063164234161377,0.00761340232565999,6.769347190856934,0.010154308751225471,9.971770286560059,0.00948258861899376,13.282609939575195
5583878584,0,128.19403076171875,114.2557373046875,128.1878204345703,95.10196685791016,128.1826171875,87.98490142822266,128.14309692382812,84.10368347167969,0.005426696967333555,3.53792667388916,0.00960825476795435,6.802849292755127,0.01350151002407074,10.009822845458984,0.013972155749797821,13.347881317138672
5608878584,0,128.220458984375,114.21109008789062,128.2554931640625,95.09001922607422,128.2475128173828,87.9622802734375,128.21002197265625,84.07484436035156,0.00617236876860261,3.5420916080474854,0.01307692565023899,6.806576728820801,0.01832539774477482,10.024576187133789,0.020555773749947548,13.380715370178223
5633878584,0,128.21327209472656,114.28632354736328,128.2410125732422,95.07197570800781,128.2274169921875,87.9350357055664,128.1884002685547,84.0506591796875,0.005960528273135424,3.535078287124634,0.012345410883426666,6.8122124671936035,0.016866328194737434,10.042399406433105,0.018476570025086403,13.40837287902832
5658878585,0,128.23898315429688,114.33419799804688,128.2548828125,95.04368591308594,128.24749755859375,87.9070816040039,128.2128143310547,84.03024291992188,0.006671547889709473,3.530628204345703,0.013071916066110134,6.821066856384277,0.01838785409927368,10.060750007629395,0.020906297490000725,13.431806564331055
5683878585,0,128.15342712402344,114.32804870605469,128.2265625,95.05772399902344,128.23944091796875,87.9202880859375,128.21018981933594,84.05024719238281,0.004283754155039787,3.5311989784240723,0.011612406931817532,6.8166704177856445,0.01777452789247036,10.052071571350098,0.020614193752408028,13.408844947814941
5708878586,0,128.1912841796875,114.53759765625,128.20213317871094,95.12405395507812,128.20130920410156,87.93540954589844,128.1593780517578,84.05216217041016,0.005314430221915245,3.5118331909179688,0.010330569930374622,6.7959699630737305,0.014929698780179024,10.042153358459473,0.01562838815152645,13.40665054321289
5733878586,0,128.2035675048828,114.59235382080078,128.174560546875,95.11563873291016,128.1671600341797,87.91543579101562,128.12356567382812,84.03887176513672,0.005648426245898008,3.5068042278289795,0.008924642577767372,6.798589706420898,0.012412652373313904,10.055259704589844,0.012130053713917732,13.421894073486328
5758878586,0,128.2954864501953,114.90103912353516,128.22544860839844,95.22525024414062,128.21347045898438,87.97309112548828,128.17120361328125,84.10096740722656,0.00813992414623499,3.4786934852600098,0.011471964418888092,6.764615535736084,0.015794267877936363,10.017520904541016,0.016720278188586235,13.350966453552246
5783878587,0,128.32717895507812,114.71417236328125,128.29042053222656,95.17825317382812,128.2815399169922,87.9537353515625,128.24183654785156,84.08840942382812,0.009052406065165997,3.4956624507904053,0.014808028936386108,6.7791428565979,0.020855866372585297,10.030158996582031,0.023643044754862785,13.365251541137695
5808878587,0,128.36480712890625,114.65742492675781,128.38604736328125,95.17459106445312,128.37478637695312,87.94532775878906,128.3170623779297,84.09022521972656,0.010106931440532207,3.500844717025757,0.019686982035636902,6.780277252197266,0.027778001502156258,10.035658836364746,0.030992809683084488,13.363183975219727
5833878587,0,128.3358917236328,114.47966003417969,128.39132690429688,95.11639404296875,128.39305114746094,87.91082763671875,128.33741760253906,84.06166076660156,0.009344776161015034,3.5171685218811035,0.020006461068987846,6.798354148864746,0.029194897040724754,10.058286666870117,0.03306064009666443,13.395777702331543
5858878588,0,128.29808044433594,114.47373962402344,128.33529663085938,95.13386535644531,128.3348388671875,87.92328643798828,128.2836456298828,84.06515502929688,0.008293991908431053,3.517714500427246,0.01712898537516594,6.792917728424072,0.024851569905877113,10.050104141235352,0.027783939614892006,13.391782760620117
5883878588,0,128.23570251464844,114.2613525390625,128.30294799804688,95.08087158203125,128.29824829101562,87.91705322265625,128.23912048339844,84.07331848144531,0.006591305136680603,3.537403106689453,0.015511954203248024,6.809432506561279,0.022144503891468048,10.05419635772705,0.023406732827425003,13.382457733154297
5908878589,0,128.17706298828125,114.25056457519531,128.25033569335938,95.07648468017578,128.24879455566406,87.91404724121094,128.19635009765625,84.06356811523438,0.004952744580805302,3.5384087562561035,0.012820465490221977,6.810803413391113,0.018476122990250587,10.056170463562012,0.019235610961914062,13.393596649169922
5933878589,0,128.1291046142578,114.4604263305664,128.0779266357422,95.11618041992188,128.0653839111328,87.91697692871094,128.02780151367188,84.06071472167969,0.0035934203770011663,3.5189428329467773,0.003984010778367519,6.7984209060668945,0.004854683764278889,10.054245948791504,0.0027242442592978477,13.396860122680664
5958878589,0,128.1129608154297,114.3852767944336,128.0360107421875,95.10636138916016,128.01593017578125,87.90617370605469,127.97376251220703,84.05635070800781,0.0031496582087129354,3.5258913040161133,0.0018418367253616452,6.801479339599609,0.001183601445518434,10.061347007751465,-0.0025719173718243837,13.401853561401367
5983878590,0,128.06118774414062,114.30316162109375,127.95849609375,95.06612396240234,127.92833709716797,87.88381958007812,127.884033203125,84.03668975830078,0.0017093942733481526,3.5335118770599365,-0.0021264979150146246,6.814042091369629,-0.005331999622285366,10.076069831848145,-0.011386159807443619,13.424399375915527
6008878590,0,128.03396606445312,114.253662109375,127.93445587158203,95.03173828125,127.89295196533203,87.8612060546875,127.8396224975586,84.0241928100586,0.0009500173036940396,3.5381200313568115,-0.003363239113241434,6.824812889099121,-0.007976146414875984,10.091005325317383,-0.015762975439429283,13.438767433166504
6033878590,0,127.99946594238281,114.42202758789062,127.87844848632812,95.07996368408203,127.83428955078125,87.87315368652344,127.77867126464844,84.03173065185547,-1.4878095498715993e-05,3.5224902629852295,-0.006224090699106455,6.809716701507568,-0.012337788008153439,10.083107948303223,-0.02174004167318344,13.430097579956055
6058878591,0,127.92851257324219,114.56916809082031,127.80722045898438,95.13846588134766,127.76046752929688,87.89156341552734,127.70203399658203,84.06133270263672,-0.0019846553914248943,3.508932113647461,-0.009846389293670654,6.791487693786621,-0.017813464626669884,10.070964813232422,-0.029195912182331085,13.396153450012207
6083878591,0,127.89256286621094,114.41204833984375,127.751953125,95.11463165283203,127.71311950683594,87.90186309814453,127.66481018066406,84.07471466064453,-0.0029937520157545805,3.5234131813049316,-0.01268228329718113,6.798903465270996,-0.021320808678865433,10.064183235168457,-0.03280685469508171,13.380863189697266
6108878592,0,127.76757049560547,114.50739288330078,127.57108306884766,95.11314392089844,127.50425720214844,87.88026428222656,127.44601440429688,84.05442810058594,-0.006462155841290951,3.514612913131714,-0.021931322291493416,6.799366474151611,-0.03689345344901085,10.078414916992188,-0.05431284010410309,13.40405559539795
6133878592,0,127.80120849609375,114.36518859863281,127.6133804321289,95.10234069824219,127.52677917480469,87.86486053466797,127.45625305175781,84.02618408203125,-0.005545482039451599,3.5277528762817383,-0.019777823239564896,6.802732944488525,-0.03525155410170555,10.088589668273926,-0.05343423783779144,13.436474800109863
6158878592,0,127.80181884765625,114.4182357788086,127.6052474975586,95.10317993164062,127.51927947998047,87.85336303710938,127.44298553466797,84.00670623779297,-0.005521541927009821,3.522840738296509,-0.020193135365843773,6.802471160888672,-0.03583619371056557,10.096195220947266,-0.05482683703303337,13.4589204788208
6183878593,0,127.89859771728516,114.46861267089844,127.73986053466797,95.13310241699219,127.68489074707031,87.86995697021484,127.61666107177734,84.01673126220703,-0.0028218263760209084,3.5181875228881836,-0.013289939612150192,6.793155193328857,-0.0234658382833004,10.085221290588379,-0.03770051151514053,13.447360038757324
6208878593,0,127.85762023925781,114.64034271240234,127.66681671142578,95.17774963378906,127.62459564208984,87.8961410522461,127.57665252685547,84.04773712158203,-0.003946191631257534,3.5024073123931885,-0.01698879525065422,6.779298782348633,-0.0279098991304636,10.067949295043945,-0.04152810573577881,13.411722183227539
6233878593,0,127.86714935302734,114.58650970458984,127.72742462158203,95.14484405517578,127.71659851074219,87.89247131347656,127.68650817871094,84.04895782470703,-0.0036867379676550627,3.507340431213379,-0.013918197713792324,6.789505958557129,-0.021074695512652397,10.070365905761719,-0.030748743563890457,13.410323143005371
6258878594,0,127.83451080322266,114.57489013671875,127.6700439453125,95.12345886230469,127.6421127319336,87.87358093261719,127.61404418945312,84.03243255615234,-0.004593743477016687,3.508406639099121,-0.016863740980625153,6.796154499053955,-0.02664538286626339,10.082826614379883,-0.037908341735601425,13.429289817810059
6283878594,0,127.85722351074219,114.49684143066406,127.71968078613281,95.09032440185547,127.70403289794922,87.85923767089844,127.69437408447266,84.02667999267578,-0.003970550373196602,3.515584945678711,-0.014347408898174763,6.80648136138916,-0.022055238485336304,10.092307090759277,-0.030032746493816376,13.435904502868652
6308878595,0,127.89924621582031,114.43778228759766,127.77900695800781,95.08323669433594,127.76966094970703,87.86248016357422,127.75215911865234,84.034912109375,-0.0028058169409632683,3.521034002304077,-0.01131442654877901,6.808694362640381,-0.017161177471280098,10.09016227722168,-0.0243377648293972,13.426441192626953
6333878595,0,127.95426177978516,114.45935821533203,127.86283111572266,95.12776184082031,127.86080932617188,87.9162826538086,127.83642578125,84.07676696777344,-0.00127308233641088,3.5190415382385254,-0.007009268272668123,6.794816493988037,-0.010335206054151058,10.054702758789062,-0.016007177531719208,13.378520965576172
6358878595,0,127.9845199584961,114.45082092285156,127.92053985595703,95.14204406738281,127.93231964111328,87.93434143066406,127.91488647460938,84.08932495117188,-0.00043095971341244876,3.519829750061035,-0.004057871177792549,6.790375232696533,-0.005019716452807188,10.042854309082031,-0.008320456370711327,13.364209175109863
6383878596,0,128.01593017578125,114.54081726074219,127.9853744506836,95.19538116455078,128.00369262695312,87.95592498779297,127.9841537475586,84.09980010986328,0.00044255307875573635,3.5115370750427246,-0.0007451802375726402,6.773841857910156,0.00027350426535122097,10.028728485107422,-0.0015477435663342476,13.352293014526367
6408878596,0,128.021484375,114.55224609375,128.0249481201172,95.1729736328125,128.05552673339844,87.94378662109375,128.0377197265625,84.09445190429688,0.0005966929020360112,3.510486602783203,0.0012723503168672323,6.780778408050537,0.0041158669628202915,10.036667823791504,0.0036858103703707457,13.35837459564209
6433878596,0,127.97085571289062,114.443115234375,127.9655532836914,95.12957000732422,127.99297332763672,87.92366790771484,127.9738998413086,84.0735855102539,-0.000811515492387116,3.520541191101074,-0.0017600739374756813,6.794253349304199,-0.0005215035635046661,10.049854278564453,-0.0025548036210238934,13.382152557373047
6458878597,0,127.99105834960938,114.32060241699219,127.96139526367188,95.06137084960938,127.99309539794922,87.87708282470703,127.97139739990234,84.03467559814453,-0.0002496988163329661,3.531890869140625,-0.001978363608941436,6.8155293464660645,-0.0005139473360031843,10.080514907836914,-0.0028088062535971403,13.426712989807129
6483878597,0,128.11669921875,114.15589904785156,128.12786865234375,95.06451416015625,128.1439208984375,87.91596984863281,128.08787536621094,84.08345031738281,0.003271600464358926,3.547252893447876,0.006551947444677353,6.814545631408691,0.010686646215617657,10.054908752441406,0.008594623766839504,13.370902061462402
6508878597,0,128.2932891845703,114.37962341308594,128.25852966308594,95.1374740600586,128.24449157714844,87.93893432617188,128.15757751464844,84.09498596191406,0.008178800344467163,3.5264151096343994,0.013205203227698803,6.7917962074279785,0.018128225579857826,10.03984546661377,0.015397120267152786,13.357767105102539
6533878598,0,128.30213928222656,114.40177917480469,128.25241088867188,95.12635803222656,128.22824096679688,87.92283630371094,128.1340789794922,84.08085632324219,0.008421195670962334,3.5243635177612305,0.012898864224553108,6.795252799987793,0.0169404074549675,10.050399780273438,0.013116369023919106,13.373858451843262
6558878598,0,128.31417846679688,114.44570922851562,128.29177856445312,95.15966033935547,128.2608184814453,87.955322265625,128.16294860839844,84.11577606201172,0.008747687563300133,3.5203018188476562,0.014889216050505638,6.784906387329102,0.019318947568535805,10.029122352600098,0.01589461788535118,13.334159851074219
6583878599,0,128.34103393554688,114.3510513305664,128.29595947265625,95.10598754882812,128.26864624023438,87.92347717285156,128.1776580810547,84.09052276611328,0.009516648948192596,3.5290639400482178,0.015137646347284317,6.801596164703369,0.019938549026846886,10.049979209899902,0.017365628853440285,13.362845420837402
6608878599,0,128.29437255859375,114.68052673339844,128.20291137695312,95.2314453125,128.1668243408203,87.98062896728516,128.0658721923828,84.12884521484375,0.00815113727003336,3.4987332820892334,0.01032240316271782,6.762704849243164,0.012337187305092812,10.012605667114258,0.006418496370315552,13.319360733032227
6633878599,0,128.29588317871094,114.69295501708984,128.1728973388672,95.23385620117188,128.12799072265625,87.97834777832031,128.030517578125,84.13333129882812,0.008190580643713474,3.49759840965271,0.008794630877673626,6.761961460113525,0.009466670453548431,10.014092445373535,0.0029724917840212584,13.314288139343262
6658878600,0,128.2201690673828,114.63895416259766,128.11483764648438,95.23635864257812,128.042724609375,87.99940490722656,127.91585540771484,84.167236328125,0.006102396175265312,3.5025343894958496,0.0058407261967659,6.761190414428711,0.003155912272632122,10.000387191772461,-0.008173064328730106,13.27607250213623
6683878600,0,128.1894073486328,114.75326538085938,128.10263061523438,95.28114318847656,128.00819396972656,88.02141571044922,127.85841369628906,84.18976593017578,0.005235741380602121,3.492100238800049,0.005209826398640871,6.747414588928223,0.00060442736139521,9.986098289489746,-0.013727027922868729,13.250795364379883
6708878600,0,128.127685546875,114.93061065673828,128.0673828125,95.32886505126953,127.98243713378906,88.02578735351562,127.83718872070312,84.18771362304688,0.003514999756589532,3.4760217666625977,0.0034135489258915186,6.732793807983398,-0.0012951696990057826,9.98326587677002,-0.015787484124302864,13.253094673156738
6733878601,0,128.01852416992188,114.99246978759766,127.97674560546875,95.35001373291016,127.89908599853516,88.03033447265625,127.75731658935547,84.19053649902344,0.0005092101055197418,3.470445156097412,-0.001176978461444378,6.7263336181640625,-0.007439769804477692,9.98031997680664,-0.023527076467871666,13.249933242797852
6758878601,0,127.88054656982422,115.48436737060547,127.8010025024414,95.51156616210938,127.71232604980469,88.0946044921875,127.58358001708984,84.25483703613281,-0.0032465055119246244,3.4266624450683594,-0.010002686642110348,6.677367210388184,-0.021123742684721947,9.938868522644043,-0.040158241987228394,13.178312301635742
6783878602,0,127.84778594970703,115.78955078125,127.80522918701172,95.68809509277344,127.72938537597656,88.22856903076172,127.60590362548828,84.37657928466797,-0.00410804245620966,3.3999931812286377,-0.009717272594571114,6.624625205993652,-0.019707053899765015,9.853523254394531,-0.037631578743457794,13.044748306274414
6808878602,0,127.8189697265625,115.70143127441406,127.74723815917969,95.62677001953125,127.681396484375,88.18204498291016,127.56742858886719,84.33182525634766,-0.004895602818578482,3.4076552391052246,-0.012643222697079182,6.642858028411865,-0.02326846681535244,9.883001327514648,-0.04145539924502373,13.093541145324707
6833878602,0,127.97046661376953,115.4501724243164,127.90010070800781,95.47799682617188,127.82477569580078,88.10596466064453,127.68743133544922,84.25614166259766,-0.0008032899932004511,3.429673671722412,-0.005028657149523497,6.6874871253967285,-0.012857549823820591,9.931575775146484,-0.03013993613421917,13.17686653137207
6858878603,0,127.97284698486328,115.53802490234375,127.87427520751953,95.51604461669922,127.79912567138672,88.11006164550781,127.66500854492188,84.24980926513672,-0.0007370551466010511,3.4219462871551514,-0.006318402476608753,6.676019668579102,-0.014735940843820572,9.928948402404785,-0.03231878578662872,13.183884620666504
6883878603,0,127.92573547363281,115.7378921508789,127.8363265991211,95.54265594482422,127.7654800415039,88.09764099121094,127.65067291259766,84.24346160888672,-0.002006661845371127,3.4044811725616455,-0.008216243237257004,6.668021202087402,-0.017217425629496574,9.936918258666992,-0.03371930494904518,13.190926551818848
6908878603,0,127.80524444580078,115.79578399658203,127.71575164794922,95.55355834960938,127.63055419921875,88.06867980957031,127.51808166503906,84.20756530761719,-0.005255429539829493,3.3994524478912354,-0.014262381941080093,6.664749622344971,-0.027171973139047623,9.955549240112305,-0.04665466025471687,13.230891227722168
6933878604,0,127.70323944091797,115.6802749633789,127.58633422851562,95.46018981933594,127.47757720947266,88.000732421875,127.34870147705078,84.152587890625,-0.008029184304177761,3.409499406814575,-0.020838607102632523,6.692866325378418,-0.03858627751469612,9.999524116516113,-0.06333765387535095,13.292556762695312
6958878604,0,127.61779022216797,115.76486206054688,127.46475982666016,95.45759582519531,127.34024047851562,87.98723602294922,127.20999908447266,84.16017150878906,-0.010321121662855148,3.40213680267334,-0.026965957134962082,6.693650722503662,-0.04877113550901413,10.008302688598633,-0.07677830755710602,13.284016609191895
6983878605,0,127.53044891357422,115.77691650390625,127.34603118896484,95.48302459716797,127.19060516357422,88.01378631591797,127.0232925415039,84.17779541015625,-0.01267617754638195,3.401089668273926,-0.03291195258498192,6.685969352722168,-0.05973336845636368,9.991045951843262,-0.09478649497032166,13.264213562011719
7008878605,0,127.71099853515625,115.71478271484375,127.58001708984375,95.50337982177734,127.45663452148438,88.03492736816406,127.31311798095703,84.18312072753906,-0.007813082076609135,3.4064924716949463,-0.021117959171533585,6.679832458496094,-0.04004752263426781,9.977346420288086,-0.06663067638874054,13.258240699768066
7033878605,0,127.7563705444336,115.67121887207031,127.58876037597656,95.50492095947266,127.47622680664062,88.04174041748047,127.35552215576172,84.18959045410156,-0.0065930308774113655,3.4102895259857178,-0.02067696675658226,6.679368495941162,-0.03858712315559387,9.972939491271973,-0.062484100461006165,13.250991821289062
7058878606,0,127.64946746826172,115.72319793701172,127.37637329101562,95.49110412597656,127.22921752929688,88.02210235595703,127.10584259033203,84.16825866699219,-0.009474734775722027,3.405759811401367,-0.03137414529919624,6.683532238006592,-0.0568542554974556,9.985652923583984,-0.08684327453374863,13.274923324584961
7083878606,0,127.60386657714844,115.80571746826172,127.31877899169922,95.51934814453125,127.14287567138672,88.03840637207031,126.9913330078125,84.17560577392578,-0.010687136091291904,3.3985908031463623,-0.034230511635541916,6.675025463104248,-0.06315871328115463,9.975095748901367,-0.09790568053722382,13.266671180725098
7108878606,0,127.54138946533203,115.5864028930664,127.20996856689453,95.45877838134766,127.0562744140625,88.02582550048828,126.9445571899414,84.1596908569336,-0.012434938922524452,3.4177041053771973,-0.039800599217414856,6.69329309463501,-0.06959466636180878,9.983241081237793,-0.10258002579212189,13.284558296203613
7133878607,0,127.6826400756836,115.41321563720703,127.35684967041016,95.4395523071289,127.24176788330078,88.02864074707031,127.18057250976562,84.15414428710938,-0.008639344945549965,3.432934045791626,-0.032427527010440826,6.699110984802246,-0.05590570345520973,9.981416702270508,-0.07967770099639893,13.290802955627441
7158878607,0,127.78211975097656,115.31835174560547,127.547119140625,95.41616821289062,127.47017669677734,88.02119445800781,127.4177017211914,84.14801025390625,-0.005944243632256985,3.4413280487060547,-0.022856974974274635,6.70620059967041,-0.03908289968967438,9.986241340637207,-0.05664883926510811,13.29771614074707
7183878608,0,127.76200866699219,115.4374771118164,127.5984878540039,95.43323516845703,127.53606414794922,88.01326751708984,127.47457122802734,84.14268493652344,-0.006475111003965139,3.430793285369873,-0.020249631255865097,6.701025485992432,-0.034239593893289566,9.99138355255127,-0.051138706505298615,13.303723335266113
7208878608,0,127.75761413574219,115.4151382446289,127.54764556884766,95.4131851196289,127.48287200927734,88.009765625,127.42111206054688,84.13642883300781,-0.006598067469894886,3.4327642917633057,-0.022833315655589104,6.70710563659668,-0.038173653185367584,9.993656158447266,-0.056370802223682404,13.310787200927734
7233878608,0,127.76580810546875,115.18547058105469,127.50846862792969,95.35382843017578,127.4546127319336,87.9899673461914,127.39102172851562,84.1169662475586,-0.006408920045942068,3.4531476497650146,-0.024873897433280945,6.725170135498047,-0.04030955955386162,10.006525039672852,-0.059396181255578995,13.332810401916504
7258878609,0,127.98255920410156,115.04402923583984,127.81981658935547,95.32809448242188,127.74484252929688,87.99862670898438,127.6318588256836,84.12244415283203,-0.00047885498497635126,3.465808868408203,-0.009128221310675144,6.733029365539551,-0.018848475068807602,10.000892639160156,-0.035890113562345505,13.326604843139648
7283878609,0,128.16409301757812,114.94107818603516,128.00506591796875,95.30640411376953,127.89751434326172,87.98942565917969,127.75843048095703,84.10641479492188,0.004516144283115864,3.4750771522521973,0.0002568819036241621,6.739667892456055,-0.007574968971312046,10.006877899169922,-0.023581815883517265,13.344779968261719
7308878609,0,128.1450653076172,115.007080078125,127.96971893310547,95.32785034179688,127.85968017578125,88.00283813476562,127.71275329589844,84.11993408203125,0.003986339550465345,3.469130277633667,-0.0015340768732130527,6.733104705810547,-0.010362694039940834,9.99815559387207,-0.028009504079818726,13.329446792602539
7333878610,0,128.1211395263672,115.6212387084961,127.98197174072266,95.57039642333984,127.86090087890625,88.12109375,127.6846923828125,84.22146606445312,0.0032819996122270823,3.4146554470062256,-0.0009039357537403703,6.659702777862549,-0.010197191499173641,9.921880722045898,-0.03049030713737011,13.215387344360352
7358878610,0,128.09414672851562,115.86524200439453,127.96629333496094,95.65049743652344,127.81788635253906,88.1488037109375,127.59913635253906,84.24723815917969,0.002536502666771412,3.3934359550476074,-0.0016843260964378715,6.6357927322387695,-0.013327625580132008,9.904169082641602,-0.03868202120065689,13.186736106872559
7383878611,0,128.11451721191406,115.77362060546875,128.00973510742188,95.63197326660156,127.8409194946289,88.17684173583984,127.59152221679688,84.28681945800781,0.003091782331466675,3.4013757705688477,0.000486845790874213,6.641307830810547,-0.011621812358498573,9.886309623718262,-0.03928977996110916,13.142967224121094
7408878611,0,128.2006072998047,115.46858215332031,128.0543670654297,95.48058319091797,127.87261962890625,88.10101318359375,127.59934997558594,84.22734069824219,0.00545408483594656,3.428051710128784,0.002736387774348259,6.686706066131592,-0.00934974942356348,9.93475341796875,-0.038724321871995926,13.208847045898438
7433878611,0,128.140869140625,115.63909912109375,127.9483413696289,95.52642822265625,127.81813049316406,88.1118392944336,127.59850311279297,84.21676635742188,0.0038149666506797075,3.4130942821502686,-0.002595001133158803,6.672896862030029,-0.013340294361114502,9.92780876159668,-0.038839761167764664,13.220625877380371
7458878612,0,128.10784912109375,115.64356994628906,128.00177001953125,95.48475646972656,127.9195785522461,88.08244323730469,127.74778747558594,84.19674682617188,0.0029204310849308968,3.412703275680542,8.907229494070634e-05,6.685446739196777,-0.0059097688645124435,9.946686744689941,-0.02443842776119709,13.242981910705566
7483878612,0,128.0785369873047,115.53759765625,127.9559555053711,95.53451538085938,127.896240234375,88.17176818847656,127.75535583496094,84.285888671875,0.0021318686194717884,3.4219837188720703,-0.002211754908785224,6.67046594619751,-0.007582669612020254,9.88953685760498,-0.023533089086413383,13.143994331359863
7508878612,0,127.97368621826172,115.4275894165039,127.87767791748047,95.57196807861328,127.82582092285156,88.26084899902344,127.70047760009766,84.40131378173828,-0.0007160909590311348,3.4316654205322266,-0.006132811773568392,6.659231662750244,-0.01265911664813757,9.833168029785156,-0.028543831780552864,13.01793384552002
7533878613,0,127.99964141845703,115.4405746459961,127.89391326904297,95.56591796875,127.84016418457031,88.24537658691406,127.7178955078125,84.39360809326172,-9.755352948559448e-06,3.4305198192596436,-0.005320192780345678,6.661044597625732,-0.011627730913460255,9.842914581298828,-0.026900656521320343,13.026275634765625
7558878613,0,127.9908676147461,115.00773620605469,127.91815948486328,95.35089111328125,127.86508178710938,88.07901763916016,127.74906921386719,84.23094177246094,-0.0002509506302885711,3.46907114982605,-0.004142051562666893,6.726065635681152,-0.009916574694216251,9.948890686035156,-0.024246256798505783,13.204839706420898
7583878614,0,127.93404388427734,114.82311248779297,127.86524963378906,95.31197357177734,127.83908081054688,88.05464935302734,127.74757385253906,84.21586608886719,-0.0018202350474894047,3.4857518672943115,-0.006831272039562464,6.73796272277832,-0.01184561662375927,9.964598655700684,-0.0244208462536335,13.22162914276123
7608878614,0,127.86338806152344,114.74030303955078,127.85480499267578,95.25761413574219,127.84103393554688,87.99285888671875,127.74032592773438,84.17378234863281,-0.0037774755619466305,3.4932804107666016,-0.007377974689006805,6.754645824432373,-0.011747054755687714,10.004644393920898,-0.025208888575434685,13.268717765808105
7633878614,0,127.87747955322266,114.63353729248047,127.84602355957031,95.21334075927734,127.81441497802734,87.9577865600586,127.70892333984375,84.15010070800781,-0.003396314103156328,3.503030300140381,-0.00783911906182766,6.768291473388672,-0.013744245283305645,10.027511596679688,-0.028312494978308678,13.29535961151123
7658878615,0,127.95581817626953,115.11576080322266,127.93724822998047,95.42973327636719,127.8979263305664,88.09092712402344,127.80570983886719,84.26524353027344,-0.0012110392563045025,3.4593772888183594,-0.0031652592588216066,6.702086448669434,-0.00749692739918828,9.941231727600098,-0.01872083730995655,13.166790962219238
7683878615,0,127.85505676269531,115.52812194824219,127.82634735107422,95.55174255371094,127.78015899658203,88.14624786376953,127.6785888671875,84.328369140625,-0.003935307264328003,3.4228155612945557,-0.008713828399777412,6.665294170379639,-0.016091175377368927,9.905799865722656,-0.0308110062032938,13.097323417663574
7708878615,0,127.72605895996094,115.34419250488281,127.64801788330078,95.51251983642578,127.62445831298828,88.1451416015625,127.55909729003906,84.31527709960938,-0.007469247095286846,3.439037799835205,-0.017691800370812416,6.677080154418945,-0.02748950384557247,9.906505584716797,-0.042310602962970734,13.111673355102539
7733878616,0,127.87715911865234,115.31471252441406,127.70767974853516,95.55606842041016,127.6478500366211,88.19960021972656,127.55135345458984,84.35474395751953,-0.0033516460098326206,3.441650629043579,-0.014665833674371243,6.663997173309326,-0.025690585374832153,9.871858596801758,-0.0429161936044693,13.068510055541992
7758878616,0,127.8135986328125,115.52130889892578,127.64432525634766,95.58061981201172,127.57293701171875,88.19391632080078,127.46715545654297,84.36705780029297,-0.005061715841293335,3.4234142303466797,-0.0178257767111063,6.656641960144043,-0.031166687607765198,9.875463485717773,-0.05091957375407219,13.055099487304688
7783878616,0,127.92842102050781,115.8760757446289,127.76203918457031,95.72935485839844,127.67537689208984,88.25627899169922,127.55015563964844,84.41920471191406,-0.0019280059495940804,3.3924994468688965,-0.011851413175463676,6.612411022186279,-0.023599831387400627,9.836044311523438,-0.04280742630362511,12.998602867126465
7808878617,0,127.86026000976562,115.88469696044922,127.6629409790039,95.74320983886719,127.57550048828125,88.26547241210938,127.46411895751953,84.4186782836914,-0.003763207932934165,3.391754150390625,-0.01677711121737957,6.608319282531738,-0.030843321233987808,9.830259323120117,-0.05099688470363617,12.999170303344727
7833878617,0,127.82652282714844,115.92842102050781,127.47249603271484,95.79133605957031,127.36910247802734,88.31427764892578,127.26812744140625,84.45574188232422,-0.004667103290557861,3.3879804611206055,-0.026203393936157227,6.594142436981201,-0.045702677220106125,9.799654960632324,-0.06944108754396439,12.959300994873047
7858878618,0,127.65827178955078,115.83157348632812,127.28260803222656,95.73767852783203,127.17723083496094,88.28886413574219,127.07575225830078,84.42644500732422,-0.009213919751346111,3.3963499069213867,-0.035716500133275986,6.609951972961426,-0.059694986790418625,9.815567970275879,-0.08790065348148346,12.990796089172363
7883878618,0,127.55755615234375,116.01742553710938,127.17285919189453,95.79768371582031,127.07872772216797,88.3094253540039,126.99647521972656,84.43413543701172,-0.011879117228090763,3.3803207874298096,-0.04107668623328209,6.592276573181152,-0.06675749272108078,9.802689552307129,-0.09538127481937408,12.982514381408691
7908878618,0,127.53531646728516,115.76080322265625,127.22078704833984,95.73082733154297,127.11814880371094,88.2533187866211,127.01374053955078,84.38440704345703,-0.012549391016364098,3.402489423751831,-0.038805559277534485,6.611976146697998,-0.06412152945995331,9.837908744812012,-0.0941166877746582,13.036251068115234
7933878619,0,127.92947387695312,115.47883605957031,127.73172760009766,95.60757446289062,127.65736389160156,88.18643188476562,127.55721282958984,84.33838653564453,-0.0019170028390362859,3.4271492958068848,-0.013429976999759674,6.648584842681885,-0.025016851723194122,9.880215644836426,-0.04241186007857323,13.086366653442383
7958878619,0,127.94510650634766,115.25578308105469,127.77059173583984,95.54328155517578,127.71810913085938,88.16484832763672,127.64397430419922,84.32433319091797,-0.0014997792895883322,3.4468843936920166,-0.011515762656927109,6.66783332824707,-0.02060914784669876,9.893941879272461,-0.03414039686322212,13.101744651794434
7983878619,0,128.00653076171875,115.346435546875,127.87431335449219,95.51869201660156,127.80471801757812,88.13179779052734,127.710205078125,84.29904174804688,0.0001780578459147364,3.4388391971588135,-0.006315774749964476,6.675223350524902,-0.014306390658020973,9.915031433105469,-0.02784647047519684,13.129509925842285
8008878620,0,127.98562622070312,115.523193359375,127.84786987304688,95.55787658691406,127.77816772460938,88.14388275146484,127.6900405883789,84.30502319335938,-0.0003903020697180182,3.423248529434204,-0.0076318481005728245,6.663454532623291,-0.01623930223286152,9.907309532165527,-0.029769601300358772,13.122932434082031
8033878620,0,128.13893127441406,115.24964904785156,127.86377716064453,95.43798828125,127.79366302490234,88.0854263305664,127.70574188232422,84.26473236083984,0.0037963660433888435,3.447429895401001,-0.006868789903819561,6.699585437774658,-0.015159858390688896,9.944767951965332,-0.02835443615913391,13.167356491088867
8058878621,0,128.25680541992188,115.3258285522461,128.04295349121094,95.43221282958984,127.98686218261719,88.0781021118164,127.89573669433594,84.26321411132812,0.007004997227340937,3.4406650066375732,0.0021663857623934746,6.701334476470947,-0.0009656930342316628,9.949480056762695,-0.010047957301139832,13.169035911560059
8083878621,0,128.24571228027344,115.23807525634766,128.15826416015625,95.39616394042969,128.09597778320312,88.07137298583984,127.96324157714844,84.25752258300781,0.006716007832437754,3.4484598636627197,0.007994449697434902,6.712276935577393,0.007057784590870142,9.953813552856445,-0.003544090548530221,13.175336837768555
8108878621,0,128.3625946044922,115.27468872070312,128.2275390625,95.38790893554688,128.19869995117188,88.05876159667969,128.0942840576172,84.24150085449219,0.009902344085276127,3.4452035427093506,0.01149781234562397,6.714787006378174,0.014622996561229229,9.961944580078125,0.009102365002036095,13.193103790283203
8133878622,0,128.4713592529297,115.31986236572266,128.30654907226562,95.33090209960938,128.26661682128906,87.99702453613281,128.16305541992188,84.18603515625,0.01285924855619669,3.4411938190460205,0.015528129413723946,6.732171535491943,0.019696950912475586,10.001934051513672,0.015813332051038742,13.254973411560059
8158878622,0,128.43223571777344,115.16070556640625,128.36602783203125,95.34395599365234,128.33486938476562,88.04361724853516,128.2467498779297,84.24986267089844,0.011835395358502865,3.4553585052490234,0.01853063516318798,6.728183269500732,0.024667423218488693,9.971725463867188,0.023805446922779083,13.183825492858887
8183878622,0,128.26734924316406,114.67191314697266,128.28160095214844,95.23259735107422,128.3087921142578,88.05354309082031,128.2748565673828,84.29186248779297,0.007404359523206949,3.4995203018188477,0.014324747025966644,6.762349605560303,0.022732432931661606,9.965312957763672,0.026426464319229126,13.137411117553711
8208878623,0,128.25502014160156,115.01516723632812,128.183837890625,95.36328125,128.17100524902344,88.15568542480469,128.120849609375,84.40513610839844,0.007006538566201925,3.468402862548828,0.009299333207309246,6.722286701202393,0.01250934787094593,9.899779319763184,0.011513154953718185,13.013798713684082
8233878623,0,128.13230895996094,115.0934066772461,128.16574096679688,95.42805480957031,128.15408325195312,88.17500305175781,128.08535766601562,84.40507507324219,0.003628516336902976,3.4613795280456543,0.008360732346773148,6.7025957107543945,0.011258011683821678,9.887478828430176,0.008131932467222214,13.013864517211914
8258878624,0,128.10877990722656,114.77886962890625,128.21279907226562,95.33255767822266,128.19903564453125,88.12763214111328,128.12600708007812,84.35725402832031,0.0030051767826080322,3.4897706508636475,0.01077849231660366,6.731665134429932,0.014585151337087154,9.917695999145508,0.01205101516097784,13.065774917602539
8283878624,0,128.0877227783203,114.99087524414062,128.2180633544922,95.3835220336914,128.2094268798828,88.12954711914062,128.13735961914062,84.35228729248047,0.0024114970583468676,3.470588445663452,0.011021061800420284,6.716122150421143,0.015344787389039993,9.916470527648926,0.013142026029527187,13.071188926696777
8308878624,0,128.0999298095703,114.86942291259766,128.19549560546875,95.37327575683594,128.18212890625,88.14897155761719,128.11624145507812,84.37706756591797,0.0027548507787287235,3.4815542697906494,0.009884804487228394,6.719241619110107,0.01332860253751278,9.904061317443848,0.011099256575107574,13.044218063354492
8333878625,0,128.0773162841797,114.773193359375,128.16725158691406,95.32644653320312,128.15570068359375,88.12042236328125,128.0927734375,84.34933471679688,0.0021362395491451025,3.4902868270874023,0.008473684079945087,6.7335333824157715,0.011414706707000732,9.922309875488281,0.008878318592905998,13.074410438537598
8358878625,0,128.09619140625,114.87769317626953,128.0992431640625,95.36680603027344,128.0942840576172,88.13896942138672,128.0499267578125,84.37691497802734,0.0026512795593589544,3.4808056354522705,0.005019401200115681,6.721212863922119,0.006904195994138718,9.91044807434082,0.004767290316522121,13.044384002685547
8383878625,0,128.02935791015625,114.75884246826172,127.97923278808594,95.32411193847656,127.95663452148438,88.11688995361328,127.90805053710938,84.35259246826172,0.0008114277734421194,3.4915926456451416,-0.0010522615630179644,6.73424768447876,-0.0031799008138477802,9.924572944641113,-0.008797144517302513,13.070856094360352
8408878626,0,128.04954528808594,114.97509765625,127.96578216552734,95.39720153808594,127.92691040039062,88.12364959716797,127.87467193603516,84.34605407714844,0.0013624988496303558,3.4720096588134766,-0.001728380098938942,6.711961269378662,-0.005357262212783098,9.920244216918945,-0.011996948160231113,13.077990531921387
8433878626,0,128.06912231445312,115.31167602539062,127.97107696533203,95.46244812011719,127.9329605102539,88.13368225097656,127.88500213623047,84.3481674194336,0.0018860966665670276,3.441920042037964,-0.0014568713959306479,6.692183971405029,-0.004910749848932028,9.913825988769531,-0.011006212793290615,13.07568359375
8458878627,0,127.95145416259766,115.3688735961914,127.91500091552734,95.47676086425781,127.88314056396484,88.14202117919922,127.84798431396484,84.34837341308594,-0.0013228922616690397,3.4368529319763184,-0.004278846550732851,6.687860012054443,-0.008555718697607517,9.908498764038086,-0.014548870734870434,13.075459480285645
8483878627,0,127.92147064208984,115.32903289794922,127.8768081665039,95.49309539794922,127.87094116210938,88.15540313720703,127.85453033447266,84.35292053222656,-0.0021419222466647625,3.440380811691284,-0.006197154521942139,6.682931900024414,-0.009441056288778782,9.899959564208984,-0.013917249627411366,13.0704984664917
8508878627,0,127.8208236694336,115.38164520263672,127.79730224609375,95.45830535888672,127.80783081054688,88.10928344726562,127.79525756835938,84.30001831054688,-0.0048811850138008595,3.435723304748535,-0.010211815126240253,6.693436145782471,-0.014098020270466805,9.929447174072266,-0.01967219077050686,13.128435134887695
8533878628,0,127.79070281982422,115.8644790649414,127.74668884277344,95.5936050415039,127.76651763916016,88.16165924072266,127.7579116821289,84.34011840820312,-0.005638986360281706,3.3935019969940186,-0.012688511982560158,6.652758598327637,-0.01707335188984871,9.895973205566406,-0.023184895515441895,13.084473609924316
8558878628,0,127.7391586303711,116.1145248413086,127.66820526123047,95.661376953125,127.66389465332031,88.1797866821289,127.64817810058594,84.36083221435547,-0.006987880915403366,3.371999979019165,-0.016572197899222374,6.632557392120361,-0.024550100788474083,9.884437561035156,-0.03363766148686409,13.06187629699707
8583878628,0,127.77516174316406,115.81475830078125,127.71852111816406,95.53475952148438,127.69393157958984,88.1063003540039,127.6492919921875,84.3000717163086,-0.006064576096832752,3.3978068828582764,-0.014134704135358334,6.670392990112305,-0.022458119317889214,9.931361198425293,-0.03369680419564247,13.128376960754395
8608878629,0,127.75274658203125,115.87181091308594,127.71733093261719,95.561767578125,127.69738006591797,88.14790344238281,127.65120697021484,84.35250854492188,-0.006660508923232555,3.3928682804107666,-0.014178197830915451,6.662287712097168,-0.022147873416543007,9.904743194580078,-0.03337054327130318,13.070947647094727
8633878629,0,127.77059173583984,115.89510345458984,127.74777221679688,95.5329818725586,127.75370025634766,88.12525939941406,127.72111511230469,84.32666778564453,-0.00617651641368866,3.390855312347412,-0.012666790746152401,6.670926570892334,-0.018051274120807648,9.91921329498291,-0.026738062500953674,13.099186897277832
8658878630,0,127.64468383789062,115.97769165039062,127.58689880371094,95.61578369140625,127.59732818603516,88.18211364746094,127.58946990966797,84.37232971191406,-0.009548457339406013,3.3837363719940186,-0.020673058927059174,6.646134853363037,-0.029408076778054237,9.88295841217041,-0.03921427205204964,13.04936695098877
8683878630,0,127.54805755615234,115.82685089111328,127.47844696044922,95.60877990722656,127.48697662353516,88.20072174072266,127.50165557861328,84.38639831542969,-0.012186907231807709,3.396759033203125,-0.026108119636774063,6.6482253074646,-0.037424277514219284,9.871147155761719,-0.0475483201444149,13.034090042114258
8708878630,0,127.66683959960938,115.64697265625,127.58274841308594,95.53490447998047,127.57988739013672,88.13446044921875,127.57925415039062,84.32057189941406,-0.00902090035378933,3.4124062061309814,-0.020952517166733742,6.67034912109375,-0.030772440135478973,9.913329124450684,-0.04035892337560654,13.105865478515625
8733878631,0,127.80781555175781,115.47990417480469,127.74795532226562,95.47108459472656,127.73986053466797,88.11607360839844,127.7256851196289,84.32621765136719,-0.005223724991083145,3.4270551204681396,-0.01269097626209259,6.689574241638184,-0.019076453521847725,9.925095558166504,-0.02630087360739708,13.09968090057373
8758878631,0,127.95207214355469,115.52277374267578,127.87422180175781,95.53681182861328,127.85602569580078,88.16654968261719,127.82730102539062,84.36900329589844,-0.0013014338910579681,3.423285484313965,-0.00631550932303071,6.66977596282959,-0.010524907149374485,9.892857551574707,-0.01650082692503929,13.052983283996582
8783878631,0,127.96578216552734,115.57917022705078,127.922119140625,95.61001586914062,127.90093231201172,88.20689392089844,127.86190032958984,84.40962219238281,-0.0009279492078348994,3.418337821960449,-0.0038983882404863834,6.647855758666992,-0.00722408527508378,9.86723518371582,-0.013151786290109158,13.008950233459473
8808878632,0,127.97903442382812,115.65684509277344,127.9689712524414,95.64804077148438,127.97505950927734,88.23888397216797,127.95306396484375,84.4486312866211,-0.0005675512948073447,3.41154408454895,-0.0015506712952628732,6.636523723602295,-0.0018150954274460673,9.847009658813477,-0.004455900285393,12.966931343078613
8833878632,0,127.9002456665039,115.65796661376953,127.9294204711914,95.64053344726562,127.91320037841797,88.23471069335938,127.87150573730469,84.42576599121094,-0.0027003430295735598,3.4114463329315186,-0.0035283539909869432,6.638758182525635,-0.006318644620478153,9.84964370727539,-0.01222112588584423,12.991528511047363
8858878633,0,127.97344207763672,115.34764099121094,128.0310516357422,95.52351379394531,127.98861694335938,88.19623565673828,127.91166687011719,84.40811157226562,-0.0007240678532980382,3.438732147216797,0.0015600299229845405,6.673772811889648,-0.0008306067320518196,9.873991966247559,-0.008413342759013176,13.010581970214844
8883878633,0,128.07232666015625,115.06721496582031,128.20654296875,95.44928741455078,128.18348693847656,88.16580200195312,128.1051788330078,84.37470245361328,0.0019847338553518057,3.4637277126312256,0.010409536771476269,6.696164131164551,0.013414008542895317,9.89333438873291,0.010044868104159832,13.046788215637207
8908878633,0,128.2753448486328,114.71077728271484,128.35731506347656,95.33721160888672,128.31973266601562,88.14264678955078,128.21409606933594,84.38158416748047,0.007618862669914961,3.495972156524658,0.01809476874768734,6.73024320602417,0.02340792492032051,9.908099174499512,0.020435398444533348,13.039313316345215
8933878634,0,128.404052734375,114.77288055419922,128.3819122314453,95.48289489746094,128.3612518310547,88.27726745605469,128.29212951660156,84.5053482055664,0.01116400957107544,3.4903151988983154,0.01922040618956089,6.686008453369141,0.02622884511947632,9.822845458984375,0.02760770358145237,12.906306266784668
8958878634,0,128.35647583007812,115.000732421875,128.2763671875,95.49395751953125,128.26358032226562,88.20875549316406,128.194580078125,84.40806579589844,0.009797265753149986,3.4697012901306152,0.013902116566896439,6.682671546936035,0.01921825483441353,9.866056442260742,0.01853296533226967,13.010631561279297
8983878634,0,128.36080932617188,115.23167419433594,128.35443115234375,95.57865142822266,128.3485565185547,88.25444030761719,128.2808380126953,84.44757843017578,0.009863392449915409,3.4490294456481934,0.017764931544661522,6.657230854034424,0.025342637673020363,9.837202072143555,0.026663778349757195,12.968062400817871
9008878635,0,128.292724609375,115.26226043701172,128.25965881347656,95.62686920166016,128.24844360351562,88.33079528808594,128.1995849609375,84.53311157226562,0.00799651350826025,3.446308135986328,0.012988156639039516,6.642828464508057,0.017979230731725693,9.789338111877441,0.01881999894976616,12.8768310546875
9033878635,0,128.3403778076172,115.53558349609375,128.33399963378906,95.77104949951172,128.3220977783203,88.43855285644531,128.27223205566406,84.63207244873047,0.009239904582500458,3.4221606254577637,0.016605360433459282,6.600111484527588,0.023156600072979927,9.722545623779297,0.025469200685620308,12.772818565368652
9058878635,0,128.33457946777344,115.95360565185547,128.27101135253906,96.10697174072266,128.26370239257812,88.73045349121094,128.21343994140625,84.909912109375,0.008996124379336834,3.385809898376465,0.013286036439239979,6.502566814422607,0.018627604469656944,9.545934677124023,0.019539033994078636,12.4893217086792
9083878636,0,128.3642120361328,116.33545684814453,128.2549591064453,96.28753662109375,128.232177734375,88.86011505126953,128.1688690185547,85.01968383789062,0.009708535857498646,3.353203296661377,0.012406169436872005,6.451250076293945,0.01627461239695549,9.469446182250977,0.01532851904630661,12.380648612976074
9108878636,0,128.33633422851562,116.45708465576172,128.22650146484375,96.22795867919922,128.192626953125,88.77947998046875,128.12545776367188,84.94900512695312,0.00894088950008154,3.34293532371521,0.01104853954166174,6.468098163604736,0.013567167334258556,9.516874313354492,0.011450166814029217,12.450408935546875
9133878637,0,128.3907012939453,117.42378997802734,128.2749786376953,96.73765563964844,128.2234649658203,89.10953521728516,128.13275146484375,85.19305419921875,0.010165111161768436,3.2632784843444824,0.013136844150722027,6.326586723327637,0.015435541979968548,9.325571060180664,0.01189171802252531,12.21269702911377
9158878637,0,128.4120635986328,117.3336410522461,128.24278259277344,96.66020202636719,128.19314575195312,89.07386016845703,128.11378479003906,85.17425537109375,0.01074222568422556,3.2705628871917725,0.011635138653218746,6.347713947296143,0.01336915884166956,9.345891952514648,0.010207251645624638,12.230695724487305
9183878637,0,128.27719116210938,117.14521026611328,128.17333984375,96.57463073730469,128.13710021972656,89.04501342773438,128.0711212158203,85.16743469238281,0.007256351877003908,3.2858834266662598,0.0083360830321908,6.371210098266602,0.00950586050748825,9.362385749816895,0.006383350118994713,12.237237930297852
9208878638,0,128.20472717285156,117.17276763916016,128.17041015625,96.55647277832031,128.14376831054688,89.0347900390625,128.08229064941406,85.16716766357422,0.005356108769774437,3.283634901046753,0.008201251737773418,6.376216888427734,0.00997417513281107,9.368244171142578,0.007385991048067808,12.237494468688965
9233878638,0,128.17984008789062,117.6034927368164,128.09555053710938,96.65312957763672,128.06027221679688,89.01073455810547,127.99762725830078,85.10440826416016,0.004660570062696934,3.24884295463562,0.004580487962812185,6.349649906158447,0.004187402781099081,9.382059097290039,-0.00021398518583737314,12.298017501831055
9258878638,0,128.11044311523438,117.44281768798828,128.02157592773438,96.51720428466797,127.96784973144531,88.90814208984375,127.87775421142578,85.03937530517578,0.002872261917218566,3.261744499206543,0.0010400379542261362,6.387070655822754,-0.002247187774628401,9.441412925720215,-0.011079694144427776,12.361348152160645
9283878639,0,128.01014709472656,117.28495788574219,127.94654846191406,96.32936096191406,127.90384674072266,88.74054718017578,127.81741333007812,84.89004516601562,0.00026481246459297836,3.2745091915130615,-0.0025964509695768356,6.439472198486328,-0.006788049358874559,9.539937973022461,-0.016740377992391586,12.509186744689941
9308878639,0,127.85066223144531,117.41484069824219,127.78500366210938,96.31212615966797,127.74048614501953,88.6705322265625,127.66146087646484,84.81110382080078,-0.003886176273226738,3.264000177383423,-0.010451022535562515,6.444321155548096,-0.018397623673081398,9.581685066223145,-0.031230071559548378,12.588732719421387
9333878640,0,127.80240631103516,117.171142578125,127.73545837402344,96.25042724609375,127.68622589111328,88.5968246459961,127.60028076171875,84.72926330566406,-0.005169667769223452,3.2837674617767334,-0.012892147526144981,6.461734294891357,-0.022343063727021217,9.62601375579834,-0.03711098060011864,12.6722412109375
9358878640,0,127.81838989257812,116.98125457763672,127.759521484375,96.16206359863281,127.70767974853516,88.53916931152344,127.62427520751953,84.68376159667969,-0.004771545995026827,3.299318790435791,-0.011762317270040512,6.486828327178955,-0.0208879504352808,9.660964965820312,-0.03500841185450554,12.719136238098145
9383878640,0,127.89500427246094,116.48463439941406,127.7827377319336,96.03411865234375,127.70523071289062,88.50007629394531,127.61236572265625,84.67423248291016,-0.00278940936550498,3.3406171798706055,-0.010683332569897175,6.5234904289245605,-0.021112853661179543,9.684802055358887,-0.03614524379372597,12.729000091552734
9408878641,0,127.91116333007812,116.75025177001953,127.71310424804688,96.10243225097656,127.61969757080078,88.52412414550781,127.5365219116211,84.677001953125,-0.0023461049422621727,3.3184146881103516,-0.014067402109503746,6.5038676261901855,-0.02719952166080475,9.670125007629395,-0.043207913637161255,12.7261323928833
9433878641,0,127.69391632080078,117.41664123535156,127.6361083984375,96.1414794921875,127.5572738647461,88.44535064697266,127.47854614257812,84.58964538574219,-0.007964816875755787,3.263855218887329,-0.017813891172409058,6.492700576782227,-0.0318157859146595,9.718360900878906,-0.048950038850307465,12.817211151123047
9458878641,0,127.56755065917969,118.15746307373047,127.39981079101562,96.3769302368164,127.28874206542969,88.57563781738281,127.22962188720703,84.6778335571289,-0.01107245683670044,3.2050507068634033,-0.029097778722643852,6.426126003265381,-0.05071162432432175,9.638829231262207,-0.07181406766176224,12.72527027130127
9483878642,0,127.53338623046875,118.20558166503906,127.31378173828125,96.33148956298828,127.17445373535156,88.5223617553711,127.09828186035156,84.63214874267578,-0.011934761889278889,3.201296329498291,-0.033330682665109634,6.438873767852783,-0.05905000865459442,9.671199798583984,-0.0843614861369133,12.77273941040039
9508878642,0,127.66966247558594,118.16922760009766,127.48884582519531,96.34872436523438,127.36556243896484,88.5213623046875,127.29596710205078,84.64413452148438,-0.008455824106931686,3.204132080078125,-0.024809977039694786,6.434033393859863,-0.04538305476307869,9.671809196472168,-0.06580433249473572,12.760251998901367
9533878643,0,127.78489685058594,118.15797424316406,127.5936050415039,96.35411071777344,127.50814056396484,88.52256774902344,127.4851303100586,84.65066528320312,-0.005507451482117176,3.2050106525421143,-0.0197208970785141,6.432521820068359,-0.03518148139119148,9.671073913574219,-0.048098839819431305,12.753458023071289
9558878643,0,127.82574462890625,118.28739166259766,127.65396118164062,96.49302673339844,127.59404754638672,88.61997985839844,127.59874725341797,84.70399475097656,-0.004449119791388512,3.1949312686920166,-0.016696790233254433,6.393770217895508,-0.028866581618785858,9.612046241760254,-0.03732745349407196,12.6982421875
9583878643,0,127.92725372314453,117.76052856445312,127.84188079833984,96.3314208984375,127.80316162109375,88.54710388183594,127.79801940917969,84.6402359008789,-0.0018787558656185865,3.236321210861206,-0.007680115755647421,6.4388933181762695,-0.014058480970561504,9.656140327453613,-0.018884483724832535,12.764310836791992
9608878644,0,127.85104370117188,117.4100341796875,127.75735473632812,96.19686889648438,127.71744537353516,88.48135375976562,127.71883392333984,84.58092498779297,-0.0038766597863286734,3.264388084411621,-0.011851225979626179,6.476922512054443,-0.020260967314243317,9.696257591247559,-0.026411982253193855,12.826372146606445
9633878644,0,127.78842163085938,117.78495788574219,127.70117950439453,96.31681060791016,127.64402770996094,88.55677795410156,127.63227081298828,84.63057708740234,-0.005461337976157665,3.2343809604644775,-0.014522935263812542,6.443002223968506,-0.02540919929742813,9.650264739990234,-0.03440769016742706,12.774377822875977
9658878644,0,127.98153686523438,117.99517059326172,127.87238311767578,96.471923828125,127.78713989257812,88.69779968261719,127.73722839355469,84.76058959960938,-0.0004743990721181035,3.21777081489563,-0.006162978243082762,6.399628162384033,-0.015065574087202549,9.565384864807129,-0.02433651313185692,12.64015007019043
9683878645,0,128.22674560546875,118.05683135986328,127.95276641845703,96.63243865966797,127.85225677490234,88.85832977294922,127.78005981445312,84.91319274902344,0.0058182911016047,3.2129273414611816,-0.002266178373247385,6.355319023132324,-0.01035723090171814,9.470491409301758,-0.020128970965743065,12.486045837402344
9708878645,0,128.46958923339844,117.68347930908203,128.08004760742188,96.42083740234375,127.9922103881836,88.72703552246094,127.92765045166016,84.80274963378906,0.012148134410381317,3.2424545288085938,0.0038738108705729246,6.413852691650391,-0.0005503607681021094,9.547966957092285,-0.006678565870970488,12.597208023071289
9733878646,0,128.6259307861328,117.91357421875,128.13255310058594,96.50145721435547,128.04652404785156,88.77442169189453,127.98942565917969,84.83704376220703,0.016111494973301888,3.2242002487182617,0.0063936468213796616,6.391432762145996,0.0032777858432382345,9.519865036010742,-0.0009735066560097039,12.562485694885254
9758878646,0,128.55038452148438,117.85570526123047,128.04774475097656,96.46980285644531,127.97489166259766,88.76133728027344,127.9280776977539,84.83834075927734,0.014184808358550072,3.228773832321167,0.0023059281520545483,6.400217533111572,-0.0017703532939776778,9.527608871459961,-0.00662072142586112,12.561176300048828
9783878646,0,128.49688720703125,118.4293441772461,128.021484375,96.62895965576172,127.9499282836914,88.80391693115234,127.89908599853516,84.84026336669922,0.01264782715588808,3.1839401721954346,0.0010309255449101329,6.356273651123047,-0.0035215397365391254,9.502452850341797,-0.009288127534091473,12.559236526489258
9808878647,0,128.31890869140625,118.06375122070312,127.97900390625,96.42506408691406,127.91802215576172,88.66094970703125,127.84749603271484,84.72090148925781,0.008181966841220856,3.2123847007751465,-0.0010159057565033436,6.4126739501953125,-0.005814969073981047,9.58742618560791,-0.01416817307472229,12.680832862854004
9833878647,0,128.1925811767578,117.15953063964844,127.98992156982422,96.1402816772461,127.97696685791016,88.49800109863281,127.93134307861328,84.59955596923828,0.005039820447564125,3.284714698791504,-0.0004934023600071669,6.493042945861816,-0.00164995645172894,9.686070442199707,-0.0064399088732898235,12.806814193725586
9858878647,0,128.10218811035156,116.9720687866211,128.0113983154297,96.03097534179688,128.00962829589844,88.40440368652344,127.96041870117188,84.52461242675781,0.002685394836589694,3.3000741004943848,0.0005605571786873043,6.5243964195251465,0.0006936488207429647,9.74361801147461,-0.003734877798706293,12.88584041595459
9883878648,0,128.08226013183594,117.34881591796875,128.0694580078125,96.13153076171875,128.0828399658203,88.44110870361328,128.04049682617188,84.54908752441406,0.0021437497343868017,3.2693347930908203,0.0034016380086541176,6.495542526245117,0.005954694002866745,9.720972061157227,0.0038138136733323336,12.859928131103516
9908878648,0,128.02525329589844,117.41950988769531,128.064208984375,96.22547149658203,128.06182861328125,88.51068115234375,127.99647521972656,84.61510467529297,0.0006570921395905316,3.2636237144470215,0.003132378216832876,6.4688029289245605,0.004425630904734135,9.678324699401855,-0.00033021121635101736,12.790535926818848
9933878649,0,128.02163696289062,117.51061248779297,128.06019592285156,96.19310760498047,128.05029296875,88.46090698242188,127.98432159423828,84.57955932617188,0.0005618679570034146,3.2562897205352783,0.002940532984212041,6.477991580963135,0.003610805841162801,9.7087984085083,-0.0014729470713064075,12.827808380126953
9958878649,0,128.06048583984375,117.70343017578125,128.07713317871094,96.22962951660156,128.07064819335938,88.45791625976562,128.0263671875,84.57245635986328,0.0015640679048374295,3.2408645153045654,0.003762227948755026,6.467624187469482,0.005073140375316143,9.710636138916016,0.002478530630469322,12.835281372070312
9983878649,0,128.3129425048828,118.10258483886719,128.30902099609375,96.3992691040039,128.3430938720703,88.58496856689453,128.31370544433594,84.63573455810547,0.008022134192287922,3.2093420028686523,0.014967932365834713,6.4198760986328125,0.024448316544294357,9.63318157196045,0.029340818524360657,12.769001007080078
10008878650,0,128.22410583496094,117.26341247558594,128.23233032226562,96.08354187011719,128.2474822998047,88.39893341064453,128.2068634033203,84.503662109375,0.005851355846971273,3.2762582302093506,0.011400822550058365,6.509282112121582,0.01783525012433529,9.747001647949219,0.019552264362573624,12.908100128173828
10033878650,0,128.1927032470703,116.48480987548828,128.20263671875,95.82539367675781,128.2097930908203,88.2611312866211,128.18331909179688,84.40116119384766,0.005119504872709513,3.3406026363372803,0.010051448829472065,6.584144115447998,0.015247234143316746,9.832990646362305,0.01747012510895729,13.018098831176758
10058878650,0,128.0878448486328,116.25515747070312,128.1585235595703,95.70199584960938,128.16065979003906,88.18606567382812,128.1167755126953,84.36050415039062,0.002345865126699209,3.360013484954834,0.007904229685664177,6.6205058097839355,0.011730499565601349,9.880447387695312,0.01116519421339035,13.062234878540039
10083878651,0,128.00738525390625,116.14287567138672,128.13829040527344,95.66043090820312,128.14535522460938,88.17239379882812,128.1059112548828,84.35177612304688,0.000197722198208794,3.369577407836914,0.0069074868224561214,6.632838726043701,0.010622017085552216,9.889138221740723,0.010133589617908001,13.071745872497559
10108878651,0,128.0406951904297,116.46714782714844,128.10922241210938,95.75654602050781,128.12367248535156,88.2166519165039,128.10568237304688,84.3873291015625,0.0010815695859491825,3.342088222503662,0.005433492828160524,6.604384899139404,0.009012858383357525,9.86105728149414,0.010082668624818325,13.0330810546875
10133878652,0,128.06398010253906,116.11151123046875,128.091552734375,95.6946792602539,128.0877685546875,88.19456481933594,128.0719757080078,84.36447143554688,0.001714129582978785,3.372257947921753,0.0045663705095648766,6.622673511505127,0.006405017804354429,9.875052452087402,0.006879565771669149,13.057913780212402
10158878652,0,128.0894012451172,115.94282531738281,128.067626953125,95.69096374511719,128.06607055664062,88.21479797363281,128.0658416748047,84.37007141113281,0.00240439735352993,3.3867385387420654,0.003373554674908519,6.623775005340576,0.004815563093870878,9.862231254577637,0.0062904153019189835,13.0518217086792
10183878652,0,128.0629119873047,115.56841278076172,128.05270385742188,95.45050811767578,128.07757568359375,88.0566635131836,128.10935974121094,84.24723052978516,0.0017065235879272223,3.4192802906036377,0.0026560777332633734,6.695794582366943,0.005709800403565168,9.963298797607422,0.010552861727774143,13.186745643615723
10208878653,0,128.0508270263672,115.6025161743164,128.06033325195312,95.45147705078125,128.11253356933594,88.05996704101562,128.16722106933594,84.25277709960938,0.001377633772790432,3.416293144226074,0.0030404450371861458,6.695501327514648,0.0082811014726758,9.961167335510254,0.016128987073898315,13.180594444274902
10233878653,0,128.06398010253906,115.58154296875,128.0687713623047,95.43711853027344,128.12916564941406,88.05379486083984,128.1958770751953,84.25456237792969,0.0017349739791825414,3.4181299209594727,0.003467800095677376,6.699848651885986,0.009508674964308739,9.965150833129883,0.018890194594860077,13.17861557006836
10258878653,0,128.08245849609375,115.72083282470703,128.09254455566406,95.50373077392578,128.14501953125,88.0716323852539,128.18197631835938,84.26766967773438,0.002228936180472374,3.405965805053711,0.004653339274227619,6.679726600646973,0.010663927532732487,9.953646659851074,0.01753086969256401,13.164108276367188
10283878654,0,128.13711547851562,115.84952545166016,128.11953735351562,95.55736541748047,128.16236877441406,88.09777069091797,128.18511962890625,84.27732849121094,0.003695491701364517,3.3947956562042236,0.005996910389512777,6.663607597351074,0.011920306831598282,9.936835289001465,0.017819654196500778,13.153437614440918
10308878654,0,128.1487274169922,115.8116226196289,128.1470184326172,95.55127716064453,128.19766235351562,88.1097183227539,128.20223999023438,84.2900619506836,0.004011920653283596,3.398078680038452,0.007377478294074535,6.665433883666992,0.014500622637569904,9.929168701171875,0.01944749243557453,13.139394760131836
10333878654,0,128.20664978027344,115.8929672241211,128.15830993652344,95.584228515625,128.19717407226562,88.10914611816406,128.19667053222656,84.2866439819336,0.005564045161008835,3.3910398483276367,0.00793299451470375,6.655561923980713,0.014465316198766232,9.929535865783691,0.01891719177365303,13.143160820007324
10358878655,0,128.1831817626953,115.22797393798828,128.19696044921875,95.43817901611328,128.24449157714844,88.05760955810547,128.2388458251953,84.23818969726562,0.005008042324334383,3.4493589401245117,0.009931293316185474,6.699527263641357,0.017994247376918793,9.962688446044922,0.023064875975251198,13.196782112121582
10383878655,0,128.28724670410156,114.91700744628906,128.37435913085938,95.3773422241211,128.4183349609375,88.03715515136719,128.39682006835938,84.20905303955078,0.007909996435046196,3.477250576019287,0.018925350159406662,6.718002796173096,0.03082815185189247,9.975905418395996,0.038411591202020645,13.229230880737305
10408878656,0,128.30142211914062,115.62025451660156,128.4764862060547,95.62547302246094,128.52394104003906,88.15616607666016,128.4898223876953,84.31525421142578,0.00816652923822403,3.414741277694702,0.02383529022336006,6.643244743347168,0.03832611069083214,9.899473190307617,0.047005198895931244,13.111698150634766
10433878656,0,128.10220336914062,115.3900146484375,128.21310424804688,95.56001281738281,128.23965454101562,88.14436340332031,128.20208740234375,84.30494689941406,0.0027837231755256653,3.434983491897583,0.010689741931855679,6.662814140319824,0.01754346676170826,9.907003402709961,0.019409313797950745,13.123017311096191
10458878656,0,128.09841918945312,115.5504150390625,128.1707000732422,95.69132995605469,128.1653289794922,88.25940704345703,128.1002655029297,84.40902709960938,0.0026707800570875406,3.420858860015869,0.008515200577676296,6.623666286468506,0.012016969732940197,9.834075927734375,0.009549143724143505,13.009592056274414
10483878657,0,128.1431884765625,115.5904541015625,128.18373107910156,95.66661071777344,128.17860412597656,88.25676727294922,128.11729431152344,84.40313720703125,0.0038821054622530937,3.417349338531494,0.009174812585115433,6.631001949310303,0.01298398245126009,9.835737228393555,0.011176248081028461,13.015960693359375
10508878657,0,128.1739501953125,115.40203857421875,128.1617431640625,95.52307891845703,128.165771484375,88.16637420654297,128.12295532226562,84.3149642944336,0.004736585542559624,3.4339208602905273,0.008126105181872845,6.673903465270996,0.01211847085505724,9.892969131469727,0.011799533851444721,13.112016677856445
10533878657,0,128.23629760742188,115.64049530029297,128.2200927734375,95.55240631103516,128.2493896484375,88.16080474853516,128.24327087402344,84.30738067626953,0.006399120669811964,3.4129722118377686,0.011043866164982319,6.665095329284668,0.018237531185150146,9.896516799926758,0.023360125720500946,13.120343208312988
10558878658,0,128.27503967285156,115.71737670898438,128.26853942871094,95.54288482666016,128.30459594726562,88.16094970703125,128.31568908691406,84.31047058105469,0.007435186766088009,3.406266450881958,0.013480283319950104,6.667952537536621,0.022274494171142578,9.896424293518066,0.030306482687592506,13.116948127746582
10583878658,0,128.38522338867188,116.17132568359375,128.33042907714844,95.63395690917969,128.3602294921875,88.19200897216797,128.37583923339844,84.33938598632812,0.010306776501238346,3.367149591445923,0.01652313582599163,6.640716552734375,0.026292335242033005,9.876673698425293,0.03599640727043152,13.085272789001465
10608878659,0,128.3616943359375,116.62222290039062,128.293701171875,95.74905395507812,128.33985900878906,88.22972106933594,128.376220703125,84.36993408203125,0.009579461999237537,3.329083204269409,0.014615376479923725,6.606594562530518,0.024747900664806366,9.852794647216797,0.03594396263360977,13.051971435546875
10633878659,0,128.36514282226562,116.79374694824219,128.2815399169922,95.8076400756836,128.3123321533203,88.24917602539062,128.33013916015625,84.3811264038086,0.009633764624595642,3.3148040771484375,0.013975721783936024,6.589352607727051,0.0227162167429924,9.840519905090332,0.03151283785700798,13.039810180664062
10658878659,0,128.28504943847656,116.74957275390625,128.29293823242188,95.72456359863281,128.33090209960938,88.16877746582031,128.35736083984375,84.30374145507812,0.007528040092438459,3.3184709548950195,0.014592459425330162,6.613827705383301,0.024186495691537857,9.891439437866211,0.03432577848434448,13.124341011047363
10683878660,0,128.30003356933594,116.51411437988281,128.28732299804688,95.61341094970703,128.30682373046875,88.09476470947266,128.29771423339844,84.2467269897461,0.007965678349137306,3.3381400108337402,0.014380114153027534,6.646842956542969,0.02252967655658722,9.938765525817871,0.028729641810059547,13.18730354309082
10708878660,0,128.24771118164062,116.15494537353516,128.2288360595703,95.49822235107422,128.24534606933594,88.04252624511719,128.22898864746094,84.20584106445312,0.006630051415413618,3.368547201156616,0.011509065516293049,6.6813859939575195,0.018074113875627518,9.972431182861328,0.022171590477228165,13.232816696166992
10733878660,0,128.18194580078125,116.10780334472656,128.1716766357422,95.51777648925781,128.1995849609375,88.07071685791016,128.1997528076172,84.22528076171875,0.0048750294372439384,3.372574806213379,0.008627114817500114,6.6754984855651855,0.014677198603749275,9.954236030578613,0.019310107454657555,13.211138725280762
10758878661,0,128.1119384765625,116.05477905273438,128.1218719482422,95.53793334960938,128.1651611328125,88.0865249633789,128.1785430908203,84.23986053466797,0.003002873156219721,3.377115488052368,0.006119079422205687,6.669439792633057,0.012133783660829067,9.944061279296875,0.017239203676581383,13.194926261901855
10783878661,0,128.17539978027344,116.50051879882812,128.0967559814453,95.64222717285156,128.11050415039062,88.12088012695312,128.1075439453125,84.25435638427734,0.004658162128180265,3.3392820358276367,0.004836598876863718,6.638253688812256,0.00810103490948677,9.922017097473145,0.010371607728302479,13.178844451904297
10808878662,0,128.22828674316406,116.60383605957031,128.14419555664062,95.67339324951172,128.1598663330078,88.13084411621094,128.15663146972656,84.26182556152344,0.006048659328371286,3.330620527267456,0.0071984995156526566,6.6289873123168945,0.01171252503991127,9.915640830993652,0.01509643904864788,13.170572280883789
10833878662,0,128.19827270507812,116.33807373046875,128.13490295410156,95.61647033691406,128.1586151123047,88.09828186035156,128.15773010253906,84.23217010498047,0.00528489938005805,3.3529818058013916,0.006750829052180052,6.64592981338501,0.011644360609352589,9.936506271362305,0.01523918379098177,13.203473091125488
10858878662,0,128.1553497314453,116.51971435546875,128.12953186035156,95.72037506103516,128.14222717285156,88.15977478027344,128.12362670898438,84.29240417480469,0.004123906139284372,3.337669610977173,0.006453654263168573,6.615066051483154,0.010401546023786068,9.897172927856445,0.01188573706895113,13.13681411743164
10883878663,0,128.09642028808594,116.59947204589844,128.06692504882812,95.69392395019531,128.0789794921875,88.1392593383789,128.0605010986328,84.28324890136719,0.002554990816861391,3.3309857845306396,0.0033381229732185602,6.622897148132324,0.005783374886959791,9.910262107849121,0.005821040831506252,13.146903991699219
10908878663,0,128.04090881347656,116.2695541381836,128.02186584472656,95.60022735595703,128.02749633789062,88.09052276611328,127.99408721923828,84.23938751220703,0.001092099933885038,3.358790874481201,0.0010949661955237389,6.6507792472839355,0.0020195534452795982,9.94149112701416,-0.0005709297838620842,13.195450782775879
10933878663,0,128.00479125976562,115.93560791015625,127.97338104248047,95.5242691040039,127.96690368652344,88.0627670288086,127.92481231689453,84.2066421508789,0.00012887945922557265,3.3873605728149414,-0.0013372899265959859,6.673545837402344,-0.0024350613821297884,9.95936107635498,-0.007279492914676666,13.23192310333252
10958878664,0,127.99888610839844,116.18839263916016,127.9150619506836,95.51449584960938,127.89280700683594,88.03364562988281,127.84461212158203,84.17103576660156,-2.979101918754168e-05,3.365694522857666,-0.004268912598490715,6.676486015319824,-0.007901049219071865,9.97817611694336,-0.015088298358023167,13.27180290222168
10983878664,0,128.0232391357422,116.30538940429688,127.95575714111328,95.53721618652344,127.93854522705078,88.04381561279297,127.89276123046875,84.18241119384766,0.0006198891787789762,3.355750560760498,-0.0022214611526578665,6.669654846191406,-0.004526875913143158,9.971597671508789,-0.010403255000710487,13.259037017822266
11008878665,0,128.02032470703125,116.45365905761719,127.90569305419922,95.59906768798828,127.88764953613281,88.0843734741211,127.8497543334961,84.21731567382812,0.0005403403774835169,3.343223810195923,-0.0047227987088263035,6.651125431060791,-0.008255081251263618,9.94544506072998,-0.014533720910549164,13.220013618469238
11033878665,0,128.0678253173828,116.54747009277344,127.9510269165039,95.6039047241211,127.95822143554688,88.07369232177734,127.94395446777344,84.22620391845703,0.0017993657384067774,3.335340976715088,-0.0024520212318748236,6.6496806144714355,-0.003071768442168832,9.952319145202637,-0.005417513661086559,13.210111618041992
11058878665,0,128.06109619140625,116.37882995605469,127.90265655517578,95.60661315917969,127.92241668701172,88.09662628173828,127.93064880371094,84.24481964111328,0.0016270051710307598,3.3495352268218994,-0.0048733060248196125,6.648871898651123,-0.005696184933185577,9.937569618225098,-0.006693483795970678,13.189420700073242
11083878666,0,127.9691162109375,116.29946899414062,127.8347396850586,95.61660766601562,127.86357116699219,88.1144027709961,127.86498260498047,84.24996185302734,-0.0008239155285991728,3.356252431869507,-0.008269927464425564,6.645888805389404,-0.010005587711930275,9.926166534423828,-0.01302583608776331,13.183714866638184
11108878666,0,127.93508911132812,115.92827606201172,127.82977294921875,95.532958984375,127.8666763305664,88.08089447021484,127.86054992675781,84.23370361328125,-0.0017463209806010127,3.3879928588867188,-0.008548751473426819,6.670933723449707,-0.009798231534659863,9.947683334350586,-0.013471359387040138,13.201767921447754
11133878666,0,127.97573852539062,116.25486755371094,127.82891082763672,95.6484603881836,127.85148620605469,88.13943481445312,127.83442687988281,84.2833480834961,-0.0006478982395492494,3.3600382804870605,-0.008550082333385944,6.6363983154296875,-0.010874996893107891,9.910150527954102,-0.015930289402604103,13.146794319152832
11158878667,0,127.96834564208984,116.19638061523438,127.8228530883789,95.6482925415039,127.83079528808594,88.14590454101562,127.80406188964844,84.27798461914062,-0.0008464424754492939,3.365013837814331,-0.008852877654135227,6.636448383331299,-0.01238513458520174,9.90601921081543,-0.01886003278195858,13.152711868286133
11183878667,0,127.96642303466797,115.95814514160156,127.794189453125,95.5849838256836,127.7828598022461,88.14205932617188,127.74644470214844,84.27013397216797,-0.0009027192718349397,3.385418653488159,-0.010312945581972599,6.655336380004883,-0.015897613018751144,9.90847396850586,-0.02442159689962864,13.161384582519531
11208878668,0,127.92924499511719,115.84066009521484,127.85042572021484,95.55113220214844,127.85783386230469,88.11642456054688,127.82089233398438,84.25201416015625,-0.0019073514267802238,3.3955631256103516,-0.007505778688937426,6.665477275848389,-0.010425048880279064,9.924870491027832,-0.017276562750339508,13.181440353393555
11233878668,0,127.85916900634766,115.8587646484375,127.76107025146484,95.57034301757812,127.74967956542969,88.13081359863281,127.7021713256836,84.26127624511719,-0.003794831456616521,3.393996477127075,-0.011979948729276657,6.6597185134887695,-0.01833963580429554,9.915660858154297,-0.02870658040046692,13.171180725097656
11258878668,0,127.94670104980469,116.08765411376953,127.87725830078125,95.68270874023438,127.86752319335938,88.1897964477539,127.81370544433594,84.29803466796875,-0.0014287370722740889,3.3742990493774414,-0.006125074345618486,6.626222610473633,-0.009670503437519073,9.87807846069336,-0.01790255680680275,13.130617141723633
11283878669,0,128.0457000732422,116.27339172363281,127.91618347167969,95.74219512939453,127.8946762084961,88.22174072265625,127.84549713134766,84.3088607788086,0.0012199014890938997,3.3584649562835693,-0.004172145389020443,6.60861873626709,-0.007673255167901516,9.85783863067627,-0.01483437791466713,13.1187162399292
11308878669,0,128.1299285888672,116.29328918457031,128.04380798339844,95.7160415649414,128.02430725097656,88.19255065917969,127.97088623046875,84.26921081542969,0.0034667092841118574,3.356776475906372,0.0021830399055033922,6.616347312927246,0.0017740719486027956,9.876330375671387,-0.002804351504892111,13.162405014038086
11333878669,0,128.24655151367188,116.22653198242188,128.1494903564453,95.66455078125,128.14956665039062,88.14604187011719,128.12571716308594,84.231201171875,0.006588331423699856,3.3624472618103027,0.0074656144715845585,6.6316142082214355,0.01094761025160551,9.90593147277832,0.012147198431193829,13.204550743103027
11358878670,0,128.1883544921875,116.15676879882812,128.08619689941406,95.58291625976562,128.09429931640625,88.09471130371094,128.078857421875,84.1934814453125,0.005041147116571665,3.368391513824463,0.00431961240246892,6.655954360961914,0.006924301851540804,9.938799858093262,0.007643028628081083,13.246635437011719
11383878670,0,128.16409301757812,116.19038391113281,128.1039581298828,95.55510711669922,128.1205291748047,88.0706787109375,128.1145782470703,84.16878509521484,0.0043884688057005405,3.365525007247925,0.005215837154537439,6.664285182952881,0.008863568305969238,9.95426082611084,0.011127705685794353,13.274332046508789
11408878671,0,128.1499481201172,116.20585632324219,128.121337890625,95.58381652832031,128.10821533203125,88.0813980102539,128.08258056640625,84.17221069335938,0.004008776508271694,3.3642070293426514,0.0060804118402302265,6.6556854248046875,0.007952718995511532,9.947359085083008,0.008017870597541332,13.270483016967773
11433878671,0,128.09107971191406,116.37998962402344,128.09317016601562,95.63883972167969,128.0667724609375,88.1009292602539,128.01974487304688,84.18063354492188,0.002425409620627761,3.3494372367858887,0.0046580201014876366,6.6392621994018555,0.004901139531284571,9.934806823730469,0.0019157336791977286,13.261030197143555
11458878671,0,128.20384216308594,116.91703796386719,128.13270568847656,95.79283142089844,128.1000213623047,88.17708587646484,128.07115173339844,84.24772644042969,0.005363317672163248,3.3046071529388428,0.006591648794710636,6.593702793121338,0.007307067047804594,9.886154174804688,0.0068656341172754765,13.18619441986084
11483878672,0,128.17703247070312,116.90719604492188,128.08668518066406,95.73512268066406,128.04571533203125,88.1419906616211,128.02139282226562,84.22970581054688,0.004658945370465517,3.3054192066192627,0.004316224250942469,6.610706806182861,0.003346997546032071,9.908517837524414,0.002067296300083399,13.206214904785156
11508878672,0,128.06886291503906,116.61066436767578,127.9564437866211,95.63093566894531,127.9310531616211,88.08699035644531,127.91405487060547,84.18743133544922,0.0018243046943098307,3.330049753189087,-0.002178310649469495,6.641616344451904,-0.005065125413239002,9.943761825561523,-0.00833411980420351,13.253410339355469
11533878672,0,128.0101318359375,116.21395874023438,127.90621948242188,95.59449768066406,127.88328552246094,88.09230041503906,127.86272430419922,84.20875549316406,0.0002708191459532827,3.3635170459747314,-0.0046973456628620625,6.652491092681885,-0.008571507409214973,9.940348625183105,-0.0132884057238698,13.229561805725098
11558878673,0,127.95026397705078,116.39994049072266,127.81859588623047,95.6527099609375,127.80072784423828,88.1018295288086,127.78164672851562,84.22215270996094,-0.0013238515239208937,3.347752332687378,-0.00906393676996231,6.635134220123291,-0.014625880867242813,9.934228897094727,-0.021113617345690727,13.214622497558594
11583878673,0,128.09426879882812,116.2393798828125,127.9164810180664,95.59185028076172,127.9069595336914,88.07974243164062,127.89056396484375,84.2191390991211,0.002518312307074666,3.3613545894622803,-0.0041838278993964195,6.653282642364502,-0.006838225293904543,9.948424339294434,-0.010584501549601555,13.21798038482666
11608878673,0,128.11309814453125,116.08326721191406,127.88965606689453,95.57898712158203,127.87275695800781,88.06723022460938,127.85357666015625,84.20101928710938,0.0030320219229906797,3.3746745586395264,-0.0055306218564510345,6.657130241394043,-0.00935930572450161,9.956482887268066,-0.014182893559336662,13.238204956054688
11633878674,0,128.1734161376953,115.89686584472656,127.79074096679688,95.46846771240234,127.7696304321289,87.99823760986328,127.75582122802734,84.14279174804688,0.004668814595788717,3.3907032012939453,-0.010537803173065186,6.690364360809326,-0.017017807811498642,10.001145362854004,-0.023765120655298233,13.303603172302246
11658878674,0,128.0937957763672,115.62657165527344,127.77656555175781,95.41450500488281,127.78268432617188,87.97073364257812,127.78010559082031,84.12181854248047,0.002540872199460864,3.414188861846924,-0.0112775769084692,6.706705570220947,-0.01608113944530487,10.019058227539062,-0.021438630297780037,13.327313423156738
11683878675,0,128.03932189941406,115.74714660644531,127.75172424316406,95.4870376586914,127.75643157958984,88.01277160644531,127.7464370727539,84.15733337402344,0.0010622711852192879,3.4036765098571777,-0.012492711655795574,6.68475866317749,-0.01797650009393692,9.991704940795898,-0.02464892901480198,13.287211418151855
11708878675,0,128.00746154785156,115.89155578613281,127.75780487060547,95.4984359741211,127.76254272460938,88.01315307617188,127.75176239013672,84.17074584960938,0.0002009086310863495,3.3911619186401367,-0.01218083593994379,6.68132209777832,-0.017525048926472664,9.991456985473633,-0.024104662239551544,13.27212905883789
11733878675,0,128.0230255126953,115.87440490722656,127.85191345214844,95.50455474853516,127.86026763916016,88.0082015991211,127.85185241699219,84.1621322631836,0.0006202241638675332,3.392643690109253,-0.007445849012583494,6.679478645324707,-0.010315852239727974,9.994671821594238,-0.014395790174603462,13.281811714172363
11758878676,0,127.8812255859375,115.4834213256836,127.76586151123047,95.37382507324219,127.77043151855469,87.94992065429688,127.76924896240234,84.1139907836914,-0.003228121204301715,3.426745653152466,-0.011838418431580067,6.719074249267578,-0.017010001465678215,10.032652854919434,-0.022511634975671768,13.336182594299316
11783878676,0,127.91474151611328,115.56023406982422,127.74465942382812,95.38862609863281,127.71440887451172,87.97030639648438,127.69725799560547,84.12813568115234,-0.0023131193593144417,3.4199976921081543,-0.012902258895337582,6.714568614959717,-0.021134020760655403,10.019336700439453,-0.02950049191713333,13.320162773132324
11808878676,0,127.91783142089844,115.66758728027344,127.7858657836914,95.42251586914062,127.76646423339844,87.99849700927734,127.7452163696289,84.15083312988281,-0.002223807852715254,3.410606622695923,-0.010804462246596813,6.704274654388428,-0.01725142076611519,10.0009765625,-0.024780843406915665,13.294533729553223
11833878677,0,127.93116760253906,115.69715118408203,127.80034637451172,95.47245025634766,127.77478790283203,88.0333023071289,127.73367309570312,84.17388916015625,-0.0018616174347698689,3.4080286026000977,-0.01005239225924015,6.68916130065918,-0.016600431874394417,9.978398323059082,-0.025854509323835373,13.268597602844238
11858878677,0,127.78392791748047,115.6521987915039,127.64443969726562,95.4845962524414,127.6187515258789,88.05829620361328,127.58150482177734,84.19171905517578,-0.005849829409271479,3.411949872970581,-0.017892904579639435,6.685495376586914,-0.028058167546987534,9.962244987487793,-0.0405673049390316,13.248608589172363
11883878678,0,127.84132385253906,115.70268249511719,127.71176147460938,95.48204040527344,127.68740844726562,88.04306030273438,127.64191436767578,84.1820297241211,-0.004290957469493151,3.407546281814575,-0.01450664084404707,6.6862664222717285,-0.023027176037430763,9.972085952758789,-0.03473904728889465,13.259464263916016
11908878678,0,128.03121948242188,115.9328842163086,127.91498565673828,95.53298950195312,127.89124298095703,88.06514739990234,127.83345794677734,84.21061706542969,0.0008398207719437778,3.3875954151153564,-0.004269388969987631,6.670924186706543,-0.008000612258911133,9.957825660705566,-0.016118958592414856,13.227484703063965
11933878678,0,128.10122680664062,116.25389862060547,128.02403259277344,95.64244079589844,128.02578735351562,88.10431671142578,127.97669219970703,84.23126220703125,0.002703302539885044,3.3601205348968506,0.0012013206724077463,6.638189792633057,0.0018924095202237368,9.932633399963379,-0.0022520634811371565,13.204483032226562
11958878679,0,128.13668823242188,116.08430480957031,128.13760375976562,95.59518432617188,128.17294311523438,88.0754623413086,128.1375274658203,84.20861053466797,0.0036643571220338345,3.3745858669281006,0.006892194971442223,6.652286052703857,0.01271424163132906,9.951179504394531,0.013312936760485172,13.229724884033203
11983878679,0,128.0697021484375,115.68020629882812,128.03973388671875,95.45608520507812,128.05584716796875,88.00458526611328,127.99559783935547,84.15445709228516,0.001885871635749936,3.409505605697632,0.0020019635558128357,6.694107532501221,0.00412389263510704,9.99701976776123,-0.00042803664109669626,13.290451049804688
12008878679,0,128.0563507080078,115.47205352783203,128.00282287597656,95.48085021972656,127.96839141845703,88.05157470703125,127.86017608642578,84.18485260009766,0.0015319334343075752,3.427746295928955,0.00014207858475856483,6.6866254806518555,-0.002327223075553775,9.966584205627441,-0.013561626896262169,13.256299018859863
12033878680,0,128.02423095703125,114.95838165283203,128.02830505371094,95.29348754882812,128.0131378173828,87.97509765625,127.92403411865234,84.13204956054688,0.0006666122353635728,3.4735162258148193,0.0014360848581418395,6.743627071380615,0.0009719196241348982,10.01621150970459,-0.007400056812912226,13.315736770629883
12058878680,0,128.12881469726562,114.69662475585938,128.14532470703125,95.2305679321289,128.11354064941406,87.9740982055664,128.0091094970703,84.12667846679688,0.003565517021343112,3.497263193130493,0.007393162697553635,6.762975692749023,0.008400123566389084,10.016863822937012,0.0008877755608409643,13.32181167602539
12083878681,0,128.15054321289062,114.58247375488281,128.17428588867188,95.19436645507812,128.13302612304688,87.97152709960938,128.02418518066406,84.12542724609375,0.0041781202889978886,3.5077109336853027,0.008880356326699257,6.774155616760254,0.009843309409916401,10.018540382385254,0.0023572351783514023,13.323226928710938
12108878681,0,128.158203125,114.6775131225586,128.21751403808594,95.16648864746094,128.20506286621094,87.921142578125,128.12486267089844,84.0807876586914,0.004380933009088039,3.4990086555480957,0.011096288450062275,6.7827887535095215,0.015221711248159409,10.051511764526367,0.012214846909046173,13.373936653137207
12133878681,0,128.16387939453125,114.50941467285156,128.24725341796875,95.11337280273438,128.25552368164062,87.89405822753906,128.1904296875,84.05171203613281,0.004556064493954182,3.5144267082214355,0.012642402201890945,6.799294948577881,0.01899971067905426,10.069320678710938,0.018673963844776154,13.407166481018066
12158878682,0,128.2129364013672,114.56492614746094,128.2652130126953,95.09589385986328,128.2664794921875,87.88021850585938,128.196533203125,84.0472640991211,0.005912194028496742,3.509321689605713,0.013570963405072689,6.80474328994751,0.01983160898089409,10.078445434570312,0.01927960477769375,13.412263870239258
12183878682,0,128.25526428222656,114.5228500366211,128.25021362304688,95.07621002197266,128.2373046875,87.86383819580078,128.1652069091797,84.04632568359375,0.007094443775713444,3.5131900310516357,0.012814365327358246,6.81088924407959,0.017678633332252502,10.089264869689941,0.016207806766033173,13.41334056854248
12208878682,0,128.2630615234375,114.06999969482422,128.2731475830078,94.91311645507812,128.2786407470703,87.7944107055664,128.2315673828125,83.98416900634766,0.007389847654849291,3.555312395095825,0.014088470488786697,6.862215518951416,0.0208493173122406,10.135372161865234,0.022836003452539444,13.484984397888184
12233878683,0,128.173828125,113.99860382080078,128.15516662597656,94.88548278808594,128.15155029296875,87.77249145507812,128.10540771484375,83.96907043457031,0.004891430027782917,3.5620362758636475,0.008012884296476841,6.8709845542907715,0.011355523020029068,10.15001392364502,0.010407889261841774,13.502500534057617
12258878683,0,128.2359161376953,114.27423858642578,128.1450958251953,94.98075866699219,128.14585876464844,87.80824279785156,128.10023498535156,83.997802734375,0.0065952688455581665,3.536203145980835,0.00746175879612565,6.840839862823486,0.010904345661401749,10.126154899597168,0.009873433969914913,13.469205856323242
12283878684,0,128.3229522705078,114.3025131225586,128.2698516845703,94.98819732666016,128.26705932617188,87.81134033203125,128.214599609375,84.0145034790039,0.009022415615618229,3.533572196960449,0.013873014599084854,6.838496685028076,0.019961340352892876,10.124092102050781,0.02110929600894451,13.44992733001709
12308878684,0,128.29977416992188,114.42887878417969,128.28115844726562,95.01673889160156,128.28358459472656,87.80733489990234,128.24069213867188,84.00184631347656,0.008349939249455929,3.5218570232391357,0.014436368830502033,6.8295207023620605,0.02120189368724823,10.126758575439453,0.023700879886746407,13.464532852172852
12333878684,0,128.2509307861328,114.66415405273438,128.31546020507812,95.09722900390625,128.29359436035156,87.83982849121094,128.20921325683594,84.04375457763672,0.006950906477868557,3.5002293586730957,0.01614118367433548,6.804327487945557,0.02190523035824299,10.10516357421875,0.020529482513666153,13.416290283203125
12358878685,0,128.27500915527344,114.75877380371094,128.39878845214844,95.13278198242188,128.34584045410156,87.8640365600586,128.2174530029297,84.07088470458984,0.0076010324992239475,3.4915988445281982,0.02037348598241806,6.793254852294922,0.025763966143131256,10.089133262634277,0.021290061995387077,13.385235786437988
12383878685,0,128.364501953125,114.88031768798828,128.4531707763672,95.13253784179688,128.44528198242188,87.83638000488281,128.37176513671875,84.04378509521484,0.01004598569124937,3.4805681705474854,0.02315204031765461,6.793330669403076,0.03322996199131012,10.107451438903809,0.036480121314525604,13.416254043579102
12408878685,0,128.24502563476562,114.76231384277344,128.25889587402344,95.10636138916016,128.22679138183594,87.82969665527344,128.1412353515625,84.03671264648438,0.006771750748157501,3.491276741027832,0.013241712935268879,6.801479339599609,0.01693185791373253,10.111888885498047,0.01386711560189724,13.424371719360352
12433878686,0,128.16064453125,114.93124389648438,128.18638610839844,95.16510009765625,128.15560913085938,87.86322784423828,128.0714874267578,84.08305358886719,0.004422248341143131,3.4759647846221924,0.009508894756436348,6.783219337463379,0.011592954397201538,10.089668273925781,0.006992035079747438,13.371353149414062
12458878686,0,128.06019592285156,115.02896118164062,128.04124450683594,95.23473358154297,128.02090454101562,87.91691589355469,127.96100616455078,84.11753845214844,0.001653319806791842,3.467162847518921,0.002097872318699956,6.761691570281982,0.0015521451132372022,10.054286003112793,-0.003803051309660077,13.332161903381348
12483878687,0,127.89166259765625,115.03846740722656,127.93131256103516,95.23931121826172,127.91336822509766,87.92435455322266,127.84856414794922,84.13258361816406,-0.002974899485707283,3.46630859375,-0.003493049181997776,6.760280609130859,-0.006429334171116352,10.049402236938477,-0.014751155860722065,13.315133094787598
12508878687,0,127.71990203857422,115.22721862792969,127.73741912841797,95.28022766113281,127.71613311767578,87.93148803710938,127.66806030273438,84.1421127319336,-0.007657787296921015,3.4494261741638184,-0.013329887762665749,6.7476959228515625,-0.021057607606053352,10.044723510742188,-0.03230841085314751,13.30436897277832
12533878687,0,127.76871490478516,115.85253143310547,127.78240966796875,95.47344207763672,127.7611312866211,88.02030944824219,127.73040771484375,84.22785186767578,-0.006233093794435263,3.394535779953003,-0.010955027304589748,6.688861846923828,-0.017621343955397606,9.986815452575684,-0.026056010276079178,13.208277702331543
12558878688,0,127.90179443359375,115.69636535644531,127.84477233886719,95.44133758544922,127.80970001220703,88.0036392211914,127.77619934082031,84.19972229003906,-0.0026560816913843155,3.4080967903137207,-0.007825955748558044,6.698570728302002,-0.014053051359951496,9.997634887695312,-0.021680139005184174,13.239655494689941
12583878688,0,127.92325592041016,116.02054595947266,127.86798858642578,95.53959655761719,127.82081604003906,88.0532455444336,127.77433013916016,84.23758697509766,-0.0020603458397090435,3.3800530433654785,-0.006627704482525587,6.66894006729126,-0.013191279023885727,9.96550464630127,-0.02179357036948204,13.1974515914917
12608878688,0,127.86539459228516,116.07225799560547,127.82392883300781,95.5845947265625,127.77752685546875,88.07008361816406,127.7367172241211,84.24201965332031,-0.003609506879001856,3.375617742538452,-0.008822880685329437,6.655452251434326,-0.01636100932955742,9.954644203186035,-0.025416750460863113,13.19252872467041
12633878689,0,127.72320556640625,115.96733856201172,127.58078002929688,95.49319458007812,127.49214935302734,87.9993896484375,127.4393310546875,84.1910400390625,-0.007440083660185337,3.384627342224121,-0.02108873426914215,6.682901859283447,-0.0375131256878376,10.000396728515625,-0.05435210466384888,13.249368667602539
12658878689,0,127.67115783691406,115.801513671875,127.46124267578125,95.41409301757812,127.36956787109375,87.95940399169922,127.32251739501953,84.15156555175781,-0.008872561156749725,3.3989551067352295,-0.02719358541071415,6.7068305015563965,-0.04668445512652397,10.026453971862793,-0.06588955223560333,13.293707847595215
12683878690,0,127.79371643066406,115.59709930419922,127.60381317138672,95.36335754394531,127.51807403564453,87.94005584716797,127.45911407470703,84.13528442382812,-0.005591877736151218,3.4167673587799072,-0.020040815696120262,6.722263336181641,-0.035730667412281036,10.03911018371582,-0.052675217390060425,13.312080383300781
12708878690,0,127.831787109375,115.30482482910156,127.70709991455078,95.2917251586914,127.62223052978516,87.91188049316406,127.55126190185547,84.11936950683594,-0.004590644035488367,3.4425277709960938,-0.014861700125038624,6.744167804718018,-0.02805795520544052,10.057595252990723,-0.043758612126111984,13.330086708068848
12733878690,0,127.83628845214844,115.71880340576172,127.70983123779297,95.41577911376953,127.62236022949219,87.96427917480469,127.57449340820312,84.1539306640625,-0.004425493534654379,3.406142473220825,-0.014645110815763474,6.706318378448486,-0.02795626036822796,10.023270606994629,-0.041375208646059036,13.291044235229492
12758878691,0,127.87975311279297,115.55357360839844,127.71215057373047,95.37325286865234,127.61248779296875,87.95160675048828,127.57002258300781,84.12312316894531,-0.0032628767658025026,3.420581817626953,-0.01455448567867279,6.719248294830322,-0.0287098940461874,10.031551361083984,-0.04191618785262108,13.325836181640625
12783878691,0,127.70976257324219,115.94587707519531,127.52913665771484,95.48719787597656,127.4314193725586,87.99002838134766,127.37863159179688,84.15190887451172,-0.00780523382127285,3.3864755630493164,-0.02369268797338009,6.684710502624512,-0.04202361777424812,10.006484985351562,-0.0604303777217865,13.29332160949707
12808878691,0,127.5059585571289,115.65101623535156,127.29009246826172,95.41630554199219,127.19984436035156,87.96299743652344,127.15025329589844,84.10791015625,-0.013375796377658844,3.412053108215332,-0.03582894802093506,6.7061591148376465,-0.059239402413368225,10.024106979370117,-0.08294132351875305,13.343082427978516
12833878692,0,127.64434051513672,115.18305206298828,127.46675109863281,95.28068542480469,127.39496612548828,87.91011047363281,127.34917449951172,84.05198669433594,-0.009733560495078564,3.4533634185791016,-0.027069786563515663,6.747555255889893,-0.04494249075651169,10.058757781982422,-0.06381996721029282,13.406852722167969
12858878692,0,127.6589584350586,115.2969741821289,127.5649185180664,95.30210876464844,127.50411224365234,87.89035034179688,127.4421615600586,84.04331970214844,-0.009308943524956703,3.4432244300842285,-0.02206612192094326,6.740983963012695,-0.036880817264318466,10.07176399230957,-0.054741017520427704,13.416788101196289
12883878692,0,127.75650024414062,115.42711639404297,127.71728515625,95.33893585205078,127.66071319580078,87.90383911132812,127.57949829101562,84.0807876586914,-0.006626560352742672,3.4317069053649902,-0.014315885491669178,6.7297163009643555,-0.02521248534321785,10.062882423400879,-0.04113610461354256,13.373936653137207
12908878693,0,127.8139877319336,115.42952728271484,127.79348754882812,95.35063934326172,127.72269439697266,87.93206787109375,127.63518524169922,84.10355377197266,-0.005061824806034565,3.4314944744110107,-0.01045196782797575,6.726142406463623,-0.02057013474404812,10.044343948364258,-0.03562133014202118,13.348028182983398
12933878693,0,127.86602783203125,115.21853637695312,127.74290466308594,95.27486419677734,127.65486145019531,87.89688873291016,127.56195068359375,84.0684585571289,-0.0036634914577007294,3.450199604034424,-0.013054423034191132,6.749343395233154,-0.025658544152975082,10.06745719909668,-0.04289650171995163,13.388008117675781
12958878694,0,127.77404022216797,115.22254943847656,127.61266326904297,95.26591491699219,127.51893615722656,87.90087890625,127.42857360839844,84.05702209472656,-0.006178334355354309,3.4498422145843506,-0.019675200805068016,6.7520928382873535,-0.03575462847948074,10.064830780029297,-0.056010689586400986,13.401086807250977
12983878694,0,127.8799057006836,115.02798461914062,127.74592590332031,95.18897247314453,127.66167449951172,87.86235809326172,127.57150268554688,84.03910827636719,-0.0032985422294586897,3.467250347137451,-0.012948799878358841,6.775824069976807,-0.0252067930996418,10.090243339538574,-0.042063407599925995,13.421622276306152
13008878694,0,127.91854858398438,115.00970458984375,127.70787048339844,95.17888641357422,127.58989715576172,87.86668395996094,127.48893737792969,84.04991149902344,-0.0022381171584129333,3.4688940048217773,-0.01489475928246975,6.778946399688721,-0.03054620325565338,10.087383270263672,-0.050123441964387894,13.409229278564453
13033878695,0,128.06394958496094,115.01335144042969,127.81676483154297,95.18243408203125,127.69733428955078,87.8726577758789,127.61365509033203,84.06509399414062,0.0017570540076121688,3.4685661792755127,-0.009341152384877205,6.777848243713379,-0.02253534458577633,10.083436965942383,-0.03784383088350296,13.391852378845215
13058878695,0,128.13670349121094,114.93251037597656,127.99125671386719,95.18638610839844,127.88951873779297,87.88319396972656,127.79268646240234,84.08126068115234,0.0037630845326930285,3.4758505821228027,-0.0004456483293324709,6.77662467956543,-0.008220559917390347,10.076481819152832,-0.020279910415410995,13.373396873474121
13083878695,0,128.169189453125,114.94456481933594,128.12962341308594,95.13226318359375,128.0709991455078,87.85227966308594,127.99238586425781,84.05450439453125,0.004656029399484396,3.4747626781463623,0.0066224089823663235,6.7934160232543945,0.0052931238897144794,10.09691333770752,-0.0007464864174835384,13.403968811035156
13108878696,0,128.01522827148438,115.19974517822266,127.90365600585938,95.2181396484375,127.84880065917969,87.8853530883789,127.79196166992188,84.06314849853516,0.0004166007856838405,3.4518744945526123,-0.004903970751911402,6.766809940338135,-0.011248735710978508,10.075058937072754,-0.020381366834044456,13.394076347351074
13133878696,0,128.0751495361328,115.54490661621094,127.87138366699219,95.32548522949219,127.79975891113281,87.91574096679688,127.7325668334961,84.07233428955078,0.0020395745523273945,3.421342134475708,-0.0065165250562131405,6.733827590942383,-0.014868835918605328,10.055058479309082,-0.02618030272424221,13.383581161499023
13158878697,0,128.07794189453125,115.59764862060547,127.9847183227539,95.4098129272461,127.93045806884766,87.97753143310547,127.84696960449219,84.1138687133789,0.002112800721079111,3.416719436645508,-0.000771478284150362,6.7081298828125,-0.005143843591213226,10.014625549316406,-0.014929507859051228,13.336321830749512
13183878697,0,128.10089111328125,115.25531005859375,128.03321838378906,95.37953186035156,127.99738311767578,87.99710083007812,127.92977142333984,84.11726379394531,0.002756538800895214,3.4469261169433594,0.0016791649395599961,6.717336654663086,-0.00019332744705025107,10.001884460449219,-0.006849517114460468,13.332473754882812
13208878697,0,128.15032958984375,115.52821350097656,128.01620483398438,95.47724151611328,127.9780044555664,88.05049133300781,127.91102600097656,84.15721130371094,0.004081541672348976,3.422807455062866,0.0008157332194969058,6.687714576721191,-0.0016195600619539618,9.967284202575684,-0.008649276569485664,13.287349700927734
13233878698,0,128.0597381591797,115.44898986816406,128.02294921875,95.42764282226562,127.96749114990234,88.02442932128906,127.86567687988281,84.13041687011719,0.0016248855972662568,3.4297780990600586,0.0011576837860047817,6.7027201652526855,-0.002397560980170965,9.984145164489746,-0.013086564838886261,13.317582130432129
13258878698,0,128.15843200683594,115.43779754638672,128.17327880859375,95.38646697998047,128.12014770507812,88.0048828125,128.01611328125,84.116455078125,0.004310481250286102,3.430764675140381,0.008756519295275211,6.715225696563721,0.008871838450431824,9.996827125549316,0.0015716615598648787,13.333389282226562
13283878698,0,128.1533660888672,115.1943130493164,128.15187072753906,95.32931518554688,128.1204376220703,87.97972869873047,128.0493621826172,84.08531951904297,0.004196173511445522,3.4523589611053467,0.0076934779062867165,6.732656478881836,0.00890724454075098,10.013192176818848,0.00482710637152195,13.36877155303955
13308878699,0,128.15969848632812,115.3875503540039,128.21092224121094,95.3791275024414,128.2018585205078,87.99321746826172,128.15106201171875,84.11333465576172,0.0043499707244336605,3.435201406478882,0.010662147775292397,6.717459201812744,0.01491632591933012,10.004410743713379,0.014738122932612896,13.336926460266113
13333878699,0,128.12269592285156,115.47674560546875,128.2411346435547,95.36935424804688,128.2477569580078,87.95536041259766,128.19361877441406,84.07966613769531,0.0033352142199873924,3.427333116531372,0.012194487266242504,6.720436096191406,0.01835142821073532,10.029096603393555,0.018942756578326225,13.375214576721191
13358878700,0,127.98192596435547,115.28211975097656,128.10568237304688,95.32023620605469,128.1072998046875,87.92351531982422,128.0366668701172,84.05269622802734,-0.0004935114411637187,3.4445433616638184,0.005355749744921923,6.735433578491211,0.007963621988892555,10.049954414367676,0.0035953426267951727,13.406039237976074
13383878700,0,127.95415496826172,115.34747314453125,128.16932678222656,95.33155822753906,128.21791076660156,87.94253540039062,128.1859893798828,84.08329010009766,-0.0012499111471697688,3.4387471675872803,0.008576943539083004,6.73197078704834,0.016153696924448013,10.037487030029297,0.01819087564945221,13.371084213256836
13408878700,0,127.97687530517578,115.33651733398438,128.14501953125,95.36234283447266,128.17478942871094,87.96675872802734,128.144287109375,84.10001373291016,-0.000630627095233649,3.4397175312042236,0.0073360237292945385,6.7225728034973145,0.012937460094690323,10.021651268005371,0.014092638157308102,13.35205078125
13433878701,0,128.081787109375,115.49501037597656,128.20726013183594,95.42092895507812,128.21337890625,87.9934310913086,128.17283630371094,84.13052368164062,0.002222266048192978,3.4257259368896484,0.010458328761160374,6.704756259918213,0.0157674141228199,10.004270553588867,0.01683860272169113,13.317461967468262
13458878701,0,128.1718292236328,115.8684310913086,128.373291015625,95.5243911743164,128.39004516601562,88.02542114257812,128.3663330078125,84.1648941040039,0.004629089031368494,3.393160104751587,0.01875339075922966,6.673509120941162,0.028764452785253525,9.983502388000488,0.03558921441435814,13.278705596923828
13483878701,0,128.2903289794922,115.35923767089844,128.34532165527344,95.41061401367188,128.3389892578125,88.01182556152344,128.31814575195312,84.14920043945312,0.007913332432508469,3.4377057552337646,0.017432579770684242,6.707886695861816,0.025020485743880272,9.992319107055664,0.03094775229692459,13.296375274658203
13508878702,0,128.24668884277344,115.47207641601562,128.23898315429688,95.41781616210938,128.2244873046875,88.0140151977539,128.2188262939453,84.17329406738281,0.0067064049653708935,3.4277443885803223,0.012060672976076603,6.705700397491455,0.016566935926675797,9.990898132324219,0.02124428190290928,13.269266128540039
13533878702,0,128.1623077392578,116.05689239501953,128.20468139648438,95.53266143798828,128.17349243164062,88.03548431396484,128.14266967773438,84.20503997802734,0.004353875294327736,3.376934289932251,0.01027916744351387,6.671022891998291,0.012786423787474632,9.976985931396484,0.013814751990139484,13.233711242675781
13558878703,0,128.09188842773438,115.98430633544922,128.0923614501953,95.47955322265625,128.0560302734375,87.9980697631836,128.01837158203125,84.16764068603516,0.002468958031386137,3.383167266845703,0.004648914560675621,6.68701696395874,0.004139098804444075,10.00125503540039,0.0017843942623585463,13.275617599487305
13583878703,0,127.96037292480469,116.08830261230469,127.89802551269531,95.51351165771484,127.86870574951172,88.00606536865234,127.84423065185547,84.17794799804688,-0.0010622318368405104,3.37424373626709,-0.005125363357365131,6.67678165435791,-0.009694195352494717,9.996058464050293,-0.015116753987967968,13.264042854309082
13608878703,0,128.0963134765625,115.66230773925781,128.02781677246094,95.39871215820312,127.98956298828125,87.96662139892578,127.9510498046875,84.13872528076172,0.002606939757242799,3.411067247390747,0.0014049648307263851,6.7115020751953125,-0.0007725272444076836,10.02174186706543,-0.004765758290886879,13.308194160461426
13633878704,0,128.05447387695312,116.51372528076172,127.90617370605469,95.57749938964844,127.83588409423828,88.0089111328125,127.79815673828125,84.19674682617188,0.0014462553663179278,3.338172674179077,-0.004703027196228504,6.657576084136963,-0.012115449644625187,9.994211196899414,-0.019557839259505272,13.242981910705566
13658878704,0,128.2083740234375,116.62088775634766,128.03794860839844,95.60393524169922,127.94345092773438,88.0134506225586,127.88373565673828,84.20661926269531,0.005518944002687931,3.3291947841644287,0.0019000371685251594,6.64967155456543,-0.004173411522060633,9.991264343261719,-0.01125645823776722,13.231947898864746
13683878704,0,128.09112548828125,116.74069213867188,127.95482635498047,95.59326934814453,127.86347961425781,88.01119995117188,127.80535125732422,84.21336364746094,0.0024070648942142725,3.319209098815918,-0.002262807684019208,6.652858734130859,-0.010076837614178658,9.992725372314453,-0.01883505843579769,13.224420547485352
13708878705,0,128.0548553466797,116.72836303710938,128.00437927246094,95.58235931396484,127.97006225585938,88.0207290649414,127.94297790527344,84.22876739501953,0.0014493945054709911,3.3202342987060547,0.00021946504421066493,6.656121253967285,-0.00220844941213727,9.986543655395508,-0.0055107553489506245,13.207258224487305
13733878705,0,127.87614440917969,116.8832778930664,127.86580657958984,95.68049621582031,127.84822845458984,88.06507873535156,127.82881927490234,84.26522064208984,-0.0032612320501357317,3.307394027709961,-0.006697165779769421,6.6268792152404785,-0.011164984665811062,9.957869529724121,-0.016494158655405045,13.166816711425781
13758878706,0,127.86775207519531,116.93416595458984,127.84001159667969,95.64308166503906,127.79931640625,88.04666137695312,127.77804565429688,84.25310516357422,-0.0034782662987709045,3.3031952381134033,-0.007997146807610989,6.637999534606934,-0.014780115336179733,9.969758033752441,-0.021407607942819595,13.180231094360352
13783878706,0,127.84759521484375,117.0174560546875,127.83120727539062,95.67395782470703,127.8094482421875,88.06120300292969,127.79890441894531,84.26099395751953,-0.004000997636467218,3.2963438034057617,-0.008426233194768429,6.628819942474365,-0.014021212235093117,9.960370063781738,-0.01938329078257084,13.171493530273438
13808878706,0,128.01309204101562,117.45115661621094,128.0115509033203,95.82066345214844,127.99989318847656,88.13329315185547,127.9808120727539,84.32865142822266,0.00034041842445731163,3.261072874069214,0.0005730767152272165,6.585531711578369,-7.82430470280815e-06,9.91407585144043,-0.0018393447389826179,13.097015380859375
13833878707,0,128.04495239257812,117.34431457519531,128.06492614746094,95.81646728515625,128.06919860839844,88.14324188232422,128.0701904296875,84.32913208007812,0.0011716033332049847,3.2696990966796875,0.0032217579428106546,6.586761951446533,0.005065907258540392,9.907718658447266,0.006728156469762325,13.096489906311035
13858878707,0,128.12460327148438,117.31041717529297,128.08766174316406,95.84136962890625,128.06698608398438,88.16360473632812,128.0626678466797,84.34660339355469,0.0032499898225069046,3.272444248199463,0.0043453979305922985,6.579464435577393,0.004897754173725843,9.894733428955078,0.005998572334647179,13.077390670776367
13883878707,0,128.13340759277344,116.78597259521484,128.11610412597656,95.70111083984375,128.1092987060547,88.11325073242188,128.11573791503906,84.30055236816406,0.003520376980304718,3.315448760986328,0.005789346992969513,6.620767593383789,0.00801645778119564,9.926904678344727,0.011119919829070568,13.127846717834473
13908878708,0,128.2691192626953,116.07786560058594,128.21255493164062,95.53292083740234,128.21157836914062,88.05728912353516,128.19969177246094,84.2328109741211,0.007215640041977167,3.3751373291015625,0.010674462653696537,6.670945167541504,0.015572188422083855,9.962894439697266,0.019292322918772697,13.202760696411133
13933878708,0,128.47792053222656,116.21549224853516,128.37228393554688,95.56982421875,128.36904907226562,88.07464599609375,128.34727478027344,84.24606323242188,0.012774146161973476,3.363386631011963,0.018666744232177734,6.659873962402344,0.02713271975517273,9.951704978942871,0.03351408615708351,13.188039779663086
13958878709,0,128.58392333984375,115.97454833984375,128.47946166992188,95.54074096679688,128.4690399169922,88.09578704833984,128.42738342285156,84.25393676757812,0.015692967921495438,3.384006977081299,0.024070460349321365,6.668595790863037,0.03443881869316101,9.938109397888184,0.04121854528784752,13.179308891296387
13983878709,0,128.51559448242188,116.17082214355469,128.48947143554688,95.5923080444336,128.47874450683594,88.11962127685547,128.4013214111328,84.25312042236328,0.013795054517686367,3.367192506790161,0.024519270285964012,6.653145790100098,0.035099394619464874,9.922822952270508,0.03870760276913643,13.180213928222656
14008878709,0,128.44094848632812,116.11126708984375,128.4844207763672,95.47215270996094,128.4734344482422,88.03660583496094,128.39212036132812,84.17264556884766,0.011813782155513763,3.3722786903381348,0.024390488862991333,6.68925142288208,0.034889768809080124,9.976261138916016,0.0380701906979084,13.269994735717773
14033878710,0,128.37149047851562,115.71368408203125,128.45458984375,95.33183288574219,128.46231079101562,87.96759033203125,128.40330505371094,84.13607025146484,0.010043403133749962,3.406588077545166,0.023026160895824432,6.731887340545654,0.034217264503240585,10.021108627319336,0.03927409648895264,13.311192512512207
14058878710,0,128.36434936523438,115.57876586914062,128.30325317382812,95.34469604492188,128.32260131835938,87.98184204101562,128.31564331054688,84.14730834960938,0.009880837053060532,3.4183731079101562,0.0153520992025733,6.727957248687744,0.023855580016970634,10.011816024780273,0.030709104612469673,13.298507690429688
14083878710,0,128.33119201660156,115.21525573730469,128.2779998779297,95.27139282226562,128.30564880371094,87.97554779052734,128.30584716796875,84.15159606933594,0.009057188406586647,3.4504916667938232,0.01411798968911171,6.7504096031188965,0.02261088602244854,10.015918731689453,0.02974553592503071,13.29367446899414
14108878711,0,128.2012939453125,114.97515106201172,128.1123504638672,95.23658752441406,128.12548828125,87.98326110839844,128.12237548828125,84.17704010009766,0.005535589996725321,3.4720046520233154,0.005714170169085264,6.761119842529297,0.009278726764023304,10.01089096069336,0.011876906268298626,13.265060424804688
14133878711,0,128.26217651367188,115.29928588867188,128.0425262451172,95.40872192382812,128.07101440429688,88.09657287597656,128.10227966308594,84.29753875732422,0.007155891042202711,3.443019390106201,0.0021469895727932453,6.708460807800293,0.005213912110775709,9.937604904174805,0.009829279966652393,13.131162643432617
14158878711,0,128.3739471435547,115.58502197265625,128.02415466308594,95.48713684082031,128.0417022705078,88.13397216796875,128.08140563964844,84.31977844238281,0.010139665566384792,3.417825222015381,0.0012154064606875181,6.684728622436523,0.0030547035858035088,9.913641929626465,0.007809122558683157,13.106736183166504
14183878712,0,128.2886505126953,115.3738021850586,128.03659057617188,95.4296875,128.04063415527344,88.11846160888672,128.0470428466797,84.31729125976562,0.007864940911531448,3.4364168643951416,0.0018456671386957169,6.7021002769470215,0.002979327691718936,9.923565864562988,0.004513661842793226,13.109463691711426
14208878712,0,128.15525817871094,115.24104309082031,127.89358520507812,95.43550109863281,127.91253662109375,88.13086700439453,127.935546875,84.31946563720703,0.004243351053446531,3.448195695877075,-0.005366342607885599,6.700338363647461,-0.006407951004803181,9.915626525878906,-0.0061830501072108746,13.10707950592041
14233878713,0,128.32862854003906,114.86736297607422,127.96089172363281,95.36972045898438,127.95381164550781,88.1096420288086,127.96693420410156,84.30318450927734,0.009060019627213478,3.481740713119507,-0.0019777247216552496,6.720324516296387,-0.0033884197473526,9.929217338562012,-0.003176230937242508,13.124953269958496
14258878713,0,128.3341522216797,115.07238006591797,127.89681243896484,95.42582702636719,127.8646240234375,88.11116027832031,127.86651611328125,84.28369903564453,0.009168454445898533,3.463264226913452,-0.005205746740102768,6.703270435333252,-0.00993037037551403,9.928244590759277,-0.012842522002756596,13.146408081054688
14283878713,0,128.2971954345703,114.7910385131836,127.85546875,95.32569122314453,127.85171508789062,88.06468963623047,127.88182067871094,84.24174499511719,0.008208048529922962,3.488664388656616,-0.007322811987251043,6.7337646484375,-0.010908757336437702,9.958121299743652,-0.011409033089876175,13.19283390045166
14308878714,0,128.12376403808594,114.89240264892578,127.86143493652344,95.38481140136719,127.85653686523438,88.08221435546875,127.88628387451172,84.28591918945312,0.0034100813791155815,3.4794745445251465,-0.007002781145274639,6.715729713439941,-0.010542536154389381,9.946833610534668,-0.010938683524727821,13.143960952758789
14333878714,0,127.99463653564453,114.65589904785156,127.83666229248047,95.27204132080078,127.82093048095703,88.00668334960938,127.81497955322266,84.20732116699219,-0.00014859935618005693,3.5009841918945312,-0.008294736966490746,6.750210285186768,-0.013221203349530697,9.995657920837402,-0.0179122444242239,13.23116397857666
14358878714,0,127.55560302734375,115.29691314697266,127.18853759765625,95.42321014404297,127.06072235107422,88.06338500976562,126.95314025878906,84.29414367675781,-0.012130111455917358,3.4432296752929688,-0.04094233736395836,6.704063892364502,-0.06910470128059387,9.958962440490723,-0.10063309967517853,13.134899139404297
14383878715,0,127.55387878417969,115.88029479980469,127.19819641113281,95.68275451660156,127.134521484375,88.17484283447266,127.1114730834961,84.35459899902344,-0.012015283107757568,3.39213490486145,-0.04001164808869362,6.626209259033203,-0.06323636323213577,9.887580871582031,-0.0849948525428772,13.068669319152832
14408878715,0,127.77153778076172,115.27597045898438,127.34786987304688,95.53780364990234,127.30328369140625,88.1681137084961,127.30573272705078,84.37899017333984,-0.006239046808332205,3.445089817047119,-0.03274303674697876,6.669477939605713,-0.050926901400089264,9.891861915588379,-0.06628146767616272,13.042130470275879
14433878716,0,127.42318725585938,115.60833740234375,126.79517364501953,95.52516174316406,126.53205108642578,88.06261444091797,126.33492279052734,84.26570892333984,-0.01563205197453499,3.4157838821411133,-0.06052607297897339,6.673277378082275,-0.10800536721944809,9.95945930480957,-0.16043250262737274,13.166276931762695
14458878716,0,127.72472381591797,115.85929107666016,127.41178894042969,95.49798583984375,127.3189697265625,88.01605987548828,127.23796081542969,84.25249481201172,-0.007417502347379923,3.393950939178467,-0.029583748430013657,6.68145751953125,-0.05025292932987213,9.989571571350098,-0.07350271940231323,13.180907249450684
14483878716,0,127.67045593261719,116.16276550292969,127.25334167480469,95.62661743164062,127.1631088256836,88.06672668457031,127.10958099365234,84.26747131347656,-0.008818767964839935,3.367879867553711,-0.03734831511974335,6.642903804779053,-0.06155909597873688,9.956808090209961,-0.0857807844877243,13.164327621459961
14508878717,0,127.47684478759766,116.36109161376953,127.01834106445312,95.65449523925781,126.92538452148438,88.06028747558594,126.89614868164062,84.26693725585938,-0.013937311246991158,3.351034641265869,-0.049045316874980927,6.634603023529053,-0.07907704263925552,9.960960388183594,-0.1063469648361206,13.164917945861816
14533878717,0,127.50072479248047,116.6954345703125,127.0609359741211,95.77239990234375,126.98929595947266,88.12188720703125,126.99630737304688,84.32814025878906,-0.013201627880334854,3.3229751586914062,-0.04668451100587845,6.5997138023376465,-0.07408986240625381,9.921372413635254,-0.09621743857860565,13.097575187683105
14558878717,0,127.62285614013672,116.37432861328125,127.2673110961914,95.68501281738281,127.23792266845703,88.0964584350586,127.27715301513672,84.32237243652344,-0.010044443421065807,3.3499155044555664,-0.036559198051691055,6.625539779663086,-0.05595248192548752,9.937677383422852,-0.06932704895734787,13.103893280029297
14583878718,0,127.68759155273438,116.15544128417969,127.41574096679688,95.61986541748047,127.38861846923828,88.06925964355469,127.42266845703125,84.29560852050781,-0.008361595682799816,3.368504762649536,-0.029233355075120926,6.644917011260986,-0.044964224100112915,9.955175399780273,-0.055491428822278976,13.13328742980957
14608878718,0,127.73580932617188,116.16940307617188,127.53324890136719,95.58124542236328,127.51223754882812,88.04266357421875,127.52194213867188,84.25949096679688,-0.007068815175443888,3.3673136234283447,-0.023392101749777794,6.656454563140869,-0.03593209385871887,9.972342491149902,-0.04608490318059921,13.173157691955566
14633878719,0,127.69243621826172,116.17111206054688,127.42237854003906,95.54132080078125,127.39290618896484,88.0132064819336,127.3975830078125,84.22613525390625,-0.008229007944464684,3.3671677112579346,-0.028997672721743584,6.668422222137451,-0.044805172830820084,9.991422653198242,-0.05823158845305443,13.210187911987305
14658878719,0,127.81498718261719,116.04216003417969,127.58453369140625,95.52188873291016,127.54046630859375,88.01803588867188,127.52496337890625,84.22465515136719,-0.004964595194905996,3.37819766998291,-0.02087441273033619,6.674261569976807,-0.033904608339071274,9.988289833068848,-0.045924149453639984,13.211835861206055
14683878719,0,127.8697280883789,115.5640869140625,127.72508239746094,95.40918731689453,127.66334533691406,87.98860931396484,127.59729766845703,84.19064331054688,-0.0035340511240065098,3.4196598529815674,-0.013879276812076569,6.708319664001465,-0.02488425187766552,10.00740909576416,-0.03903985396027565,13.249813079833984
14708878720,0,128.1260528564453,115.27168273925781,128.05198669433594,95.34112548828125,128.0076904296875,87.97748565673828,127.9249496459961,84.19949340820312,0.003442702814936638,3.4454705715179443,0.002632213057950139,6.7290472984313965,0.0005688435048796237,10.014655113220215,-0.00727045489475131,13.239910125732422
14733878720,0,128.4227294921875,115.21662902832031,128.4064178466797,95.33787536621094,128.3944091796875,87.98711395263672,128.32327270507812,84.23464965820312,0.011560117825865746,3.450369358062744,0.020580792799592018,6.730040550231934,0.029155973345041275,10.008381843566895,0.03122684545814991,13.200716018676758
14758878720,0,128.44415283203125,115.19551086425781,128.50286865234375,95.3211441040039,128.4956817626953,87.97903442382812,128.41104125976562,84.23442077636719,0.012151908129453659,3.45225191116333,0.025483282282948494,6.7351555824279785,0.03666089102625847,10.01364517211914,0.039705678820610046,13.200970649719238
14783878721,0,128.3082733154297,114.939453125,128.46585083007812,95.24193572998047,128.4703369140625,87.94007110595703,128.3857421875,84.20471954345703,0.008484574034810066,3.4752237796783447,0.023687828332185745,6.759472370147705,0.03487140312790871,10.03909969329834,0.03735252469778061,13.23406982421875
14808878721,0,128.31219482421875,115.01446533203125,128.44320678710938,95.25140380859375,128.43272399902344,87.92984771728516,128.33822631835938,84.18075561523438,0.008577520959079266,3.468465805053711,0.022527234628796577,6.756556987762451,0.03210332617163658,10.04580020904541,0.03281586244702339,13.260892868041992
14833878722,0,128.2204132080078,115.23621368408203,128.39822387695312,95.32057189941406,128.39700317382812,87.94834899902344,128.30239868164062,84.18086242675781,0.006024771369993687,3.448625326156616,0.02018081769347191,6.735330581665039,0.0294190663844347,10.033681869506836,0.029339486733078957,13.260773658752441
14858878722,0,128.31454467773438,115.38082885742188,128.3645782470703,95.38468170166016,128.348388671875,87.97573852539062,128.2506103515625,84.19572448730469,0.008569098077714443,3.435795545578003,0.018425103276968002,6.715768814086914,0.025772331282496452,10.015793800354004,0.024285219609737396,13.244125366210938
14883878722,0,128.3326416015625,115.38390350341797,128.3240203857422,95.38609313964844,128.3114013671875,87.97577667236328,128.21839904785156,84.19501495361328,0.00906146876513958,3.435523748397827,0.01637439616024494,6.715339183807373,0.023036113008856773,10.015769004821777,0.021165037527680397,13.244918823242188
14908878723,0,128.33297729492188,115.34234619140625,128.29904174804688,95.355712890625,128.2980194091797,87.95661926269531,128.2198486328125,84.17485046386719,0.009079310111701488,3.4392011165618896,0.0151317548006773,6.724594593048096,0.022072643041610718,10.028274536132812,0.021340804174542427,13.267518997192383
14933878723,0,128.4725341796875,115.57408142089844,128.2624053955078,95.45258331298828,128.2474822998047,88.00902557373047,128.17172241210938,84.19671630859375,0.012816091999411583,3.418783664703369,0.013223082758486271,6.69516658782959,0.01826963573694229,9.994136810302734,0.016639286652207375,13.243016242980957
14958878723,0,128.5228271484375,115.64653015136719,128.31214904785156,95.48967742919922,128.3109130859375,88.02623748779297,128.23863220214844,84.2060546875,0.014156602323055267,3.412444829940796,0.015704914927482605,6.683962345123291,0.022927571088075638,9.982973098754883,0.023104915395379066,13.23257827758789
14983878724,0,128.37876892089844,115.31585693359375,128.31231689453125,95.38407897949219,128.33505249023438,87.97805786132812,128.26919555664062,84.16194915771484,0.010334229096770287,3.441549062728882,0.01578431949019432,6.715952396392822,0.024782178923487663,10.0142822265625,0.0261586494743824,13.28201675415039
15008878724,0,128.30047607421875,115.49522399902344,128.18270874023438,95.40186309814453,128.1845703125,87.98580932617188,128.10186767578125,84.17008972167969,0.0081642996519804,3.4257071018218994,0.00922697875648737,6.710544586181641,0.01364513672888279,10.009232521057129,0.009892208501696587,13.272865295410156
15033878725,0,128.1971435546875,115.69757080078125,128.13880920410156,95.45614624023438,128.15057373046875,88.00730895996094,128.07565307617188,84.18814849853516,0.0053318259306252,3.407991886138916,0.006993784103542566,6.694088935852051,0.011116843670606613,9.995250701904297,0.007335665635764599,13.252607345581055
15058878725,0,127.90544128417969,115.5121078491211,127.91648864746094,95.42758178710938,127.95960998535156,88.01338195800781,127.9200210571289,84.20393371582031,-0.0025682782288640738,3.424222707748413,-0.004212778992950916,6.7027387619018555,-0.002980859950184822,9.99130916595459,-0.007745089940726757,13.23494815826416
15083878725,0,127.94597625732422,115.70709991455078,127.8987808227539,95.47687530517578,127.91035461425781,88.05882263183594,127.84638977050781,84.23665618896484,-0.0014607750345021486,3.4071614742279053,-0.005095339845865965,6.687825679779053,-0.006597279570996761,9.961905479431152,-0.014835699461400509,13.198486328125
15108878726,0,127.89852142333984,115.67506408691406,127.9150390625,95.45740509033203,127.93242645263672,88.05061340332031,127.8740463256836,84.23930358886719,-0.0027459426783025265,3.409954071044922,-0.004280455410480499,6.693708419799805,-0.004975488409399986,9.967205047607422,-0.012161994352936745,13.195545196533203
15133878726,0,127.75862121582031,115.60350799560547,127.7974624633789,95.42739868164062,127.81546783447266,88.03890991210938,127.7388687133789,84.23876190185547,-0.006542267743498087,3.4162063598632812,-0.010217204689979553,6.702794075012207,-0.013597149401903152,9.974769592285156,-0.025215759873390198,13.196146011352539
15158878726,0,127.72433471679688,115.48750305175781,127.72173309326172,95.42205047607422,127.73920440673828,88.03726959228516,127.66864013671875,84.23954010009766,-0.0074914912693202496,3.426386594772339,-0.01404065266251564,6.704416275024414,-0.01921854354441166,9.975831031799316,-0.031995244324207306,13.195281982421875
15183878727,0,127.7335205078125,115.66290283203125,127.66626739501953,95.42452239990234,127.65823364257812,88.02537536621094,127.58834838867188,84.2352294921875,-0.007212765980511904,3.411015510559082,-0.016837535426020622,6.7036662101745605,-0.02520413137972355,9.983531951904297,-0.03976201266050339,13.200071334838867
15208878727,0,127.66848754882812,115.65955352783203,127.64510345458984,95.4511947631836,127.62178802490234,88.0218505859375,127.53739166259766,84.21977233886719,-0.00897369347512722,3.4113078117370605,-0.017884938046336174,6.695587158203125,-0.02789800986647606,9.98581600189209,-0.04474051669239998,13.21727466583252
15233878728,0,127.5980453491211,115.7089614868164,127.60791778564453,95.47836303710938,127.59346771240234,88.03607177734375,127.51229095458984,84.22970581054688,-0.010868189856410027,3.4069995880126953,-0.01973603665828705,6.687376022338867,-0.029960406944155693,9.976606369018555,-0.047129783779382706,13.206214904785156
15258878728,0,127.58918762207031,115.48113250732422,127.59860229492188,95.4498519897461,127.56678009033203,88.02752685546875,127.4752426147461,84.21160888671875,-0.011165888980031013,3.4269468784332275,-0.020229510962963104,6.695992946624756,-0.031944241374731064,9.982138633728027,-0.05078510195016861,13.226378440856934
15283878728,0,127.56965637207031,115.62226104736328,127.5349349975586,95.4845962524414,127.51982116699219,88.04037475585938,127.4635238647461,84.21280670166016,-0.011658906936645508,3.4145658016204834,-0.02340352162718773,6.685495376586914,-0.03537847846746445,9.973822593688965,-0.05191412940621376,13.225042343139648
15308878729,0,127.44239044189453,115.99954223632812,127.36408996582031,95.56987762451172,127.35533142089844,88.06680297851562,127.33644104003906,84.2540054321289,-0.014977271668612957,3.381857395172119,-0.031885188072919846,6.659857749938965,-0.047419577836990356,9.956758499145508,-0.06399589031934738,13.17923355102539
15333878729,0,127.44701385498047,115.96054077148438,127.42849731445312,95.56240844726562,127.45877838134766,88.06195068359375,127.47681427001953,84.25074005126953,-0.014866265468299389,3.3852126598358154,-0.02866481989622116,6.662095546722412,-0.03982240706682205,9.959887504577637,-0.050471264868974686,13.182852745056152
15358878729,0,127.62822723388672,115.39453887939453,127.60966491699219,95.40963745117188,127.66287994384766,88.00372314453125,127.69888305664062,84.20761108398438,-0.010124956257641315,3.4345836639404297,-0.019705776125192642,6.708183288574219,-0.024895120412111282,9.997580528259277,-0.02915111556649208,13.230840682983398
15383878730,0,127.66690063476562,115.2569351196289,127.60946655273438,95.3736343383789,127.64368438720703,87.98873901367188,127.67264556884766,84.18408203125,-0.009100571274757385,3.446781635284424,-0.01974616013467312,6.719132423400879,-0.02633730135858059,10.00732421875,-0.031752362847328186,13.257163047790527
15408878730,0,127.8341293334961,115.1123046875,127.78246307373047,95.32454681396484,127.82070922851562,87.97100830078125,127.8569107055664,84.1740951538086,-0.00454693753272295,3.459686517715454,-0.011022253893315792,6.734114170074463,-0.01326710730791092,10.018878936767578,-0.013890602625906467,13.268366813659668
15433878730,0,127.97310638427734,115.08021545410156,127.96174621582031,95.27999877929688,128.012451171875,87.94662475585938,128.06787109375,84.16178131103516,-0.000737771624699235,3.46256160736084,-0.0019419679883867502,6.747766017913818,0.0009227670961990952,10.034810066223145,0.00659535638988018,13.282205581665039
15458878731,0,127.88370513916016,115.32075500488281,127.88130187988281,95.36141204833984,127.9428482055664,87.97128295898438,128.0036163330078,84.15589141845703,-0.003172598546370864,3.441114664077759,-0.006004756316542625,6.722856521606445,-0.0042290291748940945,10.018699645996094,0.0003515865246299654,13.288835525512695
15483878731,0,127.8959732055664,115.27018737792969,127.92247009277344,95.30609130859375,127.9908676147461,87.93720245361328,128.03562927246094,84.11175537109375,-0.0028412346728146076,3.445603609085083,-0.003931429237127304,6.739764213562012,-0.0006772091146558523,10.040979385375977,0.003476566169410944,13.33871841430664
15508878732,0,128.07737731933594,115.4638671875,128.17445373535156,95.34391784667969,128.237548828125,87.95104217529297,128.26007080078125,84.12967681884766,0.002103952458128333,3.428467035293579,0.008831961080431938,6.728194236755371,0.01760007254779339,10.031920433044434,0.02533920481801033,13.318419456481934
15533878732,0,128.2698974609375,115.33263397216797,128.3444061279297,95.32696533203125,128.39907836914062,87.95409393310547,128.40740966796875,84.12693786621094,0.007360958494246006,3.4400618076324463,0.017448706552386284,6.733375072479248,0.029562193900346756,10.029924392700195,0.03970368579030037,13.321517944335938
15558878732,0,128.3772735595703,115.29202270507812,128.47885131835938,95.34414672851562,128.51412963867188,87.96549987792969,128.4931640625,84.13247680664062,0.010299096815288067,3.443664073944092,0.024242272600531578,6.728125095367432,0.03805754333734512,10.022473335266113,0.04803885146975517,13.315254211425781
15583878733,0,128.42466735839844,115.35723876953125,128.4300537109375,95.39689636230469,128.43080139160156,88.00067138671875,128.3585662841797,84.1581802368164,0.011575451120734215,3.437882661819458,0.021722763776779175,6.7120537757873535,0.03181922063231468,9.999563217163086,0.03485391288995743,13.286258697509766
15608878733,0,128.36465454101562,115.51631164550781,128.41546630859375,95.43806457519531,128.4166259765625,88.0163345336914,128.34654235839844,84.17532348632812,0.009903306141495705,3.4238533973693848,0.020949067547917366,6.699561595916748,0.03074212186038494,9.98939323425293,0.03363770991563797,13.266986846923828
15633878733,0,128.3343505859375,115.51690673828125,128.3301239013672,95.43253326416016,128.34335327148438,88.00897216796875,128.3144989013672,84.17877197265625,0.009080185554921627,3.4238009452819824,0.016649775207042694,6.70123815536499,0.025347106158733368,9.994171142578125,0.03051871806383133,13.263117790222168
15658878734,0,128.34597778320312,115.39879608154297,128.37831115722656,95.36422729492188,128.41195678710938,87.9622573852539,128.3945770263672,84.13021087646484,0.009421524591743946,3.4342076778411865,0.01913587749004364,6.721998691558838,0.03050057217478752,10.024590492248535,0.03844271972775459,13.317815780639648
15683878734,0,128.35455322265625,115.38580322265625,128.50787353515625,95.36331939697266,128.55520629882812,87.95365142822266,128.5263671875,84.12637329101562,0.009657938033342361,3.4353556632995605,0.02569044940173626,6.722275257110596,0.041128698736429214,10.030214309692383,0.05129895359277725,13.32215690612793
15708878735,0,128.32553100585938,115.36173248291016,128.49591064453125,95.34402465820312,128.5459747314453,87.94833374023438,128.5059051513672,84.12409973144531,0.008872303180396557,3.4374849796295166,0.025106048211455345,6.7281622886657715,0.040458325296640396,10.033692359924316,0.04931400343775749,13.324729919433594
15733878735,0,128.26492309570312,115.29044342041016,128.450927734375,95.3526611328125,128.49716186523438,87.94674682617188,128.44078063964844,84.14227294921875,0.007232333067804575,3.4438040256500244,0.02282029204070568,6.725525856018066,0.03684481233358383,10.034729957580566,0.04290156438946724,13.304187774658203
15758878735,0,128.22921752929688,115.20896911621094,128.44778442382812,95.3049087524414,128.48880004882812,87.90862274169922,128.41964721679688,84.11543273925781,0.006269379518926144,3.451052188873291,0.022707650437951088,6.740126132965088,0.03631192818284035,10.059736251831055,0.04093512147665024,13.334548950195312
15783878736,0,128.1825408935547,115.4827651977539,128.42295837402344,95.33795166015625,128.45909118652344,87.91010284423828,128.39976501464844,84.11619567871094,0.004961279220879078,3.4268033504486084,0.02141832560300827,6.730016708374023,0.03410174325108528,10.058762550354004,0.0389932245016098,13.333683967590332
15808878736,0,128.20846557617188,115.60841369628906,128.53466796875,95.38763427734375,128.56825256347656,87.92715454101562,128.48756408691406,84.14266967773438,0.005649561062455177,3.4157772064208984,0.027017707005143166,6.714870452880859,0.04216517135500908,10.047566413879395,0.047453489154577255,13.303740501403809
15833878736,0,128.25393676757812,115.71231079101562,128.65499877929688,95.43889617919922,128.6856689453125,87.93778228759766,128.58932495117188,84.15123748779297,0.006865505129098892,3.406707763671875,0.03302584961056709,6.699310302734375,0.05084370821714401,10.04059886932373,0.05731720104813576,13.294078826904297
15858878737,0,128.1666259765625,115.81527709960938,128.5134735107422,95.50106811523438,128.51605224609375,87.98077392578125,128.40643310546875,84.17960357666016,0.004494359251111746,3.397761821746826,0.02582147717475891,6.68052864074707,0.03816335275769234,10.01251220703125,0.039437249302864075,13.262186050415039
15883878737,0,128.18788146972656,116.15255737304688,128.52053833007812,95.57485961914062,128.55429077148438,88.00396728515625,128.47950744628906,84.22032165527344,0.005028966348618269,3.368750810623169,0.026094814762473106,6.658365726470947,0.040931783616542816,9.997422218322754,0.046372801065444946,13.216662406921387
15908878738,0,128.1521453857422,116.28926086425781,128.50559997558594,95.5513916015625,128.5462188720703,87.96255493164062,128.46421813964844,84.19229125976562,0.004059859551489353,3.3571183681488037,0.025371206924319267,6.665399551391602,0.04044035077095032,10.024395942687988,0.04499740153551102,13.247967720031738
15933878738,0,128.2067108154297,116.0858154296875,128.52731323242188,95.48624420166016,128.57460021972656,87.93097686767578,128.50320434570312,84.15868377685547,0.005541342310607433,3.3744566440582275,0.02653418481349945,6.684998035430908,0.042625945061445236,10.045059204101562,0.04891121760010719,13.28569221496582
15958878738,0,128.3480987548828,115.955322265625,128.75717163085938,95.47508239746094,128.85452270507812,87.93603515625,128.79981994628906,84.15889739990234,0.009359262883663177,3.385662078857422,0.03811867907643318,6.688366413116455,0.06337150186300278,10.041744232177734,0.07774073630571365,13.28545093536377
15983878739,0,128.48902893066406,116.0827865600586,128.93264770507812,95.48505401611328,129.0341339111328,87.92377471923828,128.96563720703125,84.16084289550781,0.013110406696796417,3.374715805053711,0.046932827681303024,6.685357093811035,0.07675052434206009,10.049782752990723,0.09384280443191528,13.283262252807617
16008878739,0,128.46437072753906,116.30835723876953,128.72630310058594,95.55978393554688,128.81724548339844,87.97067260742188,128.7751922607422,84.19050598144531,0.012385964393615723,3.355498790740967,0.03643319383263588,6.6628828048706055,0.06047556549310684,10.019097328186035,0.07515161484479904,13.249966621398926
16033878739,0,128.53164672851562,116.74143981933594,128.76441955566406,95.64375305175781,128.8321533203125,88.00021362304688,128.76870727539062,84.21896362304688,0.014043128117918968,3.3191471099853516,0.03820902854204178,6.637799263000488,0.06146504357457161,9.999860763549805,0.07434936612844467,13.218175888061523
16058878740,0,128.6717529296875,116.81471252441406,128.9185791015625,95.6596908569336,129.00863647460938,88.00811767578125,128.9678955078125,84.23478698730469,0.017714936286211014,3.313066005706787,0.0458836704492569,6.633058547973633,0.07446377724409103,9.994726181030273,0.09349377453327179,13.200563430786133
16083878740,0,128.71240234375,117.3426513671875,128.98622131347656,95.80049133300781,129.10389709472656,88.06214904785156,129.0828094482422,84.27694702148438,0.018568169325590134,3.26983380317688,0.048971015959978104,6.591452121734619,0.08122236281633377,9.959759712219238,0.10423468798398972,13.153857231140137
16108878741,0,128.844482421875,117.26409912109375,129.2063751220703,95.80907440185547,129.33511352539062,88.06787109375,129.30323791503906,84.26093292236328,0.02204892225563526,3.276202440261841,0.05988120287656784,6.588931560516357,0.09819977730512619,9.956069946289062,0.12561769783496857,13.171560287475586
16133878741,0,129.01858520507812,117.42635345458984,129.54364013671875,95.90072631835938,129.7159881591797,88.10601806640625,129.67388916015625,84.27339935302734,0.02649964764714241,3.2630715370178223,0.07632830739021301,6.562131404876709,0.1259147971868515,9.93154239654541,0.16118048131465912,13.157774925231934
16158878741,0,129.01966857910156,117.25878143310547,129.5460662841797,95.85691833496094,129.70596313476562,88.09825897216797,129.6591339111328,84.2572021484375,0.02662605419754982,3.2766342163085938,0.07658864557743073,6.574915409088135,0.1252395212650299,9.936521530151367,0.15997080504894257,13.175691604614258
16183878742,0,129.153076171875,117.38204956054688,129.69937133789062,95.9159164428711,129.89413452148438,88.1224136352539,129.86048889160156,84.27842712402344,0.03002787195146084,3.2666478157043457,0.08397536724805832,6.557709217071533,0.13884536921977997,9.921035766601562,0.17907501757144928,13.15222454071045
16208878742,0,129.10484313964844,117.56778717041016,129.5997314453125,96.00630950927734,129.76141357421875,88.16598510742188,129.6810302734375,84.30667877197266,0.02865453250706196,3.251702308654785,0.07875394821166992,6.531510829925537,0.12876854836940765,9.893217086791992,0.16143040359020233,13.121113777160645
16233878742,0,129.2048797607422,117.38671875,129.5901336669922,95.93309783935547,129.7273406982422,88.1435546875,129.62969970703125,84.30364227294922,0.03137368708848953,3.266270637512207,0.07852091640233994,6.552713871002197,0.12645310163497925,9.907519340515137,0.1565397083759308,13.124449729919434
16258878743,0,129.39944458007812,117.83436584472656,129.6011962890625,96.06786346435547,129.71202087402344,88.21461486816406,129.62132263183594,84.34052276611328,0.03608403727412224,3.2304632663726807,0.07862445712089539,6.513782978057861,0.12478232383728027,9.862346649169922,0.15526962280273438,13.084031105041504
16283878743,0,129.87408447265625,118.31964874267578,129.3391571044922,96.2833251953125,129.31626892089844,88.3687515258789,129.22952270507812,84.43225860595703,0.047816142439842224,3.192427635192871,0.06517394632101059,6.4524383544921875,0.0950341522693634,9.765711784362793,0.1168791875243187,12.984535217285156
16308878744,0,129.9308319091797,118.13394927978516,129.22755432128906,96.34794616699219,129.2078094482422,88.45011138916016,129.15113830566406,84.48336029052734,0.049462318420410156,3.20688796043396,0.059583909809589386,6.434251308441162,0.086772121489048,9.715433120727539,0.1089799702167511,12.929744720458984
16333878744,0,129.13571166992188,117.17212677001953,128.72654724121094,96.01815795898438,128.7007598876953,88.28048706054688,128.63775634765625,84.33971405029297,0.029713114723563194,3.2836873531341553,0.0357498973608017,6.5280914306640625,0.050868917256593704,9.82082462310791,0.06108018383383751,13.084915161132812
16358878744,0,128.86422729492188,116.85997772216797,128.64236450195312,95.94393157958984,128.6282958984375,88.2494888305664,128.55943298339844,84.31607818603516,0.022767720744013786,3.309319257736206,0.03170565515756607,6.5495686531066895,0.04569568112492561,9.840322494506836,0.05368170142173767,13.110794067382812
16383878745,0,128.62355041503906,116.89636993408203,128.54721069335938,95.89637756347656,128.56326293945312,88.20694732666016,128.5061798095703,84.29318237304688,0.016413869336247444,3.3063127994537354,0.027062827721238136,6.563398361206055,0.04107339307665825,9.867201805114746,0.048662129789590836,13.135957717895508
16408878745,0,128.51373291015625,116.9776382446289,128.50856018066406,95.86412048339844,128.53555297851562,88.1836166381836,128.48753356933594,84.2839584350586,0.013498682528734207,3.2996158599853516,0.025185326114296913,6.572810649871826,0.03910906985402107,9.882002830505371,0.04690475016832352,13.14612102508545
16433878745,0,128.76925659179688,117.6712646484375,128.66310119628906,96.04256439208984,128.67323303222656,88.25076293945312,128.6053009033203,84.33966064453125,0.01990576460957527,3.2434287071228027,0.03259490057826042,6.521058082580566,0.04896009713411331,9.839518547058105,0.05797205865383148,13.084973335266113
16458878746,0,128.76878356933594,117.59767150878906,128.6332550048828,95.99126434326172,128.63882446289062,88.23059844970703,128.58494567871094,84.32186889648438,0.01992562972009182,3.2493088245391846,0.03119436278939247,6.535857200622559,0.04651549458503723,9.852240562438965,0.056103456765413284,13.104445457458496
16483878746,0,128.85983276367188,117.78997039794922,128.68280029296875,96.04080200195312,128.66915893554688,88.24452209472656,128.59507751464844,84.3426513671875,0.022191889584064484,3.233983278274536,0.03356567770242691,6.521565914154053,0.04868251085281372,9.843452453613281,0.056979116052389145,13.081706047058105
16508878747,0,128.76031494140625,117.3600082397461,128.7135467529297,95.90074920654297,128.71572875976562,88.1642074584961,128.65562438964844,84.30120849609375,0.019809385761618614,3.2684292793273926,0.0352826789021492,6.562124729156494,0.05232926830649376,9.894349098205566,0.06298802047967911,13.12712574005127
16533878747,0,128.78330993652344,117.15853881835938,128.76483154296875,95.7924575805664,128.79104614257812,88.088134765625,128.7542724609375,84.2582778930664,0.02049955166876316,3.2847955226898193,0.03799068555235863,6.593812465667725,0.058109451085329056,9.943026542663574,0.07271924614906311,13.17449951171875
16558878747,0,128.33819580078125,116.95932006835938,128.2981719970703,95.7026596069336,128.28150939941406,88.02720642089844,128.2273712158203,84.2236328125,0.008889946155250072,3.3011233806610107,0.014866900630295277,6.620308876037598,0.0207580104470253,9.982345581054688,0.021982941776514053,13.212973594665527
16583878748,0,128.18687438964844,116.71703338623047,128.19854736328125,95.61441040039062,128.14183044433594,87.99810028076172,128.0365447998047,84.22518157958984,0.004938868340104818,3.321176767349243,0.00993659719824791,6.646544456481934,0.010477355681359768,10.001235008239746,0.0035328150261193514,13.211249351501465
16608878748,0,128.1009521484375,116.83509826660156,128.10914611816406,95.67869567871094,128.03822326660156,88.0369644165039,127.9103775024414,84.2728042602539,0.0026610195636749268,3.311377763748169,0.005447549279779196,6.627413749694824,0.002816801657900214,9.976028442382812,-0.008630260825157166,13.15843391418457
16633878748,0,128.09292602539062,116.6145248413086,128.19374084472656,95.6193618774414,128.14816284179688,88.01336669921875,128.0214385986328,84.25852966308594,0.002461567521095276,3.3297266960144043,0.009694014675915241,6.64506721496582,0.010934709571301937,9.991318702697754,0.0020668485667556524,13.17422103881836
16658878749,0,128.01527404785156,116.65269470214844,128.0792236328125,95.62007904052734,127.99320220947266,88.00686645507812,127.82775115966797,84.24853515625,0.0004042565997224301,3.326538562774658,0.00396391237154603,6.644853591918945,-0.0005018941010348499,9.995538711547852,-0.016619686037302017,13.185297966003418
16683878749,0,128.01795959472656,116.64654541015625,128.07498168945312,95.60912322998047,128.04087829589844,87.99980163574219,127.94709777832031,84.24099731445312,0.0004754001274704933,3.327051877975464,0.003753409953787923,6.648122310638428,0.003019456984475255,10.000128746032715,-0.005107492674142122,13.193663597106934
16708878749,0,128.033203125,116.153076171875,128.0354461669922,95.47223663330078,128.0215301513672,87.9595947265625,127.97648620605469,84.20523071289062,0.0008887275471352041,3.368706464767456,0.0017847009003162384,6.689225673675537,0.0015943213365972042,10.02632999420166,-0.0022768129128962755,13.233498573303223
16733878750,0,128.0637664794922,116.30217742919922,128.07415771484375,95.49673461914062,128.06944274902344,87.9754867553711,128.02471923828125,84.22584533691406,0.0017010538140311837,3.356023073196411,0.003729919670149684,6.681834697723389,0.005137164611369371,10.015958786010742,0.0023894987534731627,13.21051025390625
16758878750,0,128.1000213623047,116.56623077392578,128.0520477294922,95.52406311035156,128.0402374267578,87.96443176269531,127.9979019165039,84.22135925292969,0.0026523906271904707,3.333768606185913,0.002614809898659587,6.67360782623291,0.0029787044040858746,10.023171424865723,-0.00020288684754632413,13.215506553649902
16783878751,0,128.16497802734375,116.52587127685547,128.1079559326172,95.51632690429688,128.09442138671875,87.95935821533203,128.0279083251953,84.20801544189453,0.004378892946988344,3.3371529579162598,0.005425348877906799,6.675934791564941,0.006992067210376263,10.026484489440918,0.0027017139364033937,13.230388641357422
16808878751,0,128.19178771972656,116.07097625732422,128.21478271484375,95.45414733886719,128.24798583984375,87.96034240722656,128.2236328125,84.2078628540039,0.005143026355654001,3.375727415084839,0.010822568088769913,6.6946940422058105,0.018362650647759438,10.02584171295166,0.021649431437253952,13.230559349060059
16833878751,0,128.20346069335938,116.08137512207031,128.27069091796875,95.4928970336914,128.33602905273438,87.99002838134766,128.35533142089844,84.2322998046875,0.005454764701426029,3.3748366832733154,0.0136171979829669,6.6829915046691895,0.024835804477334023,10.006484985351562,0.034330181777477264,13.203328132629395
16858878752,0,128.2548065185547,115.7313232421875,128.35989379882812,95.42876434326172,128.4338836669922,87.96204376220703,128.4498291015625,84.19255828857422,0.006886024493724108,3.405052661895752,0.018154138699173927,6.702380657196045,0.03212442994117737,10.02472972869873,0.04360169172286987,13.247669219970703
16883878752,0,128.2346954345703,115.79254913330078,128.32785034179688,95.46427154541016,128.37904357910156,87.96969604492188,128.35757446289062,84.19109344482422,0.006333664525300264,3.399732828140259,0.01651274412870407,6.6916327476501465,0.028050662949681282,10.019734382629395,0.034663666039705276,13.249309539794922
16908878752,0,128.24855041503906,116.07354736328125,128.36990356445312,95.5,128.41305541992188,87.97698211669922,128.37661743164062,84.20636749267578,0.006664799991995096,3.37550687789917,0.01860249787569046,6.680850505828857,0.030553726479411125,10.014982223510742,0.03646402433514595,13.232229232788086
16933878753,0,128.35350036621094,116.43743133544922,128.5282440185547,95.62543487548828,128.5580291748047,88.04072570800781,128.49114990234375,84.24991607666016,0.009401379153132439,3.344590663909912,0.02642441727221012,6.643256187438965,0.041113413870334625,9.97359561920166,0.04738398641347885,13.18376636505127
16958878753,0,128.3233642578125,116.39193725585938,128.4892120361328,95.61131286621094,128.5127716064453,88.03336334228516,128.43942260742188,84.23981475830078,0.00860871933400631,3.3484280109405518,0.02448655292391777,6.6474690437316895,0.03779636323451996,9.97835922241211,0.042428553104400635,13.194977760314941
16983878754,0,128.35525512695312,116.49122619628906,128.55520629882812,95.61502838134766,128.60409545898438,88.0208969116211,128.5509033203125,84.22863006591797,0.009436623193323612,3.3400630950927734,0.027785394340753555,6.646359920501709,0.044562485069036484,9.986434936523438,0.053241245448589325,13.20741081237793
17008878754,0,128.3529815673828,116.5459213256836,128.56756591796875,95.65457916259766,128.63807678222656,88.04283142089844,128.60447692871094,84.22473907470703,0.009364718571305275,3.3354709148406982,0.028356440365314484,6.634578227996826,0.04700483754277229,9.972233772277832,0.05843738466501236,13.211742401123047
17033878754,0,128.367919921875,116.05937957763672,128.5116729736328,95.53236389160156,128.58692932128906,88.00362396240234,128.5696258544922,84.18891906738281,0.00986882857978344,3.376721143722534,0.025696713477373123,6.671112537384033,0.043342914432287216,9.997645378112793,0.05523001402616501,13.251744270324707
17058878755,0,128.3690948486328,115.85218811035156,128.4453582763672,95.51409912109375,128.47390747070312,88.01063537597656,128.4248504638672,84.18266296386719,0.00994712021201849,3.3945651054382324,0.02238369733095169,6.676604747772217,0.034981273114681244,9.993091583251953,0.041213974356651306,13.258753776550293
17083878755,0,128.12937927246094,115.98796844482422,128.11508178710938,95.55581665039062,128.07235717773438,88.03248596191406,127.96813201904297,84.18147277832031,0.0034760134294629097,3.38285231590271,0.005773764569312334,6.664072513580322,0.005333734676241875,9.978926658630371,-0.003091757418587804,13.260088920593262
17108878755,0,128.18272399902344,115.56988525390625,128.1632843017578,95.4452133178711,128.1094512939453,87.99919891357422,128.00775146484375,84.14330291748047,0.004956325516104698,3.419151544570923,0.008230778388679028,6.697397232055664,0.008084874600172043,10.000520706176758,0.0007543929386883974,13.30302619934082
17133878756,0,128.05224609375,115.28355407714844,128.03610229492188,95.3664779663086,127.98200225830078,87.97288513183594,127.88324737548828,84.11772918701172,0.0014265320496633649,3.444416046142578,0.00182596396189183,6.721312522888184,-0.0013316352851688862,10.017654418945312,-0.01138665247708559,13.331945419311523
17158878756,0,127.95222473144531,115.40699005126953,127.93733215332031,95.3968276977539,127.87310028076172,87.9770736694336,127.7631607055664,84.11194610595703,-0.0013007507659494877,3.433483600616455,-0.003165471600368619,6.7120747566223145,-0.00938672386109829,10.014923095703125,-0.023109497502446175,13.338502883911133
17183878757,0,127.98931884765625,115.76484680175781,127.9686508178711,95.48271942138672,127.90125274658203,88.0074234008789,127.78683471679688,84.1379623413086,-0.0002884319401346147,3.4021379947662354,-0.001577714690938592,6.686061382293701,-0.0072904485277831554,9.995177268981934,-0.02075493335723877,13.30905532836914
17208878757,0,128.0252227783203,116.06643676757812,128.04908752441406,95.53834533691406,127.98878479003906,88.0114974975586,127.8701171875,84.15258026123047,0.000676449853926897,3.3761162757873535,0.0024645966477692127,6.669315814971924,-0.0008278012974187732,9.992531776428223,-0.012630886398255825,13.29256534576416
17233878757,0,127.96090698242188,116.86347198486328,127.97101593017578,95.75190734863281,127.8962631225586,88.09513854980469,127.77151489257812,84.2301025390625,-0.0010298095876350999,3.309030532836914,-0.0014421537052839994,6.605752944946289,-0.007617090828716755,9.938526153564453,-0.022078951820731163,13.20577335357666
17258878758,0,127.8735122680664,116.850341796875,127.89295196533203,95.77532196044922,127.81962585449219,88.11061096191406,127.7064208984375,84.2342300415039,-0.003332984633743763,3.3101165294647217,-0.005321118514984846,6.598853588104248,-0.013231616467237473,9.928596496582031,-0.028359536081552505,13.20118236541748
17283878758,0,127.75888061523438,117.06693267822266,127.7860336303711,95.81844329833984,127.70536041259766,88.11299133300781,127.5836410522461,84.23771667480469,-0.006323023233562708,3.292285680770874,-0.010616535320878029,6.586182594299316,-0.02161053754389286,9.927070617675781,-0.04020852968096733,13.197308540344238
17308878758,0,127.71798706054688,117.02068328857422,127.75627899169922,95.80155181884766,127.66887664794922,88.10285949707031,127.55397033691406,84.22561645507812,-0.007402997463941574,3.29607892036438,-0.012101476080715656,6.591140270233154,-0.024301744997501373,9.933568000793457,-0.04311651363968849,13.210765838623047
17333878759,0,127.68006896972656,116.64073181152344,127.73319244384766,95.68962860107422,127.64278411865234,88.0643539428711,127.51334381103516,84.2122573852539,-0.008469849824905396,3.3275372982025146,-0.013310381211340427,6.624170303344727,-0.026279563084244728,9.958337783813477,-0.04709523171186447,13.225654602050781
17358878759,0,127.71882629394531,116.3783187866211,127.76544952392578,95.58141326904297,127.68206787109375,88.00906372070312,127.56057739257812,84.17704010009766,-0.007487804628908634,3.349578619003296,-0.01175485085695982,6.656404495239258,-0.023470325395464897,9.994112014770508,-0.04264727607369423,13.265060424804688
17383878760,0,127.6769790649414,116.1689682006836,127.7557601928711,95.49494934082031,127.6783447265625,87.9634780883789,127.55181884765625,84.1418685913086,-0.008642991073429585,3.3673505783081055,-0.012285493314266205,6.682373046875,-0.02381298504769802,10.023794174194336,-0.04362332075834274,13.304645538330078
17408878760,0,127.81914520263672,115.77609252929688,127.85675811767578,95.3939208984375,127.77405548095703,87.91040802001953,127.63279724121094,84.09500885009766,-0.004882515873759985,3.4011614322662354,-0.007236318197101355,6.712958812713623,-0.016783060505986214,10.058563232421875,-0.03587983176112175,13.357741355895996
17433878760,0,127.76626586914062,115.62755584716797,127.80907440185547,95.38817596435547,127.75296020507812,87.93302917480469,127.64906311035156,84.11388397216797,-0.006331577431410551,3.4141030311584473,-0.009647580794990063,6.714705467224121,-0.018323956057429314,10.04371452331543,-0.03423704206943512,13.336304664611816
17458878761,0,127.800048828125,115.61299896240234,127.8001708984375,95.38697814941406,127.74713897705078,87.93437957763672,127.65361022949219,84.1112060546875,-0.0054182447493076324,3.4153759479522705,-0.010097997263073921,6.7150702476501465,-0.018754150718450546,10.042829513549805,-0.03380090370774269,13.33934211730957
17483878761,0,127.72594451904297,115.95112609863281,127.70498657226562,95.4543228149414,127.65826416015625,87.9552230834961,127.57437896728516,84.1430435180664,-0.007369179278612137,3.3860232830047607,-0.014865158125758171,6.694640636444092,-0.025312691926956177,10.029187202453613,-0.04142344370484352,13.303318977355957
17508878761,0,127.73953247070312,116.37059783935547,127.62345123291016,95.55628204345703,127.56065368652344,87.98918151855469,127.46887969970703,84.18193054199219,-0.006937595084309578,3.3502309322357178,-0.01889144256711006,6.6639323234558105,-0.032473672181367874,10.007037162780762,-0.05152611806988716,13.259575843811035
17533878762,0,127.79898071289062,116.08011627197266,127.66145324707031,95.52517700195312,127.63037109375,87.9879379272461,127.56373596191406,84.17182159423828,-0.005389465019106865,3.3749444484710693,-0.017007341608405113,6.673273086547852,-0.027322733774781227,10.00784683227539,-0.0423588789999485,13.270919799804688
17558878762,0,127.91101837158203,116.0459213256836,127.76758575439453,95.54203796386719,127.72185516357422,88.01803588867188,127.65413665771484,84.19845581054688,-0.0023875103797763586,3.3778748512268066,-0.011667272076010704,6.668206691741943,-0.020521653816103935,9.988289833068848,-0.03350813686847687,13.241070747375488
17583878763,0,127.97854614257812,115.84078216552734,127.8819808959961,95.48686218261719,127.82620239257812,88.00306701660156,127.73635864257812,84.19442749023438,-0.0005783326923847198,3.395552635192871,-0.005938516464084387,6.684811592102051,-0.012834862805902958,9.998006820678711,-0.02555069513618946,13.245575904846191
17608878763,0,128.01434326171875,115.66545104980469,127.92865753173828,95.45391845703125,127.88912963867188,87.98051452636719,127.81127166748047,84.15206146240234,0.0003882045275531709,3.410792827606201,-0.003594871610403061,6.69476318359375,-0.008199271745979786,10.012680053710938,-0.018354298546910286,13.293149948120117
17633878763,0,127.9249496459961,115.84390258789062,127.821533203125,95.50743865966797,127.80567169189453,88.00096893310547,127.776611328125,84.16505432128906,-0.0020229921210557222,3.39528226852417,-0.00897227879613638,6.678610324859619,-0.014352926053106785,9.999370574951172,-0.02170189842581749,13.278524398803711
17658878764,0,127.97154998779297,115.41764068603516,127.90594482421875,95.41948699951172,127.87578582763672,87.97074127197266,127.85116577148438,84.11914825439453,-0.0007744027534499764,3.4325432777404785,-0.004746308084577322,6.705193519592285,-0.009191717952489853,10.019052505493164,-0.014513807371258736,13.330337524414062
17683878764,0,128.06214904785156,115.64549255371094,128.05088806152344,95.47267150878906,128.02725219726562,87.9961166381836,127.99347686767578,84.14395904541016,0.001682851230725646,3.4125354290008545,0.0025621468666940928,6.6890950202941895,0.002013434888795018,10.002524375915527,-0.0006348140886984766,13.302286148071289
17708878764,0,128.17652893066406,116.09742736816406,128.1905059814453,95.62322998046875,128.2018280029297,88.05584716796875,128.1826629638672,84.20829010009766,0.004731003660708666,3.373462677001953,0.009530594572424889,6.643913745880127,0.01485589612275362,9.963826179504395,0.01768260821700096,13.230082511901855
17733878765,0,128.25192260742188,116.29267883300781,128.27813720703125,95.64722442626953,128.30003356933594,88.06696319580078,128.27767944335938,84.22918701171875,0.006721803918480873,3.356828212738037,0.013900472782552242,6.63676643371582,0.022069206461310387,9.956655502319336,0.026834700256586075,13.206790924072266
17758878765,0,128.22653198242188,116.17443084716797,128.22850036621094,95.62491607666016,128.2456817626953,88.07220458984375,128.2291259765625,84.22772216796875,0.006060510408133268,3.366884708404541,0.01143055409193039,6.643411159515381,0.018065422773361206,9.953277587890625,0.022145191207528114,13.20842170715332
17783878766,0,128.38888549804688,116.46037292480469,128.37806701660156,95.71874237060547,128.3883056640625,88.10685729980469,128.3623809814453,84.24372100830078,0.010337114334106445,3.342658519744873,0.018837695941329002,6.615549087524414,0.028491385281085968,9.93100357055664,0.03497861698269844,13.19063949584961
17808878766,0,128.324462890625,116.28621673583984,128.42909240722656,95.65856170654297,128.41162109375,88.0985107421875,128.35494995117188,84.23115539550781,0.008658588863909245,3.3573765754699707,0.021434489637613297,6.633394241333008,0.03021777793765068,9.936359405517578,0.034296534955501556,13.204601287841797
17833878766,0,128.15733337402344,116.39471435546875,128.29861450195312,95.70941162109375,128.24383544921875,88.1468734741211,128.1364288330078,84.2627182006836,0.004188323859125376,3.348193883895874,0.014884723350405693,6.618309497833252,0.017846746370196342,9.905400276184082,0.013148314319550991,13.169585227966309
17858878767,0,128.52171325683594,116.71022033691406,128.36512756347656,95.88004302978516,128.22328186035156,88.28289794921875,128.04483032226562,84.36915588378906,0.013790362514555454,3.3217437267303467,0.018070083111524582,6.5681610107421875,0.01620587147772312,9.819311141967773,0.004283338785171509,13.052817344665527
17883878767,0,128.91481018066406,117.56390380859375,128.3638153076172,96.225830078125,128.1759796142578,88.51837921142578,127.97952270507812,84.5511474609375,0.02372797764837742,3.2520134449005127,0.017748145386576653,6.468701362609863,0.012590575031936169,9.673627853393555,-0.0019281454151496291,12.857751846313477
17908878767,0,128.7943878173828,117.55465698242188,128.23997497558594,96.15879821777344,128.07913208007812,88.47782897949219,127.92222595214844,84.53361511230469,0.02060869336128235,3.2527549266815186,0.01173927541822195,6.487759590148926,0.005675488151609898,9.698417663574219,-0.007333461195230484,12.876297950744629
17933878768,0,128.45465087890625,117.05368041992188,128.06109619140625,95.87349700927734,127.95576477050781,88.27389526367188,127.84709167480469,84.38340759277344,0.011926098726689816,3.2933716773986816,0.003024466335773468,6.570072174072266,-0.0032123837154358625,9.82496452331543,-0.014592899940907955,13.037334442138672
17958878768,0,128.39328002929688,117.11328125,128.02857971191406,95.87660217285156,127.91866302490234,88.27259826660156,127.81500244140625,84.3819351196289,0.010302631184458733,3.288492441177368,0.0014146075118333101,6.569165229797363,-0.005907201208174229,9.82577896118164,-0.017657455056905746,13.038932800292969
17983878768,0,128.37554931640625,116.5411148071289,128.06350708007812,95.66511535644531,127.97314453125,88.15895080566406,127.87850952148438,84.29019927978516,0.00996452383697033,3.33587384223938,0.003171496093273163,6.631446838378906,-0.001964129973202944,9.897698402404785,-0.011682450771331787,13.139243125915527
18008878769,0,128.43565368652344,117.34425354003906,128.010009765625,95.98406219482422,127.92399597167969,88.34352111816406,127.8479995727539,84.40485382080078,0.011354546062648296,3.2697041034698486,0.0004932326264679432,6.53794002532959,-0.005495935678482056,9.781404495239258,-0.014481174759566784,13.014103889465332
18033878769,0,128.23721313476562,116.75996398925781,127.93424987792969,95.74961853027344,127.87638092041016,88.18708801269531,127.82455444335938,84.2680892944336,0.00626324862241745,3.317607879638672,-0.0032718288712203503,6.606428146362305,-0.009025419130921364,9.87979793548584,-0.01690114475786686,13.163644790649414
18058878770,0,128.07040405273438,116.34365844726562,127.8631591796875,95.63311767578125,127.8139877319336,88.11614990234375,127.75078582763672,84.2065200805664,0.0018763625994324684,3.352509021759033,-0.0068429806269705296,6.640966892242432,-0.013640521094202995,9.925046920776367,-0.024128565564751625,13.232059478759766
18083878770,0,127.94353485107422,116.22827911376953,127.75365447998047,95.63117218017578,127.7301025390625,88.12446594238281,127.69505310058594,84.20188903808594,-0.001508797868154943,3.3622984886169434,-0.012319982051849365,6.641546249389648,-0.019781721755862236,9.919721603393555,-0.02953573316335678,13.237232208251953
18108878770,0,127.86959075927734,116.10188293457031,127.67134857177734,95.54414367675781,127.62434387207031,88.04263305664062,127.57229614257812,84.14445495605469,-0.00349463545717299,3.3730814456939697,-0.0164969339966774,6.667574405670166,-0.027673587203025818,9.972362518310547,-0.041621312499046326,13.301725387573242
18133878771,0,127.787109375,116.48734283447266,127.51087188720703,95.58753204345703,127.47301483154297,88.03419494628906,127.45499420166016,84.14961242675781,-0.005655496381223202,3.3403894901275635,-0.024507034569978714,6.654573917388916,-0.03884202614426613,9.97782039642334,-0.05301385000348091,13.295909881591797
18158878771,0,127.80686950683594,116.22007751464844,127.51814270019531,95.54622650146484,127.48390197753906,88.0302734375,127.4767074584961,84.14544677734375,-0.005161572247743607,3.3629963397979736,-0.024185093119740486,6.666949272155762,-0.0380488820374012,9.980359077453613,-0.05091921612620354,13.300607681274414
18183878771,0,127.92890167236328,116.39807891845703,127.65531921386719,95.5775146484375,127.59553527832031,88.02975463867188,127.55322265625,84.14425659179688,-0.001892543281428516,3.347909450531006,-0.017277052626013756,6.657571315765381,-0.029819779098033905,9.980695724487305,-0.04347813129425049,13.301950454711914
18208878772,0,128.1038055419922,116.4662094116211,127.901123046875,95.66622924804688,127.8949203491211,88.08279418945312,127.87779235839844,84.1907958984375,0.0027589325327426195,3.3421671390533447,-0.004937608260661364,6.631115436553955,-0.007721608504652977,9.946460723876953,-0.011847232468426228,13.249641418457031
18233878772,0,128.1173553466797,116.26921844482422,127.7778091430664,95.65872955322266,127.76715087890625,88.09931945800781,127.7659912109375,84.20491790771484,0.003132937243208289,3.3588192462921143,-0.011099039576947689,6.6333441734313965,-0.017092978581786156,9.935840606689453,-0.02265937440097332,13.233847618103027
18258878773,0,128.02207946777344,116.95774841308594,127.50129699707031,95.96985626220703,127.47408294677734,88.2665023803711,127.50129699707031,84.3324203491211,0.000580409774556756,3.301252841949463,-0.024588223546743393,6.542051792144775,-0.0382097065448761,9.829611778259277,-0.047790803015232086,13.092890739440918
18283878773,0,127.8088607788086,117.25311279296875,127.31305694580078,96.21701049804688,127.34717559814453,88.43910217285156,127.43585205078125,84.44178771972656,-0.004991740453988314,3.277094841003418,-0.03352361544966698,6.471202850341797,-0.04693198576569557,9.722208023071289,-0.0535871721804142,12.974283218383789
18308878773,0,127.91944122314453,116.3634262084961,127.50518798828125,95.75205993652344,127.52853393554688,88.16459655761719,127.57160186767578,84.25682830810547,-0.0021460431162267923,3.350837230682373,-0.024620085954666138,6.60570764541626,-0.0344695970416069,9.8941011428833,-0.04130665957927704,13.176105499267578
18333878774,0,127.85504913330078,116.21854400634766,127.60821533203125,95.64259338378906,127.60181427001953,88.07305908203125,127.5908203125,84.19017791748047,-0.003874066285789013,3.3631269931793213,-0.019584069028496742,6.638144493103027,-0.029277754947543144,9.952727317810059,-0.03966930881142616,13.250333786010742
18358878774,0,128.0894012451172,116.15727996826172,127.95037841796875,95.61521911621094,127.980712890625,88.05361938476562,127.96588897705078,84.18700408935547,0.0023927201982587576,3.3683478832244873,-0.0024833003990352154,6.646302700042725,-0.001419857726432383,9.965264320373535,-0.0033078701235353947,13.253889083862305
18383878774,0,128.01129150390625,115.69622802734375,127.87688446044922,95.56843566894531,127.93138122558594,88.05411529541016,127.92359924316406,84.17457580566406,0.0003053925756830722,3.408108711242676,-0.0061735184863209724,6.660290241241455,-0.005051347427070141,9.964943885803223,-0.007416422478854656,13.267827033996582
18408878775,0,128.03515625,115.8187484741211,127.9743423461914,95.53022766113281,128.04351806640625,88.02210998535156,128.07794189453125,84.16120147705078,0.0009481852175667882,3.3974609375,-0.0012886691838502884,6.671754360198975,0.0032099667005240917,9.985648155212402,0.007574345916509628,13.282858848571777
18433878775,0,127.95775604248047,115.69334411621094,127.90827941894531,95.49311828613281,127.9566650390625,87.99308013916016,127.97341918945312,84.13399505615234,-0.001142615103162825,3.408360242843628,-0.0046139913611114025,6.682924747467041,-0.0032022628001868725,10.004500389099121,-0.002588898641988635,13.31353759765625
18458878776,0,127.9701156616211,115.4026107788086,128.00503540039062,95.42996215820312,128.03558349609375,87.97958374023438,128.01956176757812,84.1110610961914,-0.0008137264521792531,3.433870315551758,0.0002539879351388663,6.702017307281494,0.002631684299558401,10.013287544250488,0.0019088706467300653,13.339505195617676
18483878776,0,127.96430206298828,115.46639251708984,128.0631103515625,95.44578552246094,128.0683135986328,87.98716735839844,128.0073699951172,84.12274169921875,-0.0009705997654236853,3.4282448291778564,0.00318116694688797,6.697224140167236,0.005049940664321184,10.008347511291504,0.0007184837595559657,13.32626724243164
18508878776,0,128.00021362304688,115.67122650146484,128.1273956298828,95.49403381347656,128.15687561035156,88.0014419555664,128.11231994628906,84.13579559326172,5.781004801974632e-06,3.4102888107299805,0.00640836963430047,6.682648658752441,0.011586357839405537,9.999062538146973,0.010938034392893314,13.311502456665039
18533878777,0,128.05978393554688,115.75670623779297,128.13430786132812,95.50801086425781,128.16751098632812,88.00869750976562,128.1433563232422,84.14849090576172,0.0016146950656548142,3.4028453826904297,0.006752058397978544,6.67843770980835,0.012366248294711113,9.994349479675293,0.01394585520029068,13.297174453735352
18558878777,0,128.06089782714844,115.77729034423828,128.11358642578125,95.54638671875,128.12403869628906,88.0162582397461,128.07666015625,84.15501403808594,0.0016440065810456872,3.401057243347168,0.005701023153960705,6.666901111602783,0.009152648039162159,9.989442825317383,0.007453578989952803,13.289823532104492
18583878777,0,128.1136932373047,115.68635559082031,128.16348266601562,95.52050018310547,128.1779327392578,88.03512573242188,128.14353942871094,84.16888427734375,0.0030756681226193905,3.4089694023132324,0.008214399218559265,6.674678802490234,0.013113969936966896,9.977218627929688,0.013940267264842987,13.27422046661377
18608878778,0,128.14112854003906,115.42527770996094,128.12857055664062,95.4428482055664,128.10899353027344,88.01422119140625,128.04981994628906,84.137451171875,0.0038408106192946434,3.4318695068359375,0.006481593009084463,6.698112964630127,0.008043508976697922,9.990764617919922,0.0048509459011256695,13.309633255004883
18633878778,0,128.2600860595703,115.36257934570312,128.23846435546875,95.37577819824219,128.2168426513672,87.97984313964844,128.15380859375,84.09908294677734,0.007088471669703722,3.4374098777770996,0.012056132778525352,6.718479156494141,0.0160369873046875,10.013117790222168,0.015023765154182911,13.353108406066895
18658878779,0,128.3802032470703,115.62409210205078,128.2875213623047,95.45477294921875,128.2647247314453,88.04322052001953,128.20530700683594,84.13928985595703,0.010300067253410816,3.4144058227539062,0.014487369917333126,6.694504737854004,0.0195008534938097,9.9719820022583,0.019987622275948524,13.30755615234375
18683878779,0,128.58998107910156,115.90835571289062,128.43565368652344,95.5516586303711,128.39913940429688,88.10889434814453,128.30709838867188,84.21280670166016,0.015879672020673752,3.3897111415863037,0.02186102420091629,6.665318965911865,0.029282592236995697,9.929697036743164,0.02971752919256687,13.225042343139648
18708878779,0,128.5083770751953,115.81901550292969,128.36273193359375,95.4842529296875,128.334716796875,88.04945373535156,128.25233459472656,84.16828918457031,0.013711153529584408,3.3974380493164062,0.018254069611430168,6.685598850250244,0.024647219106554985,9.967954635620117,0.024507436901330948,13.274888038635254
18733878780,0,128.3671417236328,115.83432006835938,128.26089477539062,95.45248413085938,128.2488555908203,88.01010131835938,128.18740844726562,84.13490295410156,0.009898516349494457,3.3961119651794434,0.013147015124559402,6.695196628570557,0.018369780853390694,9.993438720703125,0.018251705914735794,13.312511444091797
18758878780,0,128.38548278808594,115.867431640625,128.2438201904297,95.46665954589844,128.2405242919922,88.02404022216797,128.20774841308594,84.14124298095703,0.010385164991021156,3.393246650695801,0.01227917056530714,6.690910816192627,0.017739344388246536,9.984397888183594,0.020222051069140434,13.305351257324219
18783878780,0,128.42922973632812,115.73736572265625,128.3052215576172,95.44144439697266,128.30917358398438,88.0059585571289,128.27511596679688,84.12716674804688,0.011598126031458378,3.404526948928833,0.015387974679470062,6.698538303375244,0.022828182205557823,9.99612808227539,0.02681063301861286,13.321259498596191
18808878781,0,128.44036865234375,115.77542114257812,128.25460815429688,95.45757293701172,128.25033569335938,88.0220947265625,128.21998596191406,84.1485595703125,0.01188876386731863,3.401219606399536,0.012827436439692974,6.693657398223877,0.018465206027030945,9.985658645629883,0.021400347352027893,13.297096252441406
18833878781,0,128.40028381347656,115.973876953125,128.2329559326172,95.52494049072266,128.24658203125,88.03973388671875,128.24664306640625,84.16145324707031,0.01075781136751175,3.3840644359588623,0.011702964082360268,6.673343658447266,0.01816832460463047,9.974236488342285,0.023968124762177467,13.282574653625488
18858878782,0,128.27960205078125,116.01667022705078,128.11981201171875,95.55628204345703,128.1265106201172,88.06868743896484,128.12594604492188,84.1842269897461,0.0075071281753480434,3.3803858757019043,0.006010965444147587,6.6639323234558105,0.00930459052324295,9.955544471740723,0.012216229923069477,13.257000923156738
18883878782,0,128.2095184326172,116.23826599121094,128.08099365234375,95.58822631835938,128.0818634033203,88.07159423828125,128.078857421875,84.18463897705078,0.005597251001745462,3.3614492416381836,0.004057946614921093,6.654366493225098,0.006019791588187218,9.953670501708984,0.007648575585335493,13.256539344787598
18908878782,0,128.0914764404297,116.4630355834961,127.98174285888672,95.59452056884766,127.96602630615234,88.05387878417969,127.9534912109375,84.15788269042969,0.002431424567475915,3.3424344062805176,-0.0009144758223555982,6.65248441696167,-0.002500998554751277,9.965096473693848,-0.004520929418504238,13.286593437194824
18933878783,0,128.0165252685547,116.38819885253906,127.89788055419922,95.5152816772461,127.84911346435547,87.99188995361328,127.80583953857422,84.12120819091797,0.00043997869943268597,3.3487439155578613,-0.00513226306065917,6.676249027252197,-0.011150678619742393,10.005273818969727,-0.018930649384856224,13.328003883361816
18958878783,0,127.88825225830078,116.29534149169922,127.75227355957031,95.46098327636719,127.70574188232422,87.96205139160156,127.67388153076172,84.09487915039062,-0.0029814764857292175,3.356602668762207,-0.012478914111852646,6.692626476287842,-0.02178664691746235,10.024724960327148,-0.03186577931046486,13.357889175415039
18983878783,0,127.79830932617188,115.75192260742188,127.59361267089844,95.36241149902344,127.50582885742188,87.91835021972656,127.43023681640625,84.05046844482422,-0.005448027979582548,3.403261184692383,-0.02055763453245163,6.722552299499512,-0.03668850287795067,10.0533447265625,-0.05587803199887276,13.408592224121094
19008878784,0,127.78742218017578,115.38311767578125,127.51455688476562,95.29380798339844,127.42184448242188,87.90074157714844,127.35569763183594,84.04048919677734,-0.005790923722088337,3.4355931282043457,-0.024629099294543266,6.743529319763184,-0.04297124221920967,10.064920425415039,-0.06324063986539841,13.420036315917969
19033878784,0,127.75138854980469,115.50858306884766,127.42668151855469,95.310302734375,127.35031127929688,87.90973663330078,127.31735229492188,84.06244659423828,-0.006753000896424055,3.424532413482666,-0.029066896066069603,6.738473892211914,-0.04826062545180321,10.059003829956055,-0.0668824091553688,13.394880294799805
19058878784,0,127.53730773925781,115.96324920654297,126.95259857177734,95.42631530761719,126.8232650756836,87.93301391601562,126.78336334228516,84.07196807861328,-0.012438072822988033,3.384979248046875,-0.05283963680267334,6.703122615814209,-0.08728334307670593,10.043724060058594,-0.11910594999790192,13.38399887084961
19083878785,0,127.53048706054688,115.87027740478516,127.00098419189453,95.39208984375,126.87433624267578,87.92208862304688,126.79620361328125,84.07616424560547,-0.012648173607885838,3.393000602722168,-0.05047240108251572,6.713515281677246,-0.08355247229337692,10.05088996887207,-0.11780796200037003,13.379209518432617
19108878785,0,127.61211395263672,116.37554931640625,127.10743713378906,95.51966857910156,126.97834014892578,87.95902252197266,126.90731048583984,84.10350799560547,-0.010330255143344402,3.3498125076293945,-0.044849567115306854,6.674929141998291,-0.07565727084875107,10.026703834533691,-0.10669305175542831,13.348079681396484
19133878786,0,127.6243667602539,116.16907501220703,127.28414916992188,95.45556640625,127.24710083007812,87.93450927734375,127.24394226074219,84.10083770751953,-0.010050700977444649,3.3673415184020996,-0.03606843203306198,6.6942644119262695,-0.05584042891860008,10.042743682861328,-0.07383973896503448,13.351113319396973
19158878786,0,127.65435791015625,116.0202407836914,127.4384536743164,95.44831848144531,127.45271301269531,87.94686889648438,127.47721862792969,84.10945892333984,-0.009279505349695683,3.3800790309906006,-0.02830248326063156,6.696457386016846,-0.04055929183959961,10.034650802612305,-0.051020652055740356,13.341323852539062
19183878786,0,127.63113403320312,115.58505249023438,127.25674438476562,95.36807250976562,127.19788360595703,87.94391632080078,127.17912292480469,84.10195922851562,-0.01000188011676073,3.4178223609924316,-0.03758944943547249,6.720826625823975,-0.05945563316345215,10.036581993103027,-0.08016283810138702,13.349839210510254
19208878787,0,127.66947174072266,115.82977294921875,127.29317474365234,95.42298889160156,127.26986694335938,87.96229553222656,127.28588104248047,84.11660766601562,-0.008912305347621441,3.3965060710906982,-0.03566320985555649,6.704131603240967,-0.054057665169239044,10.024565696716309,-0.06965304911136627,13.333215713500977
