ts,agent_id,x,y,z,v
2081843888,0,192.36241149902344,-86.26268005371094,0.4919061064720154,0.0
2106843888,0,192.36241149902344,-86.26268005371094,0.4383743107318878,0.0
2131843889,0,192.36241149902344,-86.26268005371094,0.3787320554256439,0.0
2156843889,0,192.36241149902344,-86.26268005371094,0.31298086047172546,0.0
2181843889,0,192.36241149902344,-86.26268005371094,0.24112220108509064,0.0
2206843890,0,192.36241149902344,-86.26268005371094,0.16315768659114838,0.0
2231843890,0,192.36241149902344,-86.26268005371094,0.08290393650531769,0.0
2256843890,0,192.36241149902344,-86.26268005371094,0.026514854282140732,3.630085499863876e-08
2281843891,0,192.36241149902344,-86.26268005371094,-0.008726844564080238,8.500858940079735e-08
2306843891,0,192.36241149902344,-86.26268005371094,-0.029134521260857582,4.066187995988091e-08
2331843892,0,192.36241149902344,-86.26268005371094,-0.03932075574994087,8.343561403952969e-08
2356843892,0,192.36241149902344,-86.26268005371094,-0.04107673466205597,0.0002860061485682476
2381843892,0,192.36244201660156,-86.26265716552734,-0.03865554556250572,0.0011600737787373606
2406843893,0,192.36241149902344,-86.26264190673828,-0.03404334932565689,0.0004838879821964814
2431843893,0,192.36241149902344,-86.26263427734375,-0.028247259557247162,0.0001342234401660837
2456843893,0,192.36241149902344,-86.26263427734375,-0.02195255272090435,4.478825884904216e-05
2481843894,0,192.36241149902344,-86.26263427734375,-0.015612220391631126,0.0001273807283562292
2506843894,0,192.36241149902344,-86.26263427734375,-0.009513778612017632,0.00016108147193135254
2531843895,0,192.36244201660156,-86.26264190673828,-0.003827972337603569,0.00016968987820812484
2556843895,0,192.36244201660156,-86.26264190673828,0.0013550185831263661,0.00016449139639443578
2581843895,0,192.36244201660156,-86.26264190673828,0.005999984685331583,0.00015284343421795508
2606843896,0,192.36244201660156,-86.26265716552734,0.01010768860578537,0.00013928722287053093
2631843896,0,192.36244201660156,-86.26265716552734,0.013701400719583035,0.00012423512131607588
2656843896,0,192.36244201660156,-86.26265716552734,0.016817854717373848,0.00011035483127738
2681843897,0,192.36245727539062,-86.26266479492188,0.019500579684972763,9.765562138164906e-05
2706843897,0,192.36245727539062,-86.26266479492188,0.02179538644850254,8.615823586599524e-05
2731843898,0,192.36245727539062,-86.26266479492188,0.02374778687953949,7.456703727019594e-05
2756843898,0,192.36245727539062,-86.26266479492188,0.025401076301932335,6.566579309998537e-05
2781843898,0,192.36245727539062,-86.2626724243164,0.026795310899615288,5.76730962058557e-05
2806843899,0,192.36245727539062,-86.2626724243164,0.02796676568686962,5.0140107710992656e-05
2831843899,0,192.36245727539062,-86.2626724243164,0.028947867453098297,4.3749388838337306e-05
2856843899,0,192.36245727539062,-86.2626724243164,0.0297671128064394,3.836439893425332e-05
2881843900,0,192.36245727539062,-86.2626724243164,0.030449332669377327,3.327752713931509e-05
2906843900,0,192.36245727539062,-86.2626724243164,0.03101608157157898,2.9038456780055795e-05
2931843901,0,192.36245727539062,-86.2626724243164,0.03148593753576279,2.5376989473788053e-05
2956843901,0,192.36245727539062,-86.2626724243164,0.031874578446149826,2.2571211585522982e-05
2981843901,0,192.36245727539062,-86.2626724243164,0.032195623964071274,1.9057427998786146e-05
3006843902,0,192.36245727539062,-86.2626724243164,0.03246017545461655,1.7074567400484283e-05
3031843902,0,192.36245727539062,-86.2626724243164,0.03267795592546463,1.4142827349722626e-05
3056843902,0,192.36245727539062,-86.2626724243164,0.03285682573914528,1.2643631943556545e-05
3081843903,0,192.36245727539062,-86.2626724243164,0.03300369158387184,1.0770422810642936e-05
3106843903,0,192.36245727539062,-86.2626724243164,0.03312404453754425,9.492197223634417e-06
3131843904,0,192.36245727539062,-86.2626724243164,0.03322257846593857,8.375909937190865e-06
3156843904,0,192.36245727539062,-86.2626724243164,0.03330310806632042,7.0993207217693465e-06
3181843904,0,192.36245727539062,-86.2626724243164,0.033368948847055435,5.984725107182383e-06
3206843905,0,192.36245727539062,-86.2626724243164,0.03342258557677269,5.169131633805625e-06
3231843905,0,192.36245727539062,-86.26268005371094,0.033466413617134094,4.625561563031726e-06
3256843905,0,192.36245727539062,-86.26268005371094,0.0334714874625206,4.0723646274270053e-07
3281843906,0,192.36245727539062,-86.26268005371094,0.0334848016500473,3.719222617922591e-07
3306843906,0,192.36245727539062,-86.26268005371094,0.03350048139691353,3.781605455670838e-07
3331843907,0,192.36245727539062,-86.26268005371094,0.033516958355903625,4.1226264795747644e-07
3356843907,0,192.36245727539062,-86.26268005371094,0.033533286303281784,4.447325620601413e-07
3381843907,0,192.36245727539062,-86.26268005371094,0.03354877233505249,3.596163771851586e-07
3406843908,0,192.36245727539062,-86.26268005371094,0.0335630401968956,2.5062534437188326e-07
3431843908,0,192.36245727539062,-86.26268005371094,0.033575933426618576,2.9540112692198935e-07
3456843908,0,192.36245727539062,-86.26268005371094,0.0335874930024147,2.33245239312953e-07
3481843909,0,192.36245727539062,-86.26268005371094,0.0335976779460907,2.1685103678159183e-07
3506843909,0,192.36245727539062,-86.26268005371094,0.033606529235839844,1.5919491865706793e-07
3531843909,0,192.36245727539062,-86.26268005371094,0.033614158630371094,2.272451903637314e-07
3556843910,0,192.36245727539062,-86.26268005371094,0.033620718866586685,1.3720728343111834e-07
3581843910,0,192.36245727539062,-86.26268005371094,0.03362640365958214,1.0482721955971592e-07
3606843911,0,192.36245727539062,-86.26268005371094,0.033631209284067154,7.906205560954169e-08
3631843911,0,192.36245727539062,-86.26268005371094,0.033635254949331284,1.1875338479196299e-07
3656843911,0,192.36245727539062,-86.26268005371094,0.0336386114358902,7.524478731257655e-08
3681843912,0,192.36245727539062,-86.26268005371094,0.0336386114358902,1.324492946607482e-07
3706843912,0,192.36245727539062,-86.26268005371094,0.03364013507962227,4.1394256965025466e-08
3731843912,0,192.36245727539062,-86.26268005371094,0.0336415097117424,8.378421610344354e-08
3756843913,0,192.36245727539062,-86.26268005371094,0.0336429588496685,1.1450225686578076e-07
3781843913,0,192.36245727539062,-86.26268005371094,0.03364437073469162,6.710521156773175e-08
3806843914,0,192.36245727539062,-86.26268005371094,0.03364570438861847,6.619334022601995e-08
3831843914,0,192.36245727539062,-86.26268005371094,0.033647000789642334,9.927003772175182e-09
3856843914,0,192.36245727539062,-86.26268005371094,0.03364814817905426,1.3169766791401883e-07
3881843915,0,192.36245727539062,-86.26268005371094,0.033649176359176636,5.3137147810411403e-08
3906843915,0,192.36245727539062,-86.26268005371094,0.033649176359176636,3.9862476929196185e-08
3931843915,0,192.36245727539062,-86.26268005371094,0.03365089371800423,8.815400992757997e-08
3956843916,0,192.36245727539062,-86.26268005371094,0.03365089371800423,2.5977685833470462e-08
3981843916,0,192.36245727539062,-86.26268005371094,0.03365219011902809,1.7608842119861602e-08
4006843917,0,192.36245727539062,-86.26268005371094,0.03365219011902809,5.2801155176149796e-08
4031843917,0,192.36245727539062,-86.26268005371094,0.03365219011902809,1.3098399970933165e-07
4056843917,0,192.36245727539062,-86.26268005371094,0.033653486520051956,2.9643808859251926e-08
4081843918,0,192.36245727539062,-86.26268005371094,0.033653486520051956,9.473607786291271e-09
4106843918,0,192.36245727539062,-86.26268005371094,0.033653486520051956,5.5038071052876924e-08
4131843918,0,192.36245727539062,-86.26268005371094,0.033653486520051956,9.734311795368788e-08
4156843919,0,192.36245727539062,-86.26268005371094,0.033653486520051956,4.543985384430978e-09
4181843919,0,192.36245727539062,-86.26268005371094,0.033653486520051956,4.809314007475955e-09
4206843920,0,192.36245727539062,-86.26268005371094,0.033653486520051956,4.511956138953857e-09
4231843920,0,192.36245727539062,-86.26268005371094,0.033653486520051956,4.53656720144257e-09
4256843920,0,192.36245727539062,-86.26268005371094,0.03365451842546463,5.1651622424806196e-09
4281843921,0,192.36245727539062,-86.26268005371094,0.03365451842546463,5.512028607771306e-09
4306843921,0,192.36245727539062,-86.26268005371094,0.03365451842546463,5.055076594502991e-09
4331843921,0,192.36245727539062,-86.26268005371094,0.03365451842546463,4.868062846681402e-09
4356843922,0,192.36245727539062,-86.26268005371094,0.03365451842546463,4.8998480353229475e-08
4381843922,0,192.36245727539062,-86.26268005371094,0.03365451842546463,6.57221325076077e-09
4406843923,0,192.36245727539062,-86.26266479492188,0.03365615755319595,0.0013502717163082632
4431843923,0,192.36251831054688,-86.25653839111328,0.03353568911552429,0.3200825460173785
4456843923,0,192.3626708984375,-86.24254608154297,0.03333118185400963,0.6300479613298757
4481843924,0,192.36294555664062,-86.22095489501953,0.033091239631175995,0.9304897939895521
4506843924,0,192.36328125,-86.1920394897461,0.03284618258476257,1.220983953094926
4531843924,0,192.3636932373047,-86.15605926513672,0.03261401876807213,1.5012428224059702
4556843925,0,192.36419677734375,-86.11328887939453,0.03240455687046051,1.7710921321431
4581843925,0,192.36474609375,-86.06398010253906,0.0322229377925396,2.0304560620302827
4606843926,0,192.36534118652344,-86.00841522216797,0.032070618122816086,2.279347864674631
4631843926,0,192.3660430908203,-85.94684600830078,0.0319470576941967,2.517863468344589
4656843926,0,192.36680603027344,-85.87953186035156,0.031850624829530716,2.746171582117366
4681843927,0,192.36761474609375,-85.80671691894531,0.03177902102470398,2.9645061655460916
4706843927,0,192.36846923828125,-85.72865295410156,0.031729619950056076,3.173159136247831
4731843927,0,192.36936950683594,-85.64555358886719,0.031699828803539276,3.3724694500292256
4756843928,0,192.3703155517578,-85.55764770507812,0.03168685734272003,3.5628125290376547
4781843928,0,192.37132263183594,-85.46516418457031,0.031688153743743896,3.744593360514236
4806843928,0,192.3723602294922,-85.36830139160156,0.031701505184173584,3.9182355949385013
4831843929,0,192.3734588623047,-85.26724243164062,0.031724851578474045,4.084252306172403
4856843929,0,192.37457275390625,-85.16217803955078,0.03175605833530426,4.243355893290739
4881843930,0,192.37570190429688,-85.05325317382812,0.03179347887635231,4.3960199296096985
4906843930,0,192.3768768310547,-84.94064331054688,0.03183555603027344,4.5425833667321065
4931843930,0,192.37802124023438,-84.82447814941406,0.031881026923656464,4.683371278356571
4956843931,0,192.37918090820312,-84.70488739013672,0.03192893788218498,4.818711593555996
4981843931,0,192.38034057617188,-84.58201599121094,0.03197837620973587,4.948935941042978
5006843931,0,192.3815460205078,-84.45598602294922,0.03217632323503494,5.075279355989936
5031843932,0,192.38278198242188,-84.32687377929688,0.032428015023469925,5.196699425470214
5056843932,0,192.38406372070312,-84.1948013305664,0.0325908288359642,5.313933178158185
5081843933,0,192.38536071777344,-84.05986022949219,0.03269599750638008,5.427232042272361
5106843933,0,192.38671875,-83.92216491699219,0.03276428207755089,5.536866252971024
5131843933,0,192.38812255859375,-83.78179168701172,0.03280944749712944,5.643095804063423
5156843934,0,192.38951110839844,-83.6388168334961,0.03284049779176712,5.746165239555774
5181843934,0,192.39089965820312,-83.49333190917969,0.03286338597536087,5.846314683082419
5206843934,0,192.392333984375,-83.34536743164062,0.03288143128156662,5.943755533606877
5231843935,0,192.39376831054688,-83.19503021240234,0.0328972227871418,6.03868771307371
5256843935,0,192.39523315429688,-83.04235076904297,0.032911986112594604,6.131299885946276
5281843936,0,192.39671325683594,-82.88741302490234,0.032926443964242935,6.221762388969706
5306843936,0,192.39825439453125,-82.73023986816406,0.0329410545527935,6.310235104416337
5331843936,0,192.3998260498047,-82.5708999633789,0.03295585513114929,6.396861355107752
5356843937,0,192.40142822265625,-82.40940856933594,0.03297092393040657,6.481774532041843
5381843937,0,192.40304565429688,-82.2458267211914,0.0329861044883728,6.565096254126899
5406843937,0,192.4046173095703,-82.08019256591797,0.03300159424543381,6.64693615136885
5431843938,0,192.40625,-81.91253662109375,0.033016737550497055,6.727399129220649
5456843938,0,192.40786743164062,-81.7428970336914,0.03303184360265732,6.806577312189002
5481843939,0,192.40953063964844,-81.5712890625,0.033046722412109375,6.884554482387767
5506843939,0,192.41116333007812,-81.39775848388672,0.03306121751666069,6.961406678520279
5531843939,0,192.41282653808594,-81.22232818603516,0.033075448125600815,7.03720664812842
5556843940,0,192.41452026367188,-81.04501342773438,0.03308906406164169,7.1120171321078
5581843940,0,192.41624450683594,-80.8658447265625,0.03310234099626541,7.185895517081243
5606843940,0,192.41796875,-80.68485260009766,0.03311500325798988,7.2588953836159025
5631843941,0,192.419677734375,-80.50203704833984,0.03312724828720093,7.331070114342239
5656843941,0,192.42138671875,-80.31744384765625,0.03313884511590004,7.402458275736125
5681843942,0,192.42308044433594,-80.1310806274414,0.033150024712085724,7.4730997147926335
5706843942,0,192.4247283935547,-79.94295501708984,0.03316055238246918,7.543029281160739
5731843942,0,192.42630004882812,-79.75309753417969,0.03317077457904816,7.61229319777715
5756843943,0,192.42788696289062,-79.56151580810547,0.033180542290210724,7.680916902440983
5781843943,0,192.429443359375,-79.36823272705078,0.03318965807557106,7.748928021246277
5806843943,0,192.43093872070312,-79.17325592041016,0.03319839388132095,7.816336813877196
5831843944,0,192.43234252929688,-78.97660827636719,0.0332067497074604,7.883174094997669
5856843944,0,192.4336700439453,-78.7782974243164,0.033214643597602844,7.9494891801516365
5881843945,0,192.4349365234375,-78.57833099365234,0.033222198486328125,8.015279078920033
5906843945,0,192.43609619140625,-78.37672424316406,0.03322925418615341,8.080879123982497
5931843945,0,192.43716430664062,-78.17498016357422,0.03326839208602905,8.073294481071061
5956843946,0,192.4381561279297,-77.97329711914062,0.03332588076591492,8.069167172309218
5981843946,0,192.4390411376953,-77.77169036865234,0.0333898551762104,8.065868577327722
6006843946,0,192.43983459472656,-77.57015228271484,0.0334535576403141,8.06282121417592
6031843947,0,192.44065856933594,-77.36869049072266,0.03351348638534546,8.059845048962382
6056843947,0,192.44143676757812,-77.16728973388672,0.03356807678937912,8.05688796754922
6081843947,0,192.44216918945312,-76.96597290039062,0.03361690416932106,8.053935378863649
6106843948,0,192.44288635253906,-76.76471710205078,0.033659856766462326,8.050987423233392
6131843948,0,192.4436492919922,-76.56352233886719,0.033697355538606644,8.048033157772176
6156843949,0,192.44448852539062,-76.3624038696289,0.03372981771826744,8.045084750035535
6181843949,0,192.4453887939453,-76.16136169433594,0.033758047968149185,8.042126677208552
6206843949,0,192.44630432128906,-75.96038055419922,0.03378231078386307,8.039182162598602
6231843950,0,192.44729614257812,-75.75948333740234,0.03380325064063072,8.036232529651024
6256843950,0,192.44834899902344,-75.55864715576172,0.03382118046283722,8.033285551111673
6281843950,0,192.449462890625,-75.3578872680664,0.033836591988801956,8.030342121259991
6306843951,0,192.45062255859375,-75.15719604492188,0.033849868923425674,8.027402762713702
6331843951,0,192.4518280029297,-74.95658111572266,0.0338611975312233,8.024457341926235
6356843952,0,192.4530792236328,-74.75603485107422,0.03387092426419258,8.021520973918538
6381843952,0,192.4543914794922,-74.5555648803711,0.03387928009033203,8.018586301003893
6406843952,0,192.4557342529297,-74.35516357421875,0.03388645127415657,8.015653759763541
6431843953,0,192.45709228515625,-74.15408325195312,0.033874206244945526,8.071490669403685
6456843953,0,192.45851135253906,-73.9501953125,0.033810462802648544,8.18075746261294
6481843953,0,192.45989990234375,-73.7436752319336,0.03372691944241524,8.283823785771224
6506843954,0,192.46131896972656,-73.53469848632812,0.033641088753938675,8.380355006900023
6531843954,0,192.46275329589844,-73.32344818115234,0.03356281295418739,8.469503620390865
6556843955,0,192.4641571044922,-73.1101303100586,0.033497199416160583,8.550047168951458
6581843955,0,192.46546936035156,-72.89498901367188,0.03344688192009926,8.621453948135832
6606843955,0,192.4667205810547,-72.67823028564453,0.03341159597039223,8.684633318816767
6631843956,0,192.4678497314453,-72.46006774902344,0.03339061513543129,8.739327053897714
6656843956,0,192.46896362304688,-72.2406997680664,0.033382948487997055,8.78509340925428
6681843956,0,192.47007751464844,-72.0203857421875,0.033387795090675354,8.821021242100025
6706843957,0,192.4710693359375,-71.79937744140625,0.03340427204966545,8.846826859895927
6731843957,0,192.4720001220703,-71.57792663574219,0.03343112766742706,8.862575155084816
6756843958,0,192.47286987304688,-71.35625457763672,0.033467140048742294,8.869346606128493
6781843958,0,192.47369384765625,-71.13456726074219,0.03350982442498207,8.868091417814059
6806843958,0,192.47450256347656,-70.91310119628906,0.03355918824672699,8.855749418317364
6831843959,0,192.47537231445312,-70.6923599243164,0.03361961245536804,8.82183338988624
6856843959,0,192.4762725830078,-70.47286987304688,0.033693693578243256,8.767245681766264
6881843959,0,192.47715759277344,-70.25501251220703,0.03377857059240341,8.701462159471596
6906843960,0,192.47799682617188,-70.03862762451172,0.03386092931032181,8.641836722364072
6931843960,0,192.4788055419922,-69.82396697998047,0.033942338079214096,8.573218611326576
6956843961,0,192.47958374023438,-69.61068725585938,0.03401145711541176,8.521350809326863
6981843961,0,192.48040771484375,-69.39862823486328,0.03406715393066406,8.471975229254513
7006843961,0,192.48126220703125,-69.18779754638672,0.034112777560949326,8.422464370660071
7031843962,0,192.48216247558594,-68.97819519042969,0.03415069356560707,8.373174063094394
7056843962,0,192.4830780029297,-68.7697982788086,0.034181859344244,8.324665735902315
7081843962,0,192.48399353027344,-68.5625991821289,0.034207459539175034,8.277223659795325
7106843963,0,192.4849395751953,-68.35655212402344,0.034227751195430756,8.231294751577893
7131843963,0,192.48590087890625,-68.1516342163086,0.034244000911712646,8.185869162214031
7156843964,0,192.48687744140625,-67.94782257080078,0.03425617143511772,8.142344596647986
7181843964,0,192.48788452148438,-67.74506378173828,0.03426502272486687,8.099728316958782
7206843964,0,192.48899841308594,-67.54338073730469,0.03427143022418022,8.057545758268803
7231843965,0,192.4901123046875,-67.34271240234375,0.03427562490105629,8.016600825054047
7256843965,0,192.49124145507812,-67.14308166503906,0.03427841141819954,7.975040619271681
7281843965,0,192.49240112304688,-66.94449615478516,0.034280698746442795,7.9332511451589385
7306843966,0,192.4935760498047,-66.7469253540039,0.03428199514746666,7.892853839915628
7331843966,0,192.49478149414062,-66.55034637451172,0.03428203612565994,7.853625431970818
7356843966,0,192.49610900878906,-66.35472106933594,0.034280624240636826,7.815777666907759
7381843967,0,192.49749755859375,-66.16002655029297,0.0342782586812973,7.778669354325915
7406843967,0,192.49888610839844,-65.96620178222656,0.034273985773324966,7.745024553085545
7431843968,0,192.5001983642578,-65.77310943603516,0.03426628187298775,7.717032466640479
7456843968,0,192.50140380859375,-65.58057403564453,0.034253500401973724,7.696315189799281
7481843968,0,192.50247192382812,-65.38842010498047,0.03423496335744858,7.68277383815279
7506843969,0,192.50344848632812,-65.19647979736328,0.03421089053153992,7.67544681574458
7531843969,0,192.50442504882812,-65.00463104248047,0.03418281301856041,7.672891129061001
7556843969,0,192.50538635253906,-64.81277465820312,0.03415241092443466,7.673688381779587
7581843970,0,192.50634765625,-64.6208267211914,0.034120406955480576,7.678512757300045
7606843970,0,192.50735473632812,-64.4286880493164,0.03408721834421158,7.687345478845835
7631843971,0,192.50839233398438,-64.2362060546875,0.03405235335230827,7.702415608707738
7656843971,0,192.5094757080078,-64.04322814941406,0.03401500731706619,7.723893686898012
7681843971,0,192.51060485839844,-63.8495979309082,0.033975448459386826,7.751208777776601
7706843972,0,192.51174926757812,-63.655189514160156,0.0339340977370739,7.783443303255301
7731843972,0,192.51296997070312,-63.45991134643555,0.03389221057295799,7.819280210871991
7756843972,0,192.51422119140625,-63.263675689697266,0.033850669860839844,7.8581640495556515
7781843973,0,192.5155487060547,-63.06641387939453,0.033810194581747055,7.899832880457264
7806843973,0,192.5168914794922,-62.86806106567383,0.03377094119787216,7.944487589449065
7831843974,0,192.518310546875,-62.66854476928711,0.03373313695192337,7.991673216382276
7856843974,0,192.51974487304688,-62.46780776977539,0.03369689732789993,8.041035613633177
7881843974,0,192.521240234375,-62.26580047607422,0.03366252779960632,8.092252016678005
7906843975,0,192.52284240722656,-62.06248474121094,0.033630140125751495,8.145043818179008
7931843975,0,192.5246124267578,-61.858299255371094,0.033611640334129333,8.161721723794354
7956843975,0,192.52645874023438,-61.65424728393555,0.03362033888697624,8.160995762717107
7981843976,0,192.52841186523438,-61.45028305053711,0.03364246338605881,8.158569287477489
8006843976,0,192.53048706054688,-61.24639892578125,0.03367019444704056,8.155716763131462
8031843977,0,192.53260803222656,-61.04259490966797,0.03369922563433647,8.15277297406697
8056843977,0,192.53480529785156,-60.8388671875,0.033727262169122696,8.149791643183601
8081843977,0,192.53717041015625,-60.63521194458008,0.033753205090761185,8.146789448898273
8106843978,0,192.53970336914062,-60.43163299560547,0.03377677872776985,8.143771681138695
8131843978,0,192.5423583984375,-60.22813415527344,0.033797528594732285,8.140769306263795
8156843978,0,192.54515075683594,-60.02470397949219,0.03381580114364624,8.137774637889887
8181843979,0,192.548095703125,-59.82135772705078,0.033831749111413956,8.134780308490436
8206843979,0,192.5511016845703,-59.61807632446289,0.03384559601545334,8.131804509700647
8231843980,0,192.55416870117188,-59.41486740112305,0.03385746106505394,8.128834366089537
8256843980,0,192.5573272705078,-59.21173858642578,0.03386753052473068,8.125852863039718
8281843980,0,192.56057739257812,-59.00868606567383,0.03387638181447983,8.122868042198762
8306843981,0,192.56393432617188,-58.805702209472656,0.033883895725011826,8.119889862010073
8331843981,0,192.5673828125,-58.6027946472168,0.033890340477228165,8.116920643505656
8356843981,0,192.57069396972656,-58.399959564208984,0.03389587253332138,8.113936278858924
8381843982,0,192.573974609375,-58.19719696044922,0.03390071913599968,8.110962141475161
8406843982,0,192.57717895507812,-57.994510650634766,0.03390483930706978,8.107983400959919
8431843983,0,192.580322265625,-57.791893005371094,0.033908307552337646,8.105007656874594
8456843983,0,192.5834503173828,-57.58780288696289,0.03387729451060295,8.182005080102815
8481843983,0,192.58656311035156,-57.38189697265625,0.03382423147559166,8.253050990681459
8506843984,0,192.58970642089844,-57.17426300048828,0.03376445546746254,8.32146072365152
8531843984,0,192.59288024902344,-56.9649543762207,0.03370559588074684,8.387606738079677
8556843984,0,192.59608459472656,-56.75403594970703,0.033651694655418396,8.451806486038492
8581843985,0,192.5993194580078,-56.54154968261719,0.033604126423597336,8.51433370031754
8606843985,0,192.60255432128906,-56.327537536621094,0.03356338292360306,8.575420432058195
8631843985,0,192.60581970214844,-56.11201858520508,0.03352924436330795,8.635268402832711
8656843986,0,192.60911560058594,-55.895042419433594,0.03350093588232994,8.694044583462853
8681843986,0,192.6125030517578,-55.67661666870117,0.03347766771912575,8.751895716767569
8706843987,0,192.6159210205078,-55.45676040649414,0.03345882520079613,8.8089360263667
8731843987,0,192.61936950683594,-55.235496520996094,0.033443793654441833,8.864997797766902
8756843987,0,192.6229248046875,-55.01286315917969,0.03343234956264496,8.919475133747682
8781843988,0,192.62652587890625,-54.788909912109375,0.0334244929254055,8.972212433363147
8806843988,0,192.6302032470703,-54.56367874145508,0.033419836312532425,9.022749550365695
8831843988,0,192.63401794433594,-54.33723068237305,0.03341815993189812,9.071183444346921
8856843989,0,192.63800048828125,-54.10961151123047,0.03341945633292198,9.117622074347778
8881843989,0,192.6420440673828,-53.880882263183594,0.03342338651418686,9.161546364106744
8906843990,0,192.64614868164062,-53.65110397338867,0.03342975676059723,9.203035515499517
8931843990,0,192.6503448486328,-53.42034149169922,0.033438339829444885,9.241931400053673
8956843990,0,192.65467834472656,-53.18865966796875,0.03344917297363281,9.278093701290592
8981843991,0,192.6591339111328,-52.95613098144531,0.033461760729551315,9.31185113974856
9006843991,0,192.6637420654297,-52.72280502319336,0.033476103097200394,9.342766177167558
9031843991,0,192.66839599609375,-52.48876953125,0.03349193558096886,9.370913689560911
9056843992,0,192.6731414794922,-52.25407409667969,0.033509138971567154,9.396323701317625
9081843992,0,192.67794799804688,-52.01880645751953,0.03352760151028633,9.418949947964894
9106843993,0,192.6827850341797,-51.78302001953125,0.03354724869132042,9.43870900157291
9131843993,0,192.6876678466797,-51.54679870605469,0.0335678867995739,9.455486325399887
9156843993,0,192.69253540039062,-51.31022262573242,0.03358959034085274,9.469042948585793
9181843994,0,192.6973419189453,-51.0733642578125,0.03361232578754425,9.47972641838467
9206843994,0,192.7020721435547,-50.83628463745117,0.033635519444942474,9.487939088532134
9231843994,0,192.70675659179688,-50.59903335571289,0.033658865839242935,9.493667632176257
9256843995,0,192.71139526367188,-50.361698150634766,0.03368270769715309,9.496674193663452
9281843995,0,192.7160186767578,-50.12432098388672,0.03370632231235504,9.49783499498202
9306843996,0,192.72056579589844,-49.88694763183594,0.033729590475559235,9.496961477954935
9331843996,0,192.7250518798828,-49.64963912963867,0.03375236317515373,9.493990529382145
9356843996,0,192.72946166992188,-49.41243362426758,0.033774908632040024,9.488917065016686
9381843997,0,192.73382568359375,-49.1754035949707,0.03379711136221886,9.481603813701033
9406843997,0,192.73814392089844,-48.938602447509766,0.03381916135549545,9.471897388925893
9431843997,0,192.742431640625,-48.70207595825195,0.033840980380773544,9.460341203107385
9456843998,0,192.74667358398438,-48.46586990356445,0.03386245667934418,9.447083542400142
9481843998,0,192.75091552734375,-48.23002243041992,0.03388305753469467,9.432453954998712
9506843999,0,192.755126953125,-47.99454879760742,0.03390258550643921,9.41727342950022
9531843999,0,192.7593536376953,-47.75946044921875,0.03392055258154869,9.401885664153335
9556843999,0,192.7635955810547,-47.524749755859375,0.03393665328621864,9.386686630585942
9581844000,0,192.76785278320312,-47.29041290283203,0.033950842916965485,9.371730747969963
9606844000,0,192.7721405029297,-47.05644607543945,0.03396293520927429,9.357115484251352
9631844000,0,192.77645874023438,-46.82282638549805,0.033973004668951035,9.343039622230371
9656844001,0,192.78076171875,-46.58953857421875,0.03398098051548004,9.330049505345347
9681844001,0,192.7850799560547,-46.3565673828125,0.03398700803518295,9.31769433406201
9706844002,0,192.7894287109375,-46.12388610839844,0.03399120271205902,9.30642032679341
9731844002,0,192.79383850097656,-45.89145278930664,0.03399341553449631,9.296653464242937
9756844002,0,192.79830932617188,-45.65924072265625,0.0339936837553978,9.288245858545517
9781844003,0,192.80276489257812,-45.42721176147461,0.033992424607276917,9.280894775221965
9806844003,0,192.8072052001953,-45.19535446166992,0.03399002179503441,9.27422834548523
9831844003,0,192.81161499023438,-44.96364974975586,0.03398677706718445,9.26827372172464
9856844004,0,192.81594848632812,-44.73208999633789,0.033983077853918076,9.262712595278058
9881844004,0,192.82028198242188,-44.50066375732422,0.033979225903749466,9.257337015144776
9906844004,0,192.8246307373047,-44.26935958862305,0.03397529572248459,9.25223656843763
9931844005,0,192.8289794921875,-44.03818130493164,0.03397144377231598,9.247614698947157
9956844005,0,192.8332977294922,-43.80710983276367,0.03396747633814812,9.243412564551978
9981844006,0,192.8376007080078,-43.57613754272461,0.03396362066268921,9.2392264257889
10006844006,0,192.84188842773438,-43.34527587890625,0.03396034240722656,9.234929365500124
10031844006,0,192.84616088867188,-43.114524841308594,0.03395736590027809,9.230382178193238
10056844007,0,192.8504638671875,-42.88388442993164,0.0339549258351326,9.225752925509711
10081844007,0,192.85476684570312,-42.65336227416992,0.03395271301269531,9.221441730855906
10106844007,0,192.85902404785156,-42.42294692993164,0.03395072743296623,9.217331593345493
10131844008,0,192.86325073242188,-42.19261932373047,0.03394866734743118,9.213548332549118
10156844008,0,192.86749267578125,-41.96238708496094,0.0339466854929924,9.210064620711545
10181844009,0,192.87173461914062,-41.73223114013672,0.03394462540745735,9.206863151685463
10206844009,0,192.8759765625,-41.50214767456055,0.033942338079214096,9.204227636975299
10231844009,0,192.88011169433594,-41.27210998535156,0.033939704298973083,9.202366093847933
10256844010,0,192.88421630859375,-41.0421142578125,0.03393672779202461,9.200946336374145
10281844010,0,192.88829040527344,-40.8121337890625,0.03393340855836868,9.200496653083016
10306844010,0,192.892333984375,-40.58214569091797,0.03392955660820007,9.201056343651487
10331844011,0,192.89637756347656,-40.35212326049805,0.033924978226423264,9.202531014535245
10356844011,0,192.90042114257812,-40.12205123901367,0.03391990438103676,9.2046851091905
10381844012,0,192.90443420410156,-39.89192199707031,0.03391479328274727,9.207130747130396
10406844012,0,192.90841674804688,-39.66172409057617,0.033909872174263,9.209623218777516
10431844012,0,192.91241455078125,-39.43147277832031,0.03390540927648544,9.212009103693372
10456844013,0,192.9163818359375,-39.20115661621094,0.03390133008360863,9.214440330691312
10481844013,0,192.92034912109375,-38.97077941894531,0.033897705376148224,9.217013035470348
10506844013,0,192.92428588867188,-38.740325927734375,0.03389423340559006,9.22020658144437
10531844014,0,192.9281463623047,-38.50978469848633,0.03389068692922592,9.22385841209195
10556844014,0,192.93194580078125,-38.27914047241211,0.03388706222176552,9.227875633386553
10581844015,0,192.93568420410156,-38.04838943481445,0.033883627504110336,9.23209035827327
10606844015,0,192.9393310546875,-37.81753158569336,0.033880461007356644,9.236331222172353
10631844015,0,192.94284057617188,-37.586570739746094,0.033877525478601456,9.240535945992674
10656844016,0,192.94625854492188,-37.35550308227539,0.03387477621436119,9.244683880298359
10681844016,0,192.9495391845703,-37.124332427978516,0.03387245163321495,9.248890871986596
10706844016,0,192.9528045654297,-36.8930549621582,0.03387058153748512,9.252819231710077
10731844017,0,192.9560089111328,-36.66169738769531,0.03386940062046051,9.256017077886339
10756844017,0,192.9591522216797,-36.43026351928711,0.033868905156850815,9.258728403469156
10781844018,0,192.9622802734375,-36.19877243041992,0.03386878967285156,9.261210439530934
10806844018,0,192.96536254882812,-35.96722412109375,0.03386932238936424,9.263444734094135
10831844018,0,192.96835327148438,-35.73561477661133,0.033869970589876175,9.265823992884158
10856844019,0,192.97134399414062,-35.50394058227539,0.0338703915476799,9.268527730775395
10881844019,0,192.97427368164062,-35.27218246459961,0.033870428800582886,9.271765320840561
10906844019,0,192.97715759277344,-35.04033660888672,0.03387008607387543,9.275689753001567
10931844020,0,192.98001098632812,-34.80837631225586,0.03386905416846275,9.280272307355359
10956844020,0,192.98284912109375,-34.576290130615234,0.03386741504073143,9.28546403228489
10981844021,0,192.9856414794922,-34.34406280517578,0.033865317702293396,9.291095070301587
11006844021,0,192.98841857910156,-34.111690521240234,0.03386298939585686,9.296855220205199
11031844021,0,192.99118041992188,-33.87917709350586,0.033860739320516586,9.30242526672231
11056844022,0,192.993896484375,-33.64653396606445,0.033858757466077805,9.307730606701275
11081844022,0,192.99655151367188,-33.41375732421875,0.0338573083281517,9.312785048952867
11106844022,0,192.99917602539062,-33.180870056152344,0.033856313675642014,9.317109244542035
11131844023,0,193.00177001953125,-32.9478874206543,0.033856239169836044,9.320684932782513
11156844023,0,193.0043487548828,-32.71482467651367,0.03385665640234947,9.324050414542974
11181844023,0,193.00692749023438,-32.48167419433594,0.03385746106505394,9.327311625623924
11206844024,0,193.00950622558594,-32.248443603515625,0.03385837376117706,9.33064058075091
11231844024,0,193.0120849609375,-32.01512908935547,0.0338592529296875,9.333953084597152
11256844025,0,193.0146026611328,-31.7817325592041,0.033860206604003906,9.337245031492689
11281844025,0,193.01712036132812,-31.548254013061523,0.03386097028851509,9.340651010250454
11306844025,0,193.01962280273438,-31.314680099487305,0.03386138752102852,9.344467006031811
11331844026,0,193.02207946777344,-31.081012725830078,0.03386169299483299,9.34815094429485
11356844026,0,193.02455139160156,-30.847259521484375,0.033862076699733734,9.351308366773237
11381844026,0,193.02699279785156,-30.61344337463379,0.03386291489005089,9.353737785178799
11406844027,0,193.02938842773438,-30.379579544067383,0.03386428579688072,9.355451239214567
11431844027,0,193.03175354003906,-30.14568519592285,0.03386630862951279,9.356495995143092
11456844028,0,193.0341033935547,-29.911779403686523,0.03386886417865753,9.356834227076439
11481844028,0,193.0364227294922,-29.677879333496094,0.03387191519141197,9.35630200929384
11506844028,0,193.03868103027344,-29.444013595581055,0.033875539898872375,9.354930558890263
11531844029,0,193.0409393310547,-29.210195541381836,0.03387981280684471,9.352713706669235
11556844029,0,193.0431365966797,-28.97644805908203,0.03388461843132973,9.349631532411912
11581844029,0,193.04527282714844,-28.742788314819336,0.03388961777091026,9.346004275733765
11606844030,0,193.04736328125,-28.50922393798828,0.0338946133852005,9.342182270431215
11631844030,0,193.04942321777344,-28.27574920654297,0.033899497240781784,9.338643529473492
11656844031,0,193.0514373779297,-28.042354583740234,0.03390338644385338,9.335404056296987
11681844031,0,193.05343627929688,-27.809043884277344,0.03390693664550781,9.332068899102762
11706844031,0,193.0553436279297,-27.575817108154297,0.03391002491116524,9.328528848680127
11731844032,0,193.05722045898438,-27.34268569946289,0.03391303867101669,9.324758171250513
11756844032,0,193.0591583251953,-27.10964012145996,0.0339154414832592,9.321406517020199
11781844032,0,193.06106567382812,-26.876670837402344,0.033917274326086044,9.31839395572169
11806844033,0,193.06301879882812,-26.643775939941406,0.033918723464012146,9.315542230807493
11831844033,0,193.06500244140625,-26.41094398498535,0.03391967713832855,9.312970182611227
11856844034,0,193.06692504882812,-26.178171157836914,0.03392009809613228,9.310726356039792
11881844034,0,193.06890869140625,-25.945446014404297,0.03392009809613228,9.308837257676768
11906844034,0,193.0708770751953,-25.7127628326416,0.03391963988542557,9.30724408674038
11931844035,0,193.07289123535156,-25.480121612548828,0.03391902893781662,9.305544615931078
11956844035,0,193.07492065429688,-25.247522354125977,0.03391841799020767,9.303899193892285
11981844035,0,193.07696533203125,-25.01496124267578,0.03391769155859947,9.302504020759015
12006844036,0,193.07899475097656,-24.782428741455078,0.033916737884283066,9.301415502521538
12031844036,0,193.0810546875,-24.54991340637207,0.03391555696725845,9.300806008650273
12056844037,0,193.08309936523438,-24.31740951538086,0.03391410782933235,9.300615147693462
12081844037,0,193.0851593017578,-24.084896087646484,0.03391239047050476,9.30069735028044
12106844037,0,193.0872344970703,-23.852386474609375,0.033910561352968216,9.300663763903884
12131844038,0,193.08935546875,-23.619884490966797,0.03390907123684883,9.3004455997207
12156844038,0,193.09146118164062,-23.38738441467285,0.033907700330019,9.300195154062479
12181844038,0,193.093505859375,-23.15489387512207,0.033906515687704086,9.300012324746566
12206844039,0,193.09548950195312,-22.922401428222656,0.033905524760484695,9.300003998919044
12231844039,0,193.09751892089844,-22.689910888671875,0.03390445560216904,9.30000117907827
12256844040,0,193.0995330810547,-22.45742416381836,0.033903539180755615,9.299819966397658
12281844040,0,193.10150146484375,-22.22494125366211,0.03390296921133995,9.29958811341781
12306844040,0,193.1034393310547,-21.992467880249023,0.03390243276953697,9.299171162174211
12331844041,0,193.1053466796875,-21.760005950927734,0.033902358263731,9.298472583765804
12356844041,0,193.10723876953125,-21.527570724487305,0.03390232101082802,9.297562353356701
12381844041,0,193.10911560058594,-21.29515838623047,0.03390270099043846,9.296506033130743
12406844042,0,193.11097717285156,-21.062774658203125,0.03390312194824219,9.295455855210298
12431844042,0,193.11280822753906,-20.830411911010742,0.0339035801589489,9.294630188741456
12456844042,0,193.11456298828125,-20.598064422607422,0.03390369191765785,9.294144217657946
12481844043,0,193.11630249023438,-20.365718841552734,0.03390350192785263,9.294054095548265
12506844043,0,193.11802673339844,-20.13336944580078,0.033903006464242935,9.294229921489677
12531844044,0,193.11972045898438,-19.901012420654297,0.03390216827392578,9.294702763527235
12556844044,0,193.121337890625,-19.66863441467285,0.03390109911561012,9.29551847957946
12581844044,0,193.1229248046875,-19.436229705810547,0.03389976546168327,9.296695818882293
12606844045,0,193.12445068359375,-19.20378875732422,0.03389812260866165,9.298259529058457
12631844045,0,193.1259307861328,-18.971302032470703,0.03389633074402809,9.300075566274865
12656844045,0,193.12738037109375,-18.73876190185547,0.033894386142492294,9.302308783318484
12681844046,0,193.12884521484375,-18.506162643432617,0.03389217332005501,9.304723326838792
12706844046,0,193.13031005859375,-18.273502349853516,0.03389015048742294,9.3070297107653
12731844047,0,193.13180541992188,-18.040790557861328,0.03388824313879013,9.309193929261896
12756844047,0,193.1333770751953,-17.80802345275879,0.03388660401105881,9.311405797300516
12781844047,0,193.13497924804688,-17.575199127197266,0.033885229378938675,9.313704988750521
12806844048,0,193.1365966796875,-17.342317581176758,0.03388401120901108,9.316041379403178
12831844048,0,193.13819885253906,-17.10938262939453,0.03388294205069542,9.318113129504573
12856844048,0,193.1398468017578,-16.876401901245117,0.033882178366184235,9.319843424750418
12881844049,0,193.14157104492188,-16.64338493347168,0.03388195112347603,9.321283987228346
12906844049,0,193.1434326171875,-16.410337448120117,0.03388198837637901,9.3225707257775
12931844050,0,193.1453857421875,-16.17725372314453,0.033882178366184235,9.323985496233167
12956844050,0,193.14735412597656,-15.944132804870605,0.033882178366184235,9.32559895786825
12981844050,0,193.1494140625,-15.710968971252441,0.03388214111328125,9.327351928992083
13006844051,0,193.15145874023438,-15.477763175964355,0.03388221561908722,9.329060287311329
13031844051,0,193.15359497070312,-15.24451732635498,0.033882178366184235,9.330619162979733
13056844051,0,193.15586853027344,-15.011239051818848,0.033882178366184235,9.331897615234485
13081844052,0,193.1582794189453,-14.777935028076172,0.03388252109289169,9.332910968586637
13106844052,0,193.1607208251953,-14.544608116149902,0.033883094787597656,9.333890573594708
13131844053,0,193.16317749023438,-14.31125259399414,0.033883512020111084,9.335024128052021
13156844053,0,193.16566467285156,-14.07786750793457,0.03388393297791481,9.336197901173762
13181844053,0,193.16818237304688,-13.84445571899414,0.033884353935718536,9.337338759948732
13206844054,0,193.17079162597656,-13.611015319824219,0.033884696662425995,9.338454338040695
13231844054,0,193.17347717285156,-13.37755012512207,0.03388503938913345,9.339504420319193
13256844054,0,193.17620849609375,-13.144060134887695,0.03388530761003494,9.340567035559545
13281844055,0,193.17898559570312,-12.910540580749512,0.033885497599840164,9.341743163549562
13306844055,0,193.1817169189453,-12.676989555358887,0.03388557210564613,9.342980996754545
13331844056,0,193.1844024658203,-12.443404197692871,0.0338856503367424,9.344365644935765
13356844056,0,193.18716430664062,-12.20977783203125,0.03388546034693718,9.346133567769224
13381844056,0,193.18991088867188,-11.97610855102539,0.03388511762022972,9.347867596429385
13406844057,0,193.19268798828125,-11.742399215698242,0.03388481214642525,9.349282995060562
13431844057,0,193.19546508789062,-11.508667945861816,0.03388481214642525,9.35006286923569
13456844057,0,193.19825744628906,-11.274937629699707,0.033885613083839417,9.349816486863821
13481844058,0,193.2010040283203,-11.04122543334961,0.0338870994746685,9.34895473587949
13506844058,0,193.20375061035156,-10.807539939880371,0.033888932317495346,9.347761801147339
13531844059,0,193.20643615722656,-10.573892593383789,0.0338912196457386,9.34620248855804
13556844059,0,193.2091522216797,-10.340291976928711,0.03389377519488335,9.344216372147084
13581844059,0,193.2118377685547,-10.106745719909668,0.03389633074402809,9.34202703635194
13606844060,0,193.2145538330078,-9.873251914978027,0.03389892354607582,9.339925493780466
13631844060,0,193.21725463867188,-9.639810562133789,0.033901289105415344,9.337856945399443
13656844060,0,193.2200164794922,-9.406423568725586,0.033903464674949646,9.335630292492384
13681844061,0,193.22274780273438,-9.173095703125,0.03390548750758171,9.333187712400907
13706844061,0,193.2254180908203,-8.93982982635498,0.03390743210911751,9.330617938325705
13731844061,0,193.22805786132812,-8.706633567810059,0.03390933945775032,9.327762859121263
13756844062,0,193.23068237304688,-8.473514556884766,0.03391139954328537,9.324617992063159
13781844062,0,193.2333221435547,-8.240476608276367,0.03391330689191818,9.321453918282845
13806844063,0,193.23597717285156,-8.007509231567383,0.033914871513843536,9.318699932131913
13831844063,0,193.2386474609375,-7.774598598480225,0.03391589969396591,9.316608726603276
13856844063,0,193.24136352539062,-7.541728496551514,0.03391628339886665,9.315109054421374
13881844064,0,193.24411010742188,-7.308884620666504,0.03391589969396591,9.31422320340868
13906844064,0,193.24685668945312,-7.076043605804443,0.033914756029844284,9.314308405789381
13931844064,0,193.24957275390625,-6.843186378479004,0.03391284868121147,9.31514621516986
13956844065,0,193.2523193359375,-6.610289573669434,0.033910103142261505,9.316937380405852
13981844065,0,193.25511169433594,-6.377335548400879,0.03390663117170334,9.31935712021702
14006844066,0,193.25796508789062,-6.144311904907227,0.03390289098024368,9.32232106464973
14031844066,0,193.2608184814453,-5.911201477050781,0.03389884904026985,9.325927728363263
14056844066,0,193.26364135742188,-5.677994251251221,0.03389442339539528,9.329792152288263
14081844067,0,193.26646423339844,-5.444691181182861,0.03389038145542145,9.333584016336165
14106844067,0,193.26925659179688,-5.211300373077393,0.03388679400086403,9.336985018534863
14131844067,0,193.27200317382812,-4.977834224700928,0.033883970230817795,9.339951739959327
14156844068,0,193.27468872070312,-4.744298458099365,0.03388187289237976,9.342604579935303
14181844068,0,193.27723693847656,-4.51070499420166,0.033880386501550674,9.344747912078764
14206844069,0,193.2797088623047,-4.277072429656982,0.03387969732284546,9.346101093631944
14231844069,0,193.2820587158203,-4.043422222137451,0.03388015553355217,9.346582919836905
14256844069,0,193.2843780517578,-3.809767484664917,0.03388122469186783,9.346746670380545
14281844070,0,193.28662109375,-3.576105833053589,0.033882446587085724,9.347058499686883
14306844070,0,193.28887939453125,-3.342430591583252,0.033883705735206604,9.34766652483662
14331844070,0,193.29115295410156,-3.108738422393799,0.033884771168231964,9.348293851654223
14356844071,0,193.2933807373047,-2.875040292739868,0.033885955810546875,9.348363773583637
14381844071,0,193.2956085205078,-2.6413540840148926,0.03388744220137596,9.347668395449135
14406844072,0,193.2977294921875,-2.407705783843994,0.03388961777091026,9.345843967532105
14431844072,0,193.29983520507812,-2.1741273403167725,0.0338926687836647,9.342846784450467
14456844072,0,193.30198669433594,-1.9406356811523438,0.033896367996931076,9.339231558833516
14481844073,0,193.3040771484375,-1.7072465419769287,0.03390052542090416,9.334999203422965
14506844073,0,193.30621337890625,-1.4739731550216675,0.03390495106577873,9.33021920886752
14531844073,0,193.30831909179688,-1.2408291101455688,0.03390960767865181,9.324968383262396
14556844074,0,193.3103790283203,-1.0078206062316895,0.03391418233513832,9.319452183728696
14581844074,0,193.31256103515625,-0.7749588489532471,0.033918723464012146,9.313516008459407
14606844075,0,193.3148651123047,-0.5422502756118774,0.03392307087779045,9.30743889409278
14631844075,0,193.31732177734375,-0.30969297885894775,0.03392719104886055,9.301421896387549
14656844075,0,193.31991577148438,-0.07729316502809525,0.03393085300922394,9.29507039789395
14681844076,0,193.3226318359375,0.15493914484977722,0.03393447771668434,9.28842109682964
14706844076,0,193.32533264160156,0.3870146870613098,0.03393752872943878,9.282311746200508
14731844076,0,193.32815551757812,0.6189538240432739,0.033939704298973083,9.277063899354347
14756844077,0,193.33114624023438,0.8507735729217529,0.033940885215997696,9.272542400554203
14781844077,0,193.33425903320312,1.0824947357177734,0.03394126892089844,9.268817622815325
14806844078,0,193.33743286132812,1.3141334056854248,0.03394057974219322,9.265672894888791
14831844078,0,193.34068298339844,1.545703411102295,0.03393928334116936,9.263054489652015
14856844078,0,193.34396362304688,1.7772161960601807,0.03393760696053505,9.260874330777357
14881844079,0,193.34732055664062,2.0086827278137207,0.03393527865409851,9.259219089623256
14906844079,0,193.35072326660156,2.2401208877563477,0.03393257036805153,9.258227721422562
14931844079,0,193.35411071777344,2.471543788909912,0.03392944112420082,9.257717822594328
14956844080,0,193.357421875,2.702960729598999,0.033926237374544144,9.257469920646706
14981844080,0,193.360595703125,2.9343769550323486,0.03392307087779045,9.257401122372386
15006844080,0,193.3636932373047,3.1657934188842773,0.03391994535923004,9.25738016292451
15031844081,0,193.36671447753906,3.397211790084839,0.03391708433628082,9.25749950956984
15056844081,0,193.36973571777344,3.628636121749878,0.03391429781913757,9.257734926044334
15081844082,0,193.3727569580078,3.860067129135132,0.03391185775399208,9.258011193439577
15106844082,0,193.37570190429688,4.091506481170654,0.03390952944755554,9.258378252845166
15131844082,0,193.37863159179688,4.322959899902344,0.033907316625118256,9.259008625852076
15156844083,0,193.3815460205078,4.554433822631836,0.03390518203377724,9.259824266888504
15181844083,0,193.38438415527344,4.7859296798706055,0.03390323743224144,9.260714084753706
15206844083,0,193.38720703125,5.017447471618652,0.033901479095220566,9.261505279957323
15231844084,0,193.3899383544922,5.248982906341553,0.033900029957294464,9.262242214060592
15256844084,0,193.39266967773438,5.4805402755737305,0.03389861807227135,9.263120843170299
15281844085,0,193.39540100097656,5.71212100982666,0.03389732167124748,9.264057991937888
15306844085,0,193.398193359375,5.943721294403076,0.03389621526002884,9.264838725035457
15331844085,0,193.4010467529297,6.175337314605713,0.0338953398168087,9.265496766989406
15356844086,0,193.40394592285156,6.406967639923096,0.03389480337500572,9.266061107899715
15381844086,0,193.40684509277344,6.638613224029541,0.03389423340559006,9.266700354512668
15406844086,0,193.4098358154297,6.87027645111084,0.03389373794198036,9.267488871661719
15431844087,0,193.41287231445312,7.101961612701416,0.033893242478370667,9.268465190255947
15456844087,0,193.41598510742188,7.333675384521484,0.033892594277858734,9.269660772327219
15481844088,0,193.41917419433594,7.565415382385254,0.033891867846250534,9.270729537371745
15506844088,0,193.4224395751953,7.797178745269775,0.03389140963554382,9.271662558472128
15531844088,0,193.42578125,8.028960227966309,0.0338909886777401,9.272355549820903
15556844089,0,193.42926025390625,8.26075267791748,0.03389091417193413,9.272923379797676
15581844089,0,193.43283081054688,8.492559432983398,0.03389095142483711,9.273525363459777
15606844089,0,193.4364471435547,8.724381446838379,0.03389102965593338,9.274179527200381
15631844090,0,193.4401397705078,8.956216812133789,0.033891066908836365,9.274733492777644
15656844090,0,193.44381713867188,9.188063621520996,0.0338912196457386,9.275138852594003
15681844091,0,193.4474639892578,9.419917106628418,0.03389156237244606,9.275384662275973
15706844091,0,193.4511260986328,9.651777267456055,0.033891867846250534,9.275618650090458
15731844091,0,193.4547882080078,9.883644104003906,0.03389221057295799,9.275969219014415
15756844092,0,193.45838928222656,10.115531921386719,0.03389228880405426,9.276878828335002
15781844092,0,193.4619140625,10.347452163696289,0.0338919423520565,9.278208130948215
15806844092,0,193.46533203125,10.579408645629883,0.03389144688844681,9.279567594917795
15831844093,0,193.46868896484375,10.811396598815918,0.03389091417193413,9.280733634885204
15856844093,0,193.4720001220703,11.043408393859863,0.0338904932141304,9.28157805535126
15881844094,0,193.47525024414062,11.275436401367188,0.03389018774032593,9.282311036652484
15906844094,0,193.4784393310547,11.507486343383789,0.033890265971422195,9.283029383910595
15931844094,0,193.4815216064453,11.739554405212402,0.03389011323451996,9.283729141927362
15956844095,0,193.4845733642578,11.971638679504395,0.03389015048742294,9.28434417525861
15981844095,0,193.487548828125,12.203737258911133,0.03389030322432518,9.284891086870404
16006844095,0,193.490478515625,12.435850143432617,0.03389057144522667,9.285416059109615
16031844096,0,193.4933319091797,12.667981147766113,0.03389083966612816,9.286064177280188
16056844096,0,193.49612426757812,12.90013313293457,0.033890724182128906,9.287050009600854
16081844097,0,193.498779296875,13.132315635681152,0.0338904932141304,9.28819390854423
16106844097,0,193.50140380859375,13.36452579498291,0.03389030322432518,9.289251398067485
16131844097,0,193.50396728515625,13.596762657165527,0.03388996049761772,9.290278817754176
16156844098,0,193.50648498535156,13.829029083251953,0.03388961777091026,9.291604798989598
16181844098,0,193.50889587402344,14.061338424682617,0.0338890440762043,9.293297168218569
16206844098,0,193.51123046875,14.293696403503418,0.033888090401887894,9.295258323825966
16231844099,0,193.513427734375,14.526107788085938,0.03388706222176552,9.297457528184678
16256844099,0,193.5155487060547,14.75858211517334,0.03388580307364464,9.300027990954197
16281844099,0,193.51754760742188,14.991127967834473,0.03388427570462227,9.302874859280337
16306844100,0,193.5194091796875,15.22375202178955,0.03388259932398796,9.306073018894088
16331844100,0,193.52113342285156,15.456465721130371,0.03388076648116112,9.309692176606381
16356844101,0,193.5226287841797,15.689276695251465,0.0338786318898201,9.313612921113345
16381844101,0,193.52389526367188,15.922186851501465,0.033876609057188034,9.317493075401332
16406844101,0,193.52491760253906,16.155187606811523,0.033874738961458206,9.321031597419761
16431844102,0,193.5256805419922,16.38827896118164,0.033873289823532104,9.324511520940582
16456844102,0,193.52618408203125,16.62144660949707,0.03387218341231346,9.32755377193538
16481844102,0,193.5264434814453,16.85468292236328,0.0338716134428978,9.33026057203946
16506844103,0,193.52645874023438,17.087982177734375,0.0338716134428978,9.332652352781523
16531844103,0,193.52622985839844,17.321332931518555,0.033871956169605255,9.334536001913499
16556844104,0,193.52581787109375,17.554704666137695,0.03387317433953285,9.335082179040826
16581844104,0,193.52528381347656,17.788057327270508,0.03387558087706566,9.333968547775847
16606844104,0,193.5247039794922,18.021360397338867,0.03387904912233353,9.33172892133763
16631844105,0,193.52398681640625,18.254592895507812,0.033883437514305115,9.328858510824945
16656844105,0,193.52317810058594,18.48775291442871,0.03388816863298416,9.325855174982522
16681844105,0,193.52220153808594,18.720836639404297,0.03389263153076172,9.322842845074833
16706844106,0,193.5210723876953,18.953842163085938,0.033896978944540024,9.319893415135935
16731844106,0,193.519775390625,19.186784744262695,0.03390056639909744,9.317293995308919
16756844107,0,193.51829528808594,19.41966438293457,0.03390365466475487,9.314987260378143
16781844107,0,193.51669311523438,19.652494430541992,0.03390583023428917,9.31323733661267
16806844107,0,193.5149688720703,19.885299682617188,0.03390701115131378,9.312383530417982
16831844108,0,193.51324462890625,20.118101119995117,0.033907242119312286,9.312517375636386
16856844108,0,193.511474609375,20.350921630859375,0.033906400203704834,9.31334783808651
16881844108,0,193.50965881347656,20.583776473999023,0.033904723823070526,9.31483564197393
16906844109,0,193.5077667236328,20.816679000854492,0.033902358263731,9.316910802371023
16931844109,0,193.5058135986328,21.049646377563477,0.03389953449368477,9.319495943071075
16956844110,0,193.5037841796875,21.28268051147461,0.03389652073383331,9.322504696495601
16981844110,0,193.50169372558594,21.51580238342285,0.033893126994371414,9.325981554107088
17006844110,0,193.49954223632812,21.749019622802734,0.03388958051800728,9.329960766948087
17031844111,0,193.49734497070312,21.982341766357422,0.03388584032654762,9.334371435840595
17056844111,0,193.4949951171875,22.215776443481445,0.03388221561908722,9.338798312149132
17081844111,0,193.49256896972656,22.449310302734375,0.03387901186943054,9.342826923645825
17106844112,0,193.49005126953125,22.68293571472168,0.0338764563202858,9.346341965331971
17131844112,0,193.48741149902344,22.916635513305664,0.03387470170855522,9.34920904900947
17156844113,0,193.4846649169922,23.150392532348633,0.033873822540044785,9.3514790801358
17181844113,0,193.4817657470703,23.384199142456055,0.03387363255023956,9.353392058552496
17206844113,0,193.47879028320312,23.6180419921875,0.03387416899204254,9.354820254441071
17231844114,0,193.47567749023438,23.851911544799805,0.033875081688165665,9.355910811190677
17256844114,0,193.47244262695312,24.085800170898438,0.033876266330480576,9.356766937773777
17281844114,0,193.4690704345703,24.3197021484375,0.033877868205308914,9.35710752406561
17306844115,0,193.46560668945312,24.553598403930664,0.03387989103794098,9.356893777739753
17331844115,0,193.46200561523438,24.787479400634766,0.0338822565972805,9.356292399593244
17356844116,0,193.45835876464844,25.02134132385254,0.03388481214642525,9.355317993562341
17381844116,0,193.45472717285156,25.255165100097656,0.033887557685375214,9.353760547997734
17406844116,0,193.4510498046875,25.488943099975586,0.0338904932141304,9.351836579558107
17431844117,0,193.44735717773438,25.722667694091797,0.03389346972107887,9.349686917922241
17456844117,0,193.443603515625,25.956335067749023,0.033896446228027344,9.34748507690528
17481844117,0,193.43980407714844,26.18994903564453,0.03389926999807358,9.345374230263431
17506844118,0,193.43603515625,26.42350959777832,0.03390171006321907,9.343220664844422
17531844118,0,193.43228149414062,26.65701675415039,0.03390384465456009,9.340969767648229
17556844118,0,193.4285430908203,26.890464782714844,0.03390583023428917,9.338752670872346
17581844119,0,193.42483520507812,27.12386703491211,0.03390746936202049,9.336736185752104
17606844119,0,193.421142578125,27.35722541809082,0.03390869125723839,9.335150205499353
17631844120,0,193.41749572753906,27.590553283691406,0.03390926122665405,9.334203886245385
17656844120,0,193.41384887695312,27.823871612548828,0.03390907123684883,9.333760073059537
17681844120,0,193.41018676757812,28.05718231201172,0.03390853852033615,9.333559355304573
17706844121,0,193.40655517578125,28.29049301147461,0.033907584846019745,9.333517842464902
17731844121,0,193.40298461914062,28.523805618286133,0.033906515687704086,9.33354610192877
17756844121,0,193.39947509765625,28.757118225097656,0.033905524760484695,9.333558946164196
17781844122,0,193.3959503173828,28.990434646606445,0.03390441834926605,9.333590154791194
17806844122,0,193.39239501953125,29.22374725341797,0.03390342742204666,9.333473169973184
17831844123,0,193.3888397216797,29.457048416137695,0.0339028537273407,9.332983895975714
17856844123,0,193.38531494140625,29.690330505371094,0.03390270099043846,9.332180242641464
17881844123,0,193.38177490234375,29.923587799072266,0.033902816474437714,9.33113541259287
17906844124,0,193.37823486328125,30.156816482543945,0.03390315920114517,9.329730013098418
17931844124,0,193.3746795654297,30.38999366760254,0.033904075622558594,9.327687174785897
17956844124,0,193.37109375,30.62310791015625,0.03390564024448395,9.324967345044161
17981844125,0,193.36741638183594,30.856142044067383,0.033907584846019745,9.321753995831186
18006844125,0,193.36370849609375,31.08909034729004,0.03390979766845703,9.318333143068603
18031844126,0,193.35992431640625,31.321950912475586,0.03391208499670029,9.31484191415946
18056844126,0,193.35617065429688,31.554723739624023,0.03391433507204056,9.311161086858249
18081844126,0,193.35235595703125,31.787389755249023,0.033916931599378586,9.306911118311904
18106844127,0,193.3484344482422,32.01993942260742,0.0339195616543293,9.302111166729363
18131844127,0,193.34439086914062,32.25235366821289,0.033922500908374786,9.296393605455899
18156844127,0,193.34027099609375,32.48459243774414,0.033926352858543396,9.289390112264707
18181844128,0,193.33616638183594,32.71664810180664,0.03393051028251648,9.281996771596077
18206844128,0,193.33206176757812,32.94852828979492,0.033934593200683594,9.275136111988555
18231844129,0,193.32794189453125,33.18025207519531,0.03393798694014549,9.268992559594713
18256844129,0,193.32379150390625,33.41183090209961,0.03394046798348427,9.263337270566772
18281844129,0,193.3196563720703,33.643272399902344,0.03394229710102081,9.258007739142956
18306844130,0,193.31556701660156,33.874603271484375,0.033942945301532745,9.25364337658104
18331844130,0,193.31149291992188,34.105831146240234,0.03394309803843498,9.24943289274056
18356844130,0,193.3074951171875,34.33695602416992,0.033942755311727524,9.245432750772828
18381844131,0,193.3035888671875,34.56800079345703,0.03394180163741112,9.242390104953426
18406844131,0,193.2997283935547,34.79899215698242,0.03393985703587532,9.240479662173259
18431844132,0,193.29586791992188,35.02995681762695,0.03393707051873207,9.239481804595595
18456844132,0,193.2920684814453,35.26090621948242,0.033933792263269424,9.239113564170633
18481844132,0,193.2882537841797,35.49185562133789,0.03392989933490753,9.23893086234309
18506844133,0,193.28453063964844,35.722801208496094,0.03392627462744713,9.238800194674852
18531844133,0,193.28085327148438,35.953739166259766,0.03392276540398598,9.238625821575235
18556844133,0,193.2772216796875,36.18466567993164,0.03391990438103676,9.238053287684604
18581844134,0,193.2736053466797,36.41558074951172,0.03391742706298828,9.237495766764962
18606844134,0,193.2699432373047,36.646484375,0.03391509875655174,9.237372097980684
18631844135,0,193.26626586914062,36.87739562988281,0.03391292318701744,9.237378107555374
18656844135,0,193.26258850097656,37.108299255371094,0.03391101583838463,9.237277220632444
18681844135,0,193.25894165039062,37.33919906616211,0.033909302204847336,9.237220441305967
18706844136,0,193.2552947998047,37.57010269165039,0.033907774835824966,9.237152295875196
18731844136,0,193.25160217285156,37.80099868774414,0.033906515687704086,9.236946041251771
18756844136,0,193.24790954589844,38.03189468383789,0.03390548750758171,9.236776171252673
18781844137,0,193.24415588378906,38.262779235839844,0.033904533833265305,9.236554280835088
18806844137,0,193.2404022216797,38.493656158447266,0.03390377014875412,9.236337286058626
18831844137,0,193.2366180419922,38.72452926635742,0.03390323743224144,9.236034140240317
18856844138,0,193.2328338623047,38.95539093017578,0.03390277922153473,9.235701714882506
18881844138,0,193.2289581298828,39.186248779296875,0.03390239551663399,9.235464971134869
18906844139,0,193.22503662109375,39.4171028137207,0.03390193730592728,9.235572035592124
18931844139,0,193.2209930419922,39.64796447753906,0.03390133008360863,9.235878283117474
18956844139,0,193.21693420410156,39.87883758544922,0.033900413662195206,9.236657274342571
18981844140,0,193.2128448486328,40.1097412109375,0.033899229019880295,9.23792507980764
19006844140,0,193.2086639404297,40.34068298339844,0.03389766439795494,9.239575608669881
19031844140,0,193.2044677734375,40.57167434692383,0.03389579802751541,9.241525407596466
19056844141,0,193.20021057128906,40.80271530151367,0.033893849700689316,9.243769831333719
19081844141,0,193.19590759277344,41.033817291259766,0.0338917151093483,9.246101194288377
19106844142,0,193.19161987304688,41.26498031616211,0.033889807760715485,9.24845398047045
19131844142,0,193.1873321533203,41.49620056152344,0.03388797864317894,9.250899336147492
19156844142,0,193.1830596923828,41.72748947143555,0.03388599306344986,9.253797380954822
19181844143,0,193.17881774902344,41.958866119384766,0.03388374298810959,9.25765723752993
19206844143,0,193.17466735839844,42.19036102294922,0.03388095647096634,9.262413134065467
19231844143,0,193.1705780029297,42.4219856262207,0.033877525478601456,9.267813739879424
19256844144,0,193.16656494140625,42.65375518798828,0.03387416899204254,9.27305020552308
19281844144,0,193.16265869140625,42.885643005371094,0.03387092426419258,9.278201761018165
19306844145,0,193.158935546875,43.11766815185547,0.03386802598834038,9.283410700337674
19331844145,0,193.15536499023438,43.34982681274414,0.03386516496539116,9.289027062387541
19356844145,0,193.1519317626953,43.5821418762207,0.03386237844824791,9.29498516568394
19381844146,0,193.14852905273438,43.814613342285156,0.033859822899103165,9.301062690170681
19406844146,0,193.1452178955078,44.0472297668457,0.03385734558105469,9.307039622137976
