ts,agent_id,x,y,z,v
1658930111,0,192.36241149902344,-86.26268005371094,0.4383743107318878,0.0
1683930112,0,192.36241149902344,-86.26268005371094,0.3787320554256439,0.0
1708930112,0,192.36241149902344,-86.26268005371094,0.31298086047172546,0.0
1733930112,0,192.36241149902344,-86.26268005371094,0.24112220108509064,0.0
1758930113,0,192.36241149902344,-86.26268005371094,0.16315768659114838,0.0
1783930113,0,192.36241149902344,-86.26268005371094,0.08290393650531769,0.0
1808930113,0,192.36241149902344,-86.26268005371094,0.026514854282140732,3.6411691175435233e-08
1833930114,0,192.36241149902344,-86.26268005371094,-0.008726844564080238,8.501279788857057e-08
1858930114,0,192.36241149902344,-86.26268005371094,-0.029134521260857582,4.065839603278736e-08
1883930115,0,192.36241149902344,-86.26268005371094,-0.03932075574994087,8.345397264409742e-08
1908930115,0,192.36241149902344,-86.26268005371094,-0.04107673466205597,0.0002859531236359584
1933930115,0,192.36244201660156,-86.26265716552734,-0.03865554556250572,0.0011591102594848365
1958930116,0,192.36241149902344,-86.26264190673828,-0.03404334932565689,0.0004834529294969904
1983930116,0,192.36241149902344,-86.26263427734375,-0.028247259557247162,0.00013368584958831317
2008930116,0,192.36241149902344,-86.26263427734375,-0.02195255272090435,4.487856582844256e-05
2033930117,0,192.36241149902344,-86.26263427734375,-0.015612220391631126,0.00012745467287804315
2058930117,0,192.36241149902344,-86.26263427734375,-0.009513778612017632,0.00016158015265656424
2083930118,0,192.36244201660156,-86.26264190673828,-0.003827972337603569,0.0001695976680516858
2108930118,0,192.36244201660156,-86.26264190673828,0.0013550185831263661,0.00016425045731597449
2133930118,0,192.36244201660156,-86.26264190673828,0.006000022869557142,0.00015269337977576132
2158930119,0,192.36244201660156,-86.26265716552734,0.01010768860578537,0.00013913253855164442
2183930119,0,192.36244201660156,-86.26265716552734,0.013701400719583035,0.00012408487259463717
2208930119,0,192.36244201660156,-86.26265716552734,0.016817854717373848,0.00011042020706268552
2233930120,0,192.36245727539062,-86.26266479492188,0.01950054056942463,9.723329776959363e-05
2258930120,0,192.36245727539062,-86.26266479492188,0.021795349195599556,8.577661460220467e-05
2283930120,0,192.36245727539062,-86.26266479492188,0.023747749626636505,7.500717173901916e-05
2308930121,0,192.36245727539062,-86.26266479492188,0.02540103904902935,6.566618758769923e-05
2333930121,0,192.36245727539062,-86.2626724243164,0.026795310899615288,5.718202772870909e-05
2358930122,0,192.36245727539062,-86.2626724243164,0.02796676568686962,4.997872308213896e-05
2383930122,0,192.36245727539062,-86.2626724243164,0.028947867453098297,4.339498860817741e-05
2408930122,0,192.36245727539062,-86.2626724243164,0.0297671128064394,3.82946589732088e-05
2433930123,0,192.36245727539062,-86.2626724243164,0.030449332669377327,3.3348524690541543e-05
2458930123,0,192.36245727539062,-86.2626724243164,0.03101608157157898,2.909833458656378e-05
2483930123,0,192.36245727539062,-86.2626724243164,0.03148593753576279,2.5366531285673923e-05
2508930124,0,192.36245727539062,-86.2626724243164,0.031874656677246094,2.1850341804221082e-05
2533930124,0,192.36245727539062,-86.2626724243164,0.032195623964071274,1.8775959929948795e-05
2558930125,0,192.36245727539062,-86.2626724243164,0.03246017545461655,1.680389052127331e-05
2583930125,0,192.36245727539062,-86.2626724243164,0.03267795592546463,1.4201088249185874e-05
2608930125,0,192.36245727539062,-86.2626724243164,0.03285682573914528,1.2628406161062257e-05
2633930126,0,192.36245727539062,-86.2626724243164,0.033003728836774826,1.1255989009770366e-05
2658930126,0,192.36245727539062,-86.2626724243164,0.033124085515737534,9.593549610994866e-06
2683930126,0,192.36245727539062,-86.2626724243164,0.03322257846593857,7.86701952167237e-06
2708930127,0,192.36245727539062,-86.2626724243164,0.03330310806632042,7.000202756569003e-06
2733930127,0,192.36245727539062,-86.2626724243164,0.033368948847055435,5.8428568204214e-06
2758930128,0,192.36245727539062,-86.2626724243164,0.03342258557677269,5.466095201293041e-06
2783930128,0,192.36245727539062,-86.26268005371094,0.033466413617134094,4.929046553787067e-06
2808930128,0,192.36245727539062,-86.26268005371094,0.0334714874625206,4.065967027200553e-07
2833930129,0,192.36245727539062,-86.26268005371094,0.0334848016500473,3.2511319265474415e-07
2858930129,0,192.36245727539062,-86.26268005371094,0.03350048139691353,3.7976748840541587e-07
2883930129,0,192.36245727539062,-86.26268005371094,0.033516958355903625,4.124090725514268e-07
2908930130,0,192.36245727539062,-86.26268005371094,0.033533286303281784,4.4512392545777017e-07
2933930130,0,192.36245727539062,-86.26268005371094,0.03354877233505249,3.6109776694687703e-07
2958930131,0,192.36245727539062,-86.26268005371094,0.0335630401968956,2.5414933712599563e-07
2983930131,0,192.36245727539062,-86.26268005371094,0.03357597440481186,2.9212449906203274e-07
3008930131,0,192.36245727539062,-86.26268005371094,0.03358745574951172,2.12624365466357e-07
3033930132,0,192.36245727539062,-86.26268005371094,0.033597640693187714,2.203519840300265e-07
3058930132,0,192.36245727539062,-86.26268005371094,0.03360656648874283,1.5618608349211312e-07
3083930132,0,192.36245727539062,-86.26268005371094,0.03361419588327408,1.3778700536110963e-07
3108930133,0,192.36245727539062,-86.26268005371094,0.03362075611948967,1.2517462742941868e-07
3133930133,0,192.36245727539062,-86.26268005371094,0.03362640365958214,1.6405815285558472e-07
3158930134,0,192.36245727539062,-86.26268005371094,0.033631209284067154,7.908497007350097e-08
3183930134,0,192.36245727539062,-86.26268005371094,0.033635254949331284,1.1800252031572172e-07
3208930134,0,192.36245727539062,-86.26268005371094,0.0336386114358902,4.316831452966847e-08
3233930135,0,192.36245727539062,-86.26268005371094,0.0336386114358902,1.3395137909400028e-07
3258930135,0,192.36245727539062,-86.26268005371094,0.03364013507962227,1.7723283157803387e-07
3283930135,0,192.36245727539062,-86.26268005371094,0.0336415097117424,6.175942919923051e-08
3308930136,0,192.36245727539062,-86.26268005371094,0.0336429588496685,4.01303024203898e-08
3333930136,0,192.36245727539062,-86.26268005371094,0.033644333481788635,3.2244194965486365e-08
3358930137,0,192.36245727539062,-86.26268005371094,0.03364570438861847,1.7641116132441373e-07
3383930137,0,192.36245727539062,-86.26268005371094,0.033647000789642334,9.849913028092866e-08
3408930137,0,192.36245727539062,-86.26268005371094,0.03364814817905426,1.932572773597147e-07
3433930138,0,192.36245727539062,-86.26268005371094,0.033649176359176636,4.351691778121388e-08
3458930138,0,192.36245727539062,-86.26268005371094,0.033649176359176636,3.951446644169616e-08
3483930138,0,192.36245727539062,-86.26268005371094,0.03365089371800423,7.916406907476342e-08
3508930139,0,192.36245727539062,-86.26268005371094,0.03365089371800423,5.791446823647995e-08
3533930139,0,192.36245727539062,-86.26268005371094,0.03365219011902809,4.724458598870869e-08
3558930139,0,192.36245727539062,-86.26268005371094,0.03365219011902809,6.096121077314773e-08
3583930140,0,192.36245727539062,-86.26268005371094,0.03365219011902809,1.7472756892866548e-07
3608930140,0,192.36245727539062,-86.26268005371094,0.03365344926714897,9.105387389316173e-08
3633930141,0,192.36245727539062,-86.26268005371094,0.03365344926714897,3.2609653811782855e-08
3658930141,0,192.36245727539062,-86.26268005371094,0.03365344926714897,5.5042682759566105e-08
3683930141,0,192.36245727539062,-86.26268005371094,0.03365344926714897,9.735483986037013e-08
3708930142,0,192.36245727539062,-86.26268005371094,0.03365344926714897,4.7710424076777015e-09
3733930142,0,192.36245727539062,-86.26268005371094,0.03365344926714897,5.6700461924008475e-09
3758930142,0,192.36245727539062,-86.26268005371094,0.03365344926714897,5.2539778166911935e-09
3783930143,0,192.36245727539062,-86.26268005371094,0.03365344926714897,4.882584920182186e-09
3808930143,0,192.36245727539062,-86.26268005371094,0.03365451842546463,4.853729201125368e-09
3833930144,0,192.36245727539062,-86.26268005371094,0.03365451842546463,1.9611653630078103e-08
3858930144,0,192.36245727539062,-86.26268005371094,0.03365451842546463,4.1511053288238065e-09
3883930144,0,192.36245727539062,-86.26268005371094,0.03365451842546463,4.5572550124064396e-09
3908930145,0,192.36245727539062,-86.26268005371094,0.03365451842546463,5.1143869762984635e-09
3933930145,0,192.36245727539062,-86.26268005371094,0.03365451842546463,5.7913525482182714e-09
3958930145,0,192.36245727539062,-86.26266479492188,0.03365619480609894,0.0013512446991844403
3983930146,0,192.36251831054688,-86.25653839111328,0.03353576734662056,0.31999338016211
4008930146,0,192.3626708984375,-86.2425537109375,0.03333129733800888,0.6297436925033891
4033930147,0,192.36289978027344,-86.22097778320312,0.03309173509478569,0.9298441125356984
4058930147,0,192.36317443847656,-86.19208526611328,0.03284671530127525,1.2198700525231747
4083930147,0,192.36355590820312,-86.1561508178711,0.032614972442388535,1.499539010672899
4108930148,0,192.36398315429688,-86.11343383789062,0.03240608051419258,1.7686827606229416
4133930148,0,192.36448669433594,-86.064208984375,0.03222491964697838,2.027234375236402
4158930148,0,192.36505126953125,-86.00873565673828,0.032073210924863815,2.2752174109591783
4183930149,0,192.3656768798828,-85.94729614257812,0.031950414180755615,2.5127417668487673
4208930149,0,192.36634826660156,-85.880126953125,0.031854819506406784,2.7399891732189747
4233930150,0,192.36708068847656,-85.80748748779297,0.03178394213318825,2.9572089020045307
4258930150,0,192.3678741455078,-85.7296142578125,0.03173530474305153,3.1647063925977337
4283930150,0,192.36868286132812,-85.64674377441406,0.03170612081885338,3.362833723925132
4308930151,0,192.3695526123047,-85.55911254882812,0.03169376403093338,3.551981773073883
4333930151,0,192.37042236328125,-85.46693420410156,0.03169574588537216,3.732567447627979
4358930151,0,192.371337890625,-85.37039184570312,0.03170963376760483,3.905028245165933
4383930152,0,192.372314453125,-85.26968383789062,0.03173351287841797,4.069913847792504
4408930152,0,192.373291015625,-85.16498565673828,0.031765058636665344,4.227952496336002
4433930153,0,192.3743133544922,-85.05647277832031,0.03180255740880966,4.379579506955372
4458930153,0,192.37535095214844,-84.94427490234375,0.03184490278363228,4.52513230545444
4483930153,0,192.3763427734375,-84.82855987548828,0.03189060091972351,4.6649381138469845
4508930154,0,192.3773651123047,-84.7094497680664,0.03193855285644531,4.799336737088798
4533930154,0,192.37838745117188,-84.58708190917969,0.03198810666799545,4.928660304769614
4558930154,0,192.37945556640625,-84.46156311035156,0.03203834593296051,5.053234048975599
4583930155,0,192.3805389404297,-84.33299255371094,0.03235050290822983,5.174461490993222
4608930155,0,192.38162231445312,-84.20149993896484,0.032552529126405716,5.2909270819060294
4633930156,0,192.3827362060547,-84.06715393066406,0.03268279880285263,5.4035196088199315
4658930156,0,192.38388061523438,-83.9300537109375,0.032766569405794144,5.512501336918961
4683930156,0,192.38507080078125,-83.79029846191406,0.03282085433602333,5.618129259289588
4708930157,0,192.38629150390625,-83.64796447753906,0.032857056707143784,5.720650629666593
4733930157,0,192.3874969482422,-83.50311279296875,0.03288215398788452,5.820292767391235
4758930157,0,192.3887481689453,-83.35581970214844,0.03290111571550369,5.917271182877257
4783930158,0,192.38999938964844,-83.2061538696289,0.03291637450456619,6.011785014715232
4808930158,0,192.39126586914062,-83.05416107177734,0.032930221408605576,6.104017860645845
4833930158,0,192.392578125,-82.89990234375,0.03294326737523079,6.194139466243823
4858930159,0,192.3939208984375,-82.74341583251953,0.032956503331661224,6.282304766480395
4883930159,0,192.395263671875,-82.58476257324219,0.03296978026628494,6.368657762109486
4908930160,0,192.39662170410156,-82.42398071289062,0.03298351168632507,6.453330122965357
4933930160,0,192.39796447753906,-82.26112365722656,0.032997436821460724,6.536439420324034
4958930160,0,192.39930725097656,-82.09619903564453,0.03301139920949936,6.618097215555679
4983930161,0,192.400634765625,-81.92926788330078,0.033025626093149185,6.698394586899852
5008930161,0,192.4019317626953,-81.76033782958984,0.03303974121809006,6.777433887174385
5033930161,0,192.40321350097656,-81.58946228027344,0.03305358812212944,6.855294997038595
5058930162,0,192.40451049804688,-81.41665649414062,0.033067360520362854,6.932054409127419
5083930162,0,192.40573120117188,-81.24195098876953,0.03308086469769478,7.007777731194096
5108930163,0,192.406982421875,-81.06537628173828,0.03309386968612671,7.0825312104757066
5133930163,0,192.4082794189453,-80.8869400024414,0.03310646116733551,7.15636914619618
5158930163,0,192.40956115722656,-80.70668029785156,0.0331185907125473,7.2293456073469615
5183930164,0,192.41085815429688,-80.52460479736328,0.033130377531051636,7.301505352528703
5208930164,0,192.412109375,-80.34075164794922,0.033141668885946274,7.372889007019772
5233930164,0,192.4132843017578,-80.15511322021484,0.033152464777231216,7.443540400480588
5258930165,0,192.4144287109375,-79.96772766113281,0.03316280245780945,7.5134937150893775
5283930165,0,192.41554260253906,-79.77860260009766,0.03317252919077873,7.582793350813358
5308930166,0,192.41664123535156,-79.58775329589844,0.03318195417523384,7.651459373998065
5333930166,0,192.41775512695312,-79.39520263671875,0.03319084271788597,7.71952015099419
5358930166,0,192.41883850097656,-79.20095825195312,0.033199384808540344,7.787000589860232
5383930167,0,192.41993713378906,-79.00504302978516,0.03320762515068054,7.853921833923015
5408930167,0,192.4209747314453,-78.80745697021484,0.03321529179811478,7.920307196780061
5433930167,0,192.42201232910156,-78.60822296142578,0.0332225039601326,7.986171358514839
5458930168,0,192.42298889160156,-78.4073486328125,0.0332295224070549,8.051874230217226
5483930168,0,192.42398071289062,-78.2063217163086,0.03326858580112457,8.044266351494331
5508930169,0,192.42494201660156,-78.00535583496094,0.033325958997011185,8.040120533749462
5533930169,0,192.42588806152344,-77.80448150634766,0.03338992968201637,8.036830721374981
5558930169,0,192.42681884765625,-77.60366821289062,0.033453598618507385,8.033786955421013
5583930170,0,192.427734375,-77.4029312133789,0.03351348638534546,8.030815126084246
5608930170,0,192.42864990234375,-77.2022705078125,0.03356796130537987,8.027866367121261
5633930170,0,192.42955017089844,-77.00167083740234,0.03361675143241882,8.024925551625108
5658930171,0,192.43048095703125,-76.80113220214844,0.03365974500775337,8.02198627038548
5683930171,0,192.43145751953125,-76.60066986083984,0.03369739279150963,8.01904692773279
5708930172,0,192.4324493408203,-76.40027618408203,0.033729858696460724,8.016107640944396
5733930172,0,192.4335479736328,-76.19995880126953,0.0337580107152462,8.013165721223064
5758930172,0,192.43466186523438,-75.99970245361328,0.03378234803676605,8.010232790010292
5783930173,0,192.43585205078125,-75.79952239990234,0.03380325064063072,8.00729461609239
5808930173,0,192.43707275390625,-75.59941101074219,0.033821143209934235,8.004366200820627
5833930173,0,192.43829345703125,-75.39937591552734,0.033836670219898224,8.001436789396447
5858930174,0,192.43955993652344,-75.19940948486328,0.03384979069232941,7.998508941969794
5883930174,0,192.44088745117188,-74.99951171875,0.03386123478412628,7.995577299770831
5908930175,0,192.4423065185547,-74.79969787597656,0.033870961517095566,7.992650997030445
5933930175,0,192.44374084472656,-74.59994506835938,0.033879201859235764,7.989727575054003
5958930175,0,192.4451904296875,-74.4002685546875,0.033886414021253586,7.9868074015792665
5983930176,0,192.44659423828125,-74.19991302490234,0.033874090760946274,8.04269128066162
6008930176,0,192.44802856445312,-73.99671936035156,0.03380988910794258,8.15310621192559
6033930176,0,192.449462890625,-73.79084014892578,0.0337248221039772,8.258934159611128
6058930177,0,192.45091247558594,-73.58238983154297,0.033635977655649185,8.360685609407048
6083930177,0,192.45237731933594,-73.3714599609375,0.0335521325469017,8.458683040588898
6108930177,0,192.45382690429688,-73.15815734863281,0.033477362245321274,8.55321679190457
6133930178,0,192.45523071289062,-72.94257354736328,0.03341331332921982,8.644060932727069
6158930178,0,192.45657348632812,-72.72481536865234,0.033361244946718216,8.729920822576469
6183930179,0,192.45787048339844,-72.50501251220703,0.033320654183626175,8.810842516751073
6208930179,0,192.45913696289062,-72.28331756591797,0.033291395753622055,8.885450120100003
6233930179,0,192.46038818359375,-72.05988311767578,0.033273275941610336,8.953752927331145
6258930180,0,192.4615936279297,-71.8348388671875,0.03326480835676193,9.017077795685937
6283930180,0,192.46282958984375,-71.60834503173828,0.033264923840761185,9.073876910981248
6308930180,0,192.4640655517578,-71.38053894042969,0.03327266499400139,9.125291868187649
6333930181,0,192.4652862548828,-71.15153503417969,0.03328616917133331,9.172411297089289
6358930181,0,192.46653747558594,-70.92141723632812,0.03330402448773384,9.216211487169941
6383930182,0,192.46783447265625,-70.69026947021484,0.033324699848890305,9.256437055303646
6408930182,0,192.4691619873047,-70.45819854736328,0.03334815800189972,9.292496620215472
6433930182,0,192.4705047607422,-70.22531127929688,0.03337394818663597,9.32379805340242
6458930183,0,192.4718475341797,-69.99175262451172,0.03340255841612816,9.349445106282902
6483930183,0,192.47320556640625,-69.7576675415039,0.0334341786801815,9.369592374685812
6508930183,0,192.474609375,-69.52316284179688,0.033467862755060196,9.384904075815621
6533930184,0,192.47607421875,-69.28837585449219,0.03350360691547394,9.395161308327447
6558930184,0,192.47760009765625,-69.05341339111328,0.03354053571820259,9.40136651407798
6583930185,0,192.47923278808594,-68.818359375,0.0335782989859581,9.403890568285256
6608930185,0,192.48098754882812,-68.58330535888672,0.033615682274103165,9.403556972422484
6633930185,0,192.48284912109375,-68.34832000732422,0.03365268558263779,9.399663062718034
6658930186,0,192.48472595214844,-68.1135025024414,0.03368957340717316,9.391783706189662
6683930186,0,192.48663330078125,-67.87893676757812,0.03372562304139137,9.381435086843368
6708930186,0,192.4886932373047,-67.6446762084961,0.033760640770196915,9.368298227393824
6733930187,0,192.49087524414062,-67.41083526611328,0.03379550948739052,9.35053366744779
6758930187,0,192.49313354492188,-67.17750549316406,0.03383037447929382,9.329191599021588
6783930188,0,192.4954833984375,-66.94474792480469,0.03386451676487923,9.305946142371006
6808930188,0,192.497802734375,-66.71256256103516,0.03389614075422287,9.283459258232977
6833930188,0,192.5001983642578,-66.48091888427734,0.033924177289009094,9.262021900345625
6858930189,0,192.5026397705078,-66.24978637695312,0.03394820913672447,9.24161368182343
6883930189,0,192.50511169433594,-66.01913452148438,0.03396812453866005,9.222406913666836
6908930189,0,192.50755310058594,-65.78893280029297,0.03398418426513672,9.20444199311727
6933930190,0,192.5099639892578,-65.55916595458984,0.033996619284152985,9.187314283291673
6958930190,0,192.51229858398438,-65.32981872558594,0.03400657698512077,9.170581214085082
6983930191,0,192.5146484375,-65.10089111328125,0.03401462361216545,9.153498902998601
7008930191,0,192.5170135498047,-64.87239837646484,0.03402126207947731,9.136145075184515
7033930191,0,192.51934814453125,-64.64434051513672,0.03402721509337425,9.118164501212465
7058930192,0,192.52169799804688,-64.41676330566406,0.034033048897981644,9.099066509711747
7083930192,0,192.52403259277344,-64.18966674804688,0.034038618206977844,9.07989377175468
7108930192,0,192.52633666992188,-63.963035583496094,0.03404361754655838,9.06116378550915
7133930193,0,192.52862548828125,-63.73687744140625,0.034047964960336685,9.042142267092364
7158930193,0,192.53085327148438,-63.51121520996094,0.03405235335230827,9.021855510169882
7183930194,0,192.5330810546875,-63.28612518310547,0.03405826538801193,8.997900758432674
7208930194,0,192.53530883789062,-63.061683654785156,0.0340658575296402,8.971856768205443
7233930194,0,192.5375213623047,-62.8379020690918,0.03407447785139084,8.94515974451586
7258930195,0,192.53970336914062,-62.61480712890625,0.034083519130945206,8.917449514179726
7283930195,0,192.5419158935547,-62.39241027832031,0.03409256041049957,8.889741645593496
7308930195,0,192.54408264160156,-62.1706657409668,0.03410014882683754,8.864008413832641
7333930196,0,192.54624938964844,-61.94953155517578,0.03410537540912628,8.840406398620727
7358930196,0,192.54847717285156,-61.72895812988281,0.03410862013697624,8.81793658284154
7383930196,0,192.55072021484375,-61.5089111328125,0.03410942107439041,8.797265609240252
7408930197,0,192.55300903320312,-61.28934860229492,0.03410838916897774,8.777944419068712
7433930197,0,192.5552520751953,-61.07025146484375,0.03410579636693001,8.759670804448865
7458930198,0,192.5574951171875,-60.85160827636719,0.03410240262746811,8.741349420405308
7483930198,0,192.55979919433594,-60.633445739746094,0.034099120646715164,8.722521596366168
7508930198,0,192.56222534179688,-60.415740966796875,0.03409595414996147,8.704048222283571
7533930199,0,192.5647735595703,-60.198490142822266,0.03409278765320778,8.686234410914961
7558930199,0,192.56752014160156,-59.981658935546875,0.034088972955942154,8.67004165578042
7583930199,0,192.57037353515625,-59.765193939208984,0.0340840145945549,8.655826412995676
7608930200,0,192.57321166992188,-59.54904556274414,0.034077566117048264,8.643900695290423
7633930200,0,192.57611083984375,-59.3331298828125,0.03406921401619911,8.635122624380857
7658930201,0,192.57899475097656,-59.11736297607422,0.0340583398938179,8.630125763004974
7683930201,0,192.5818634033203,-58.90165710449219,0.03404529392719269,8.627344177331056
7708930201,0,192.58470153808594,-58.68604278564453,0.03403186798095703,8.62424085711711
7733930202,0,192.58750915527344,-58.47050094604492,0.034019164741039276,8.621075868498135
7758930202,0,192.5904998779297,-58.255165100097656,0.0340103916823864,8.608723869805116
7783930202,0,192.59378051757812,-58.04066848754883,0.03401752561330795,8.569692311822424
7808930203,0,192.59716796875,-57.82765579223633,0.034046247601509094,8.504874366820168
7833930203,0,192.600341796875,-57.616756439208984,0.03409820422530174,8.414251743693134
7858930204,0,192.6032257080078,-57.40834045410156,0.034165993332862854,8.320332377843643
7883930204,0,192.6059112548828,-57.20133972167969,0.03421565890312195,8.273396070301366
7908930204,0,192.6085968017578,-56.99469757080078,0.034230802208185196,8.267608042716747
7933930205,0,192.6112823486328,-56.78809356689453,0.03422141820192337,8.263912598841435
7958930205,0,192.6139678955078,-56.58156204223633,0.03419994190335274,8.26070983458024
7983930205,0,192.61656188964844,-56.37509536743164,0.03417346999049187,8.257630582058496
8008930206,0,192.619140625,-56.16870880126953,0.03414596617221832,8.254589587307766
8033930206,0,192.62167358398438,-55.9623908996582,0.0341193750500679,8.251560226369437
8058930207,0,192.62423706054688,-55.75615692138672,0.03409484773874283,8.248534613142052
8083930207,0,192.6267852783203,-55.54999542236328,0.03407272323966026,8.245510557247252
8108930207,0,192.62936401367188,-55.34391403198242,0.03405311331152916,8.242486864013038
8133930208,0,192.63198852539062,-55.13791275024414,0.0340360626578331,8.239465170417377
8158930208,0,192.6345977783203,-54.93199157714844,0.034020956605672836,8.236443359314874
8183930208,0,192.63726806640625,-54.72614288330078,0.034008100628852844,8.233423751355321
8208930209,0,192.63995361328125,-54.519447326660156,0.03397667035460472,8.27776387532436
8233930209,0,192.6427459716797,-54.311683654785156,0.0339333713054657,8.32075431757294
8258930210,0,192.64564514160156,-54.102821350097656,0.033885687589645386,8.365078251184638
8283930210,0,192.6486053466797,-53.892826080322266,0.033837735652923584,8.410567541151412
8308930210,0,192.6516571044922,-53.68167495727539,0.03379169479012489,8.457043315103805
8333930211,0,192.65475463867188,-53.4693489074707,0.033748969435691833,8.504331939604244
8358930211,0,192.65798950195312,-53.25583267211914,0.03370979055762291,8.55216938822713
8383930211,0,192.6614227294922,-53.04113006591797,0.03367462009191513,8.6001527916772
8408930212,0,192.66505432128906,-52.82523727416992,0.03364372253417969,8.647858825528992
8433930212,0,192.66876220703125,-52.60817337036133,0.03361690416932106,8.694783268626948
8458930213,0,192.6725311279297,-52.389949798583984,0.03359439596533775,8.740826840496466
8483930213,0,192.67628479003906,-52.17060089111328,0.033575475215911865,8.786134195432075
8508930213,0,192.6800994873047,-51.95014190673828,0.033560484647750854,8.830096028399849
8533930214,0,192.68386840820312,-51.72861099243164,0.033549077808856964,8.872345972361554
8558930214,0,192.68765258789062,-51.50607681274414,0.03354114294052124,8.912489517638601
8583930214,0,192.69140625,-51.2825813293457,0.03353683277964592,8.950105770367324
8608930215,0,192.69503784179688,-51.0582160949707,0.03353668004274368,8.98380223644
8633930215,0,192.69851684570312,-50.83311462402344,0.03354122117161751,9.012047018544086
8658930215,0,192.70188903808594,-50.60752487182617,0.033553656190633774,9.027130781213584
8683930216,0,192.70530700683594,-50.38211441040039,0.0335838682949543,9.013152823914375
8708930216,0,192.70864868164062,-50.15757751464844,0.033636245876550674,8.97221073181781
8733930217,0,192.7118377685547,-49.93439483642578,0.03370678052306175,8.91900587040063
8758930217,0,192.71490478515625,-49.71205139160156,0.033771857619285583,8.891417430577098
8783930217,0,192.71786499023438,-49.490081787109375,0.033820874989032745,8.877442310871162
8808930218,0,192.72071838378906,-49.268470764160156,0.03385837376117706,8.862742029683707
8833930218,0,192.7234344482422,-49.04718017578125,0.03388725221157074,8.85000641330477
8858930218,0,192.72604370117188,-48.8261604309082,0.03390872851014137,8.839745499018747
8883930219,0,192.72854614257812,-48.6053466796875,0.0339236818253994,8.831656540699365
8908930219,0,192.7310333251953,-48.384700775146484,0.03393371403217316,8.825115676767595
8933930220,0,192.73345947265625,-48.16420364379883,0.03394008427858353,8.81933946611953
8958930220,0,192.73587036132812,-47.94384002685547,0.03394409269094467,8.813613342411356
8983930220,0,192.73834228515625,-47.72361373901367,0.03394641727209091,8.808701555040862
9008930221,0,192.74078369140625,-47.50345993041992,0.03394660726189613,8.806049452949873
9033930221,0,192.7433319091797,-47.28330993652344,0.0339437872171402,8.807239484861075
9058930221,0,192.74598693847656,-47.06305694580078,0.033937644213438034,8.812075855583993
9083930222,0,192.748779296875,-46.84262466430664,0.03392860293388367,8.819472238190755
9108930222,0,192.7516632080078,-46.621986389160156,0.03391769155859947,8.828235816192873
9133930223,0,192.75460815429688,-46.40111541748047,0.03390602022409439,8.837553607190348
9158930223,0,192.75770568847656,-46.179988861083984,0.033894117921590805,8.848107753327168
9183930223,0,192.76112365722656,-45.95859909057617,0.03388221561908722,8.85953339736985
9208930224,0,192.76475524902344,-45.73689270019531,0.033870428800582886,8.871972105792231
9233930224,0,192.76849365234375,-45.51486587524414,0.03385906293988228,8.885390696995906
9258930224,0,192.77227783203125,-45.29248809814453,0.03384777158498764,8.899563483133262
9283930225,0,192.77610778808594,-45.069759368896484,0.033837202936410904,8.914050950465167
9308930225,0,192.77999877929688,-44.84665298461914,0.03382720798254013,8.928911072203478
9333930226,0,192.78396606445312,-44.62318801879883,0.03381839767098427,8.943455892270046
9358930226,0,192.78797912597656,-44.39936447143555,0.033810731023550034,8.957702597414448
9383930226,0,192.7921600341797,-44.17519760131836,0.033804167062044144,8.971728370912402
9408930227,0,192.7963409423828,-43.95068359375,0.0337989404797554,8.985166166151766
9433930227,0,192.80044555664062,-43.72586441040039,0.03379535675048828,8.996992985929205
9458930227,0,192.80455017089844,-43.50080490112305,0.03379436582326889,9.00541118939269
9483930228,0,192.80860900878906,-43.27565383911133,0.03379760682582855,9.008238337116088
9508930228,0,192.8126983642578,-43.05050277709961,0.03380512073636055,9.007328705312009
9533930229,0,192.81675720214844,-42.8254280090332,0.03381591662764549,9.003686871565439
9558930229,0,192.82086181640625,-42.600486755371094,0.03382907807826996,8.997909476485278
9583930229,0,192.8249053955078,-42.37571716308594,0.033843498677015305,8.990803715309047
9608930230,0,192.8289337158203,-42.15110778808594,0.03385742008686066,8.984917988909483
9633930230,0,192.8329620361328,-41.926597595214844,0.03386901691555977,8.981675412720092
9658930230,0,192.83700561523438,-41.702117919921875,0.03387744724750519,8.980750373728974
9683930231,0,192.84103393554688,-41.477622985839844,0.03388248383998871,8.982016844476725
9708930231,0,192.844970703125,-41.2530403137207,0.033884428441524506,8.985615379233904
9733930232,0,192.84890747070312,-41.02833557128906,0.0338834747672081,8.991260306420386
9758930232,0,192.8528289794922,-40.803443908691406,0.03387989103794098,8.998875668243915
9783930232,0,192.85679626464844,-40.578330993652344,0.03387443348765373,9.008015266949348
9808930233,0,192.86077880859375,-40.35296630859375,0.033867452293634415,9.018468895266958
9833930233,0,192.86476135253906,-40.127323150634766,0.03385959565639496,9.029987894286347
9858930233,0,192.86878967285156,-39.90137481689453,0.03385128080844879,9.042274101796403
9883930234,0,192.872802734375,-39.675106048583984,0.03384292498230934,9.054851444076233
9908930234,0,192.8768768310547,-39.44853973388672,0.033835142850875854,9.066918783801894
9933930234,0,192.88095092773438,-39.22168731689453,0.03382885083556175,9.077917569770523
9958930235,0,192.8850555419922,-38.99457550048828,0.033823736011981964,9.088708142797518
9983930235,0,192.88917541503906,-38.76716613769531,0.033819008618593216,9.100753056777538
10008930236,0,192.8932647705078,-38.53944396972656,0.033814314752817154,9.113349747178514
10033930236,0,192.89735412597656,-38.3114013671875,0.0338098518550396,9.126229220382246
10058930236,0,192.9014434814453,-38.08303451538086,0.033805541694164276,9.13921840841253
10083930237,0,192.905517578125,-37.85434341430664,0.03380164876580238,9.152137963205565
10108930237,0,192.9095458984375,-37.62533950805664,0.03379840776324272,9.164668448393504
10133930237,0,192.9134979248047,-37.396034240722656,0.03379607945680618,9.176275612018626
10158930238,0,192.91737365722656,-37.166465759277344,0.03379497304558754,9.186563297714692
10183930238,0,192.9212646484375,-36.93666076660156,0.03379512578248978,9.195551443995432
10208930239,0,192.9250946044922,-36.706687927246094,0.033797528594732285,9.201641795751781
10233930239,0,192.92892456054688,-36.476654052734375,0.03380317613482475,9.20285104352031
10258930239,0,192.93275451660156,-36.24665069580078,0.03381210193037987,9.201024335531415
10283930240,0,192.93649291992188,-36.01676559448242,0.03382427245378494,9.195268387374957
10308930240,0,192.94021606445312,-35.78706741333008,0.03383876755833626,9.187700681882975
10333930240,0,192.94386291503906,-35.55754470825195,0.03385322540998459,9.180927694426243
10358930241,0,192.9474639892578,-35.32815933227539,0.033866193145513535,9.175894382304534
10383930241,0,192.95095825195312,-35.09886169433594,0.033876609057188034,9.172607243125393
10408930242,0,192.9544219970703,-34.86960220336914,0.033884163945913315,9.171444876012382
10433930242,0,192.9578857421875,-34.64033508300781,0.03388862684369087,9.172286411687828
10458930242,0,192.9613037109375,-34.411006927490234,0.03389022871851921,9.174882594842794
10483930243,0,192.96470642089844,-34.18158721923828,0.03388942778110504,9.17895594843954
10508930243,0,192.9680938720703,-33.95204162597656,0.03388690948486328,9.184213857989961
10533930243,0,192.9714813232422,-33.72233963012695,0.03388286381959915,9.190379621139506
10558930244,0,192.9748077392578,-33.49247741699219,0.03387821093201637,9.197104902539694
10583930244,0,192.9781036376953,-33.26243591308594,0.03387313708662987,9.20417644554864
10608930245,0,192.98138427734375,-33.03221893310547,0.03386810049414635,9.21129987834572
10633930245,0,192.98464965820312,-32.80182647705078,0.03386348485946655,9.218336202105483
10658930245,0,192.98789978027344,-32.57125473022461,0.033859290182590485,9.225313156755991
10683930246,0,192.99114990234375,-32.340511322021484,0.03385547548532486,9.232354314218918
10708930246,0,192.994384765625,-32.109588623046875,0.033852118998765945,9.239532992755233
10733930246,0,192.99765014648438,-31.87848472595215,0.03384910523891449,9.2467196408111
10758930247,0,193.0009002685547,-31.64720344543457,0.03384643420577049,9.253886714968258
10783930247,0,193.0040740966797,-31.415740966796875,0.03384418413043022,9.2611534045367
10808930248,0,193.0072479248047,-31.184099197387695,0.03384220227599144,9.268217821146147
10833930248,0,193.01036071777344,-30.95229148864746,0.03384079039096832,9.274592457801944
10858930248,0,193.0134735107422,-30.720338821411133,0.033840179443359375,9.280227523485927
10883930249,0,193.0165557861328,-30.48826026916504,0.033840522170066833,9.285136841862455
10908930249,0,193.01962280273438,-30.256072998046875,0.03384147584438324,9.289308947062255
10933930249,0,193.0226593017578,-30.02379608154297,0.033843304961919785,9.292774208163925
10958930250,0,193.02566528320312,-29.791444778442383,0.033845748752355576,9.295507362594364
10983930250,0,193.02867126464844,-29.55904197692871,0.033848877996206284,9.297427006376276
11008930251,0,193.0316162109375,-29.32660484313965,0.03385253995656967,9.298499699654093
11033930251,0,193.03453063964844,-29.094160079956055,0.033856771886348724,9.298748122113539
11058930251,0,193.0373992919922,-28.861724853515625,0.03386157751083374,9.29800673981351
11083930252,0,193.0402069091797,-28.62932777404785,0.033866845071315765,9.296338997380056
11108930252,0,193.04298400878906,-28.396976470947266,0.033872414380311966,9.29436289412543
11133930252,0,193.0457305908203,-28.164676666259766,0.03387771546840668,9.292293892200613
11158930253,0,193.04844665527344,-27.93242835998535,0.03388278931379318,9.290214807909997
11183930253,0,193.05113220214844,-27.700233459472656,0.03388736769556999,9.287916050485844
11208930253,0,193.05381774902344,-27.46811294555664,0.03389183059334755,9.285032401434789
11233930254,0,193.05653381347656,-27.23605728149414,0.03389587253332138,9.282546608149016
11258930254,0,193.05923461914062,-27.00404930114746,0.033899154514074326,9.280538006726365
11283930255,0,193.0619659423828,-26.7720890045166,0.03390178456902504,9.278728045129695
11308930255,0,193.064697265625,-26.54016876220703,0.03390377014875412,9.27723884614366
11333930255,0,193.06744384765625,-26.308273315429688,0.03390495106577873,9.276318565942457
11358930256,0,193.07017517089844,-26.07638931274414,0.03390529379248619,9.276002539496567
11383930256,0,193.07290649414062,-25.844501495361328,0.033905029296875,9.276198463908157
11408930256,0,193.07565307617188,-25.61260986328125,0.033904265612363815,9.276457750700594
11433930257,0,193.07843017578125,-25.380706787109375,0.03390338644385338,9.276726977672759
11458930257,0,193.0812225341797,-25.1488037109375,0.033902548253536224,9.276937080491189
11483930258,0,193.0840606689453,-24.916894912719727,0.033901747316122055,9.27703707756283
11508930258,0,193.0869140625,-24.684982299804688,0.03390098363161087,9.27715070307897
11533930258,0,193.091064453125,-24.40890121459961,0.033124350011348724,12.803563574726386
11558930259,0,193.09646606445312,-24.083410263061523,0.03239799290895462,12.72479555588168
11583930259,0,193.1009063720703,-23.766056060791016,0.03184295445680618,12.678648826561103
11608930259,0,193.1049346923828,-23.45016860961914,0.03166133910417557,12.61962814391568
11633930260,0,193.1085662841797,-23.136125564575195,0.031708333641290665,12.543343097243717
11658930260,0,193.11184692382812,-22.824359893798828,0.031890906393527985,12.448886729699035
11683930261,0,193.1149444580078,-22.515323638916016,0.032150037586688995,12.335876673247927
11708930261,0,193.11781311035156,-22.209476470947266,0.03244834765791893,12.203964141261393
11733930261,0,193.12046813964844,-21.907299041748047,0.03276275470852852,12.052857317326076
11758930262,0,193.1229705810547,-21.609216690063477,0.03307819366455078,11.884551708479199
11783930262,0,193.12535095214844,-21.315561294555664,0.03338386490941048,11.706665232998883
11808930262,0,193.1276092529297,-21.02635383605957,0.033667828887701035,11.528436434005926
11833930263,0,193.1298065185547,-20.741596221923828,0.033924560993909836,11.350243118623021
11858930263,0,193.13185119628906,-20.461280822753906,0.034152258187532425,11.172105562444152
11883930264,0,193.1338653564453,-20.18540382385254,0.034351691603660583,10.994035797599452
11908930264,0,193.13575744628906,-19.913965225219727,0.03452495485544205,10.816033412896994
11933930264,0,193.1375732421875,-19.6469669342041,0.03467433899641037,10.63810170049279
11958930265,0,193.1393280029297,-19.38440704345703,0.034802742302417755,10.460242639830984
11983930265,0,193.1410369873047,-19.126285552978516,0.03491248935461044,10.282453086335927
12008930265,0,193.1426544189453,-18.872602462768555,0.035006333142519,10.10473209933315
12033930266,0,193.14425659179688,-18.62321662902832,0.0350828543305397,9.93783862523734
12058930266,0,193.14581298828125,-18.37714385986328,0.0351250059902668,9.81575276824353
12083930267,0,193.14735412597656,-18.133243560791016,0.035123176872730255,9.738862175223446
12108930267,0,193.14892578125,-17.890396118164062,0.035075072199106216,9.706482458699657
12133930267,0,193.15052795410156,-17.64767074584961,0.03498668596148491,9.704557377168056
12158930268,0,193.15213012695312,-17.405029296875,0.034881629049777985,9.70104980007356
12183930268,0,193.15374755859375,-17.162479400634766,0.03477371111512184,9.69743268167427
12208930268,0,193.15536499023438,-16.920024871826172,0.03467044606804848,9.69381215290781
12233930269,0,193.1570281982422,-16.67766761779785,0.03457523137331009,9.690191596696165
12258930269,0,193.15878295898438,-16.43541145324707,0.034489747136831284,9.68656059879993
12283930270,0,193.16058349609375,-16.19578742980957,0.03446903079748154,9.552513010381883
12308930270,0,193.16241455078125,-15.959263801574707,0.03449065983295441,9.432299842704145
12333930270,0,193.16429138183594,-15.725582122802734,0.03452793136239052,9.321490707171758
12358930271,0,193.1662139892578,-15.494498252868652,0.03456615284085274,9.219953088175856
12383930271,0,193.16818237304688,-15.265779495239258,0.034598007798194885,9.127483387507745
12408930271,0,193.1702423095703,-15.03919506072998,0.03461974859237671,9.044101076684273
12433930272,0,193.17242431640625,-14.814518928527832,0.03463050723075867,8.969715577513147
12458930272,0,193.174560546875,-14.579263687133789,0.03444240614771843,9.884309547776155
12483930272,0,193.17678833007812,-14.333742141723633,0.03420295566320419,9.802429241821859
12508930273,0,193.1790771484375,-14.089950561523438,0.03408103808760643,9.735337209975214
12533930273,0,193.1814422607422,-13.847752571105957,0.03403022512793541,9.672349799014428
12558930274,0,193.1838836669922,-13.607110023498535,0.03402290120720863,9.610327649046397
12583930274,0,193.18638610839844,-13.367996215820312,0.034040603786706924,9.549596286632328
12608930274,0,193.18893432617188,-13.13037109375,0.0340709313750267,9.490556573392983
12633930275,0,193.1914825439453,-12.89417839050293,0.034106481820344925,9.433825541137026
12658930275,0,193.19398498535156,-12.659358024597168,0.03414207324385643,9.379519331860672
12683930275,0,193.1964569091797,-12.425843238830566,0.03417449817061424,9.327951597453698
12708930276,0,193.19903564453125,-12.188493728637695,0.03437107056379318,9.459735620822212
12733930276,0,193.20169067382812,-11.952333450317383,0.034487150609493256,9.444577251884368
12758930277,0,193.204345703125,-11.71652603149414,0.03457137942314148,9.431072151207868
12783930277,0,193.20697021484375,-11.481036186218262,0.034632451832294464,9.41788456190439
12808930277,0,193.20960998535156,-11.245862007141113,0.03467632085084915,9.404843053490456
12833930278,0,193.21218872070312,-11.01099967956543,0.034707680344581604,9.39211119740499
12858930278,0,193.2147216796875,-10.776442527770996,0.03472946211695671,9.379794526693976
12883930278,0,193.21725463867188,-10.542181015014648,0.03474418446421623,9.36803871227108
12908930279,0,193.2197265625,-10.30820083618164,0.034753646701574326,9.356853424921006
12933930279,0,193.22218322753906,-10.07448673248291,0.03475925326347351,9.346324162133829
12958930280,0,193.22463989257812,-9.84101676940918,0.034761808812618256,9.336684982390652
12983930280,0,193.22708129882812,-9.607770919799805,0.03476188704371452,9.327884896655933
13008930280,0,193.22952270507812,-9.374730110168457,0.03476016968488693,9.319775430422487
13033930281,0,193.23193359375,-9.141881942749023,0.034757308661937714,9.312216693007992
13058930281,0,193.23423767089844,-8.909214973449707,0.03475360944867134,9.305079382704546
13083930281,0,193.23654174804688,-8.676718711853027,0.03474925830960274,9.298365079936803
13108930282,0,193.2388458251953,-8.444372177124023,0.03474452719092369,9.29252319154444
13133930282,0,193.24110412597656,-8.212152481079102,0.03473922610282898,9.287763694347644
13158930283,0,193.24337768554688,-7.980032920837402,0.03473342955112457,9.284024593214035
13183930283,0,193.24571228027344,-7.747982025146484,0.0347268283367157,9.28157266705698
13208930283,0,193.24810791015625,-7.515974044799805,0.034719619899988174,9.280036692764657
13233930284,0,193.25057983398438,-7.283988952636719,0.034711990505456924,9.27938825415952
13258930284,0,193.25308227539062,-7.052002429962158,0.03470394015312195,9.279753014567055
13283930284,0,193.2555694580078,-6.819982528686523,0.03469539433717728,9.281267434801352
13308930285,0,193.25808715820312,-6.5879058837890625,0.034686584025621414,9.283848495071092
13333930285,0,193.2606658935547,-6.355747699737549,0.03467750549316406,9.287353521558485
13358930286,0,193.26329040527344,-6.123482704162598,0.03466823324561119,9.291833031113086
13383930286,0,193.2659149169922,-5.891089916229248,0.034658774733543396,9.297126214923015
13408930286,0,193.26849365234375,-5.6585564613342285,0.03464946523308754,9.302846383394845
13433930287,0,193.27101135253906,-5.425877571105957,0.034640729427337646,9.308663855235904
13458930287,0,193.27349853515625,-5.193060874938965,0.03463279828429222,9.31413870880783
13483930287,0,193.27601623535156,-4.960115432739258,0.03462512791156769,9.319233601041905
13508930288,0,193.27847290039062,-4.727052688598633,0.03461868315935135,9.32383427449345
13533930288,0,193.28082275390625,-4.493885040283203,0.03461357206106186,9.32787317943367
13558930289,0,193.2830352783203,-4.260626316070557,0.0346098318696022,9.331436651335071
13583930289,0,193.28515625,-4.027287483215332,0.03460731357336044,9.334571475984031
13608930289,0,193.28717041015625,-3.793874740600586,0.03460582718253136,9.337449384067334
13633930290,0,193.2891387939453,-3.5603926181793213,0.03460533171892166,9.340171639275706
13658930290,0,193.29103088378906,-3.326849937438965,0.03460521623492241,9.342637299592024
13683930290,0,193.2928924560547,-3.0932435989379883,0.03460552170872688,9.345171843460033
13708930291,0,193.2946319580078,-2.8595781326293945,0.03460613265633583,9.34735504882524
13733930291,0,193.29624938964844,-2.625868558883667,0.03460719808936119,9.349010087467713
13758930291,0,193.29771423339844,-2.3921265602111816,0.03460860997438431,9.35015095543381
13783930292,0,193.299072265625,-2.158364772796631,0.03461051732301712,9.35081731479355
13808930292,0,193.30035400390625,-1.9245989322662354,0.03461261838674545,9.350796110196956
13833930293,0,193.3015899658203,-1.6908472776412964,0.03461528569459915,9.35003489953478
13858930293,0,193.30288696289062,-1.4571319818496704,0.034618642181158066,9.348398034072748
13883930293,0,193.3041534423828,-1.2234801054000854,0.034622497856616974,9.345601108414323
13908930294,0,193.30552673339844,-0.9899176359176636,0.0346270352602005,9.341859801715128
13933930294,0,193.30722045898438,-0.7564572691917419,0.03463199362158775,9.337795565889776
13958930294,0,193.30946350097656,-0.5231253504753113,0.034637413918972015,9.332552613450702
13983930295,0,193.3120880126953,-0.2899617850780487,0.03464343771338463,9.325766470123297
14008930295,0,193.31503295898438,-0.056988026946783066,0.034649964421987534,9.318170488931354
14033930296,0,193.31825256347656,0.17577193677425385,0.03465667739510536,9.309586667315546
14058930296,0,193.32174682617188,0.40828901529312134,0.034663617610931396,9.299864100633542
14083930296,0,193.32550048828125,0.640552818775177,0.03467128798365593,9.289865081996306
14108930297,0,193.32925415039062,0.8725614547729492,0.03467876464128494,9.279648584484677
14133930297,0,193.33273315429688,1.1043318510055542,0.034685250371694565,9.269925801037804
14158930297,0,193.3360137939453,1.335870623588562,0.034690625965595245,9.260632984567533
14183930298,0,193.3391571044922,1.5671991109848022,0.03469482436776161,9.252239694144448
14208930298,0,193.3422088623047,1.7983442544937134,0.034697532653808594,9.245092369065727
14233930299,0,193.34510803222656,2.0293376445770264,0.034698449075222015,9.239119546050851
14258930299,0,193.34786987304688,2.260209560394287,0.0346977598965168,9.234359613308111
14283930299,0,193.3504180908203,2.490985870361328,0.03469562530517578,9.23061608162475
14308930300,0,193.35269165039062,2.7216882705688477,0.03469200059771538,9.227608590962209
14333930300,0,193.3546905517578,2.952329635620117,0.03468761220574379,9.225089632744213
14358930300,0,193.35646057128906,3.1829094886779785,0.03468288481235504,9.222631995280437
14383930301,0,193.3580780029297,3.4134433269500732,0.03467773273587227,9.220919803596784
14408930301,0,193.35968017578125,3.643951892852783,0.03467227891087532,9.220081801072014
14433930302,0,193.36126708984375,3.8744585514068604,0.03466636687517166,9.22008733671735
14458930302,0,193.3627471923828,4.104970455169678,0.034660376608371735,9.220341927174365
14483930302,0,193.36419677734375,4.335486888885498,0.03465431183576584,9.220464113729717
14508930303,0,193.365478515625,4.566000938415527,0.03464866429567337,9.220278513895064
14533930303,0,193.36659240722656,4.796496868133545,0.03464366868138313,9.219350513283336
14558930303,0,193.36753845214844,5.0269598960876465,0.034639738500118256,9.217897189882569
14583930304,0,193.36839294433594,5.257386207580566,0.034636497497558594,9.216481846102553
14608930304,0,193.36911010742188,5.4877753257751465,0.03463394194841385,9.214984390805046
14633930305,0,193.3697052001953,5.718125343322754,0.03463146090507507,9.213397265117674
14658930305,0,193.37008666992188,5.94844388961792,0.034632034599781036,9.212175695037773
14683930305,0,193.3705596923828,6.178704738616943,0.03463432192802429,9.209689331811104
14708930306,0,193.3711700439453,6.408885955810547,0.034637488424777985,9.206519783448826
14733930306,0,193.3720703125,6.6389899253845215,0.03464069217443466,9.203574693908275
14758930306,0,193.3732147216797,6.869019508361816,0.03464370593428612,9.200736704646667
14783930307,0,193.37460327148438,7.098968982696533,0.03464629873633385,9.197395605087427
14808930307,0,193.37661743164062,7.328783988952637,0.03464939072728157,9.191649034534075
14833930307,0,193.37913513183594,7.558385372161865,0.03465404361486435,9.182917984258363
14858930308,0,193.38186645507812,7.787728786468506,0.034660302102565765,9.172444302086573
14883930308,0,193.3846435546875,8.01680850982666,0.034667205065488815,9.16218400194822
14908930309,0,193.3876190185547,8.245659828186035,0.03467315435409546,9.153390296993393
14933930309,0,193.390625,8.474312782287598,0.03467800095677376,9.145685155244548
14958930309,0,193.39356994628906,8.702802658081055,0.03468116745352745,9.139316039241383
14983930310,0,193.39649963378906,8.931166648864746,0.034682195633649826,9.134537372592193
15008930310,0,193.3992156982422,9.159445762634277,0.03468116745352745,9.13117105400205
15033930310,0,193.4017791748047,9.387679100036621,0.03467819094657898,9.12954051085114
15058930311,0,193.4043731689453,9.61590576171875,0.034673385322093964,9.129591379388337
15083930311,0,193.40676879882812,9.844165802001953,0.034667015075683594,9.13105699524985
15108930312,0,193.40896606445312,10.07249641418457,0.03465915471315384,9.13405316546581
15133930312,0,193.4108428955078,10.300930976867676,0.03465000167489052,9.138365523710512
15158930312,0,193.4124755859375,10.529499053955078,0.03463992848992348,9.143908774310141
15183930313,0,193.41395568847656,10.75830078125,0.03462795168161392,9.156048215273564
15208930313,0,193.41526794433594,10.987488746643066,0.03461216017603874,9.170566973080138
15233930313,0,193.4164276123047,11.21705150604248,0.03459510579705238,9.185300539346459
15258930314,0,193.4171600341797,11.446990966796875,0.034581031650304794,9.200534695214992
15283930314,0,193.41758728027344,11.677308082580566,0.03456893935799599,9.215681310005964
15308930315,0,193.41775512695312,11.90799617767334,0.03455791249871254,9.230679895384455
15333930315,0,193.41775512695312,12.139060974121094,0.03454814851284027,9.245704361556365
15358930315,0,193.41761779785156,12.370497703552246,0.034539565443992615,9.26064603851621
15383930316,0,193.4174346923828,12.602307319641113,0.034532126039266586,9.275628064802836
15408930316,0,193.417236328125,12.83448600769043,0.034525640308856964,9.290497873055013
15433930316,0,193.4170684814453,13.067036628723145,0.03452030196785927,9.305380142074112
15458930317,0,193.4169158935547,13.299959182739258,0.03451553359627724,9.32030202486794
15483930317,0,193.4167938232422,13.533252716064453,0.03451152890920639,9.33518962173043
15508930318,0,193.41680908203125,13.766915321350098,0.03450809419155121,9.350042741861483
15533930318,0,193.41700744628906,14.00094985961914,0.034505270421504974,9.364871787064953
15558930318,0,193.41734313964844,14.2353515625,0.03450290486216545,9.379676490967917
15583930319,0,193.41778564453125,14.470123291015625,0.03450077027082443,9.394506276234916
15608930319,0,193.4182586669922,14.7052640914917,0.03449913114309311,9.409329092475536
15633930319,0,193.41867065429688,14.940774917602539,0.034497641026973724,9.42407233969435
15658930320,0,193.41905212402344,15.176653861999512,0.03449622914195061,9.43878060657805
15683930320,0,193.41946411132812,15.41290283203125,0.03449516370892525,9.453592205416255
15708930321,0,193.4198455810547,15.649861335754395,0.034487608820199966,9.485456093136987
15733930321,0,193.42015075683594,15.887537956237793,0.034476280212402344,9.513116396536772
15758930321,0,193.42037963867188,16.125844955444336,0.03446483612060547,9.537565874995048
15783930322,0,193.42054748535156,16.36470603942871,0.03445514664053917,9.559174316861082
15808930322,0,193.42063903808594,16.60405158996582,0.03444850817322731,9.5781442449509
15833930322,0,193.42037963867188,16.84382438659668,0.034446485340595245,9.594742628369808
15858930323,0,193.4198455810547,17.083967208862305,0.034448280930519104,9.609196291270514
15883930323,0,193.4188995361328,17.324426651000977,0.03445297107100487,9.621541229897614
15908930324,0,193.4176788330078,17.565153121948242,0.03446025773882866,9.632027852389406
15933930324,0,193.4163055419922,17.806108474731445,0.034469373524188995,9.640822601430948
15958930324,0,193.414794921875,18.047256469726562,0.034479979425668716,9.648525247774998
15983930325,0,193.41322326660156,18.288576126098633,0.03449138626456261,9.655034152427623
16008930325,0,193.41159057617188,18.530040740966797,0.034503135830163956,9.660608845521248
16033930325,0,193.40989685058594,18.771625518798828,0.034515075385570526,9.66534796289649
16058930326,0,193.40814208984375,19.013317108154297,0.034526899456977844,9.669337841159633
16083930326,0,193.4063262939453,19.255094528198242,0.03453819081187248,9.672802490123079
16108930326,0,193.40440368652344,19.4969482421875,0.03454910218715668,9.675632557458037
16133930327,0,193.4025421142578,19.738872528076172,0.0345592126250267,9.678492970472716
16158930327,0,193.4007568359375,19.980873107910156,0.0345681756734848,9.681505533065398
16183930328,0,193.39901733398438,20.222957611083984,0.03457580506801605,9.68481072937855
16208930328,0,193.39735412597656,20.465131759643555,0.03458210080862045,9.6884061953335
16233930328,0,193.39573669433594,20.7073974609375,0.03458728641271591,9.691849177036381
16258930329,0,193.39414978027344,20.949745178222656,0.034591637551784515,9.695203065090015
16283930329,0,193.39259338378906,21.192174911499023,0.03459533676505089,9.69832596546039
16308930329,0,193.39111328125,21.43467903137207,0.034598350524902344,9.701305160486447
16333930330,0,193.38966369628906,21.677255630493164,0.034601058810949326,9.704105680000271
16358930330,0,193.38819885253906,21.919902801513672,0.03460327163338661,9.706867492784621
16383930331,0,193.38673400878906,22.162616729736328,0.0346049889922142,9.709658833046907
16408930331,0,193.38519287109375,22.405399322509766,0.03460719808936119,9.712123255365055
16433930331,0,193.38357543945312,22.648231506347656,0.034609679132699966,9.714046766090412
16458930332,0,193.38192749023438,22.891096115112305,0.034612465649843216,9.715033605942034
16483930332,0,193.3802032470703,23.13397216796875,0.034615401178598404,9.715498200658716
16508930332,0,193.37838745117188,23.376848220825195,0.0346185676753521,9.715440511973567
16533930333,0,193.3765411376953,23.619709014892578,0.03462226688861847,9.714720121541115
16558930333,0,193.37464904785156,23.8625431060791,0.03462604433298111,9.713492929630092
16583930334,0,193.37266540527344,24.10533905029297,0.03463016450405121,9.711932868107928
16608930334,0,193.37069702148438,24.348087310791016,0.03463420644402504,9.709980476290465
16633930334,0,193.36866760253906,24.590776443481445,0.03463836759328842,9.707459233493092
16658930335,0,193.36659240722656,24.833402633666992,0.03464263677597046,9.704959765630317
16683930335,0,193.3644561767578,25.075958251953125,0.034646566957235336,9.702196598814426
16708930335,0,193.36224365234375,25.318445205688477,0.03465030714869499,9.699264815922836
16733930336,0,193.36001586914062,25.56085968017578,0.034653738141059875,9.696382582636453
16758930336,0,193.35777282714844,25.803199768066406,0.034656867384910583,9.693559381215438
16783930337,0,193.35552978515625,26.045475006103516,0.03465953841805458,9.69085614800391
16808930337,0,193.35324096679688,26.287681579589844,0.0346616730093956,9.688189267872565
16833930337,0,193.3509979248047,26.52982521057129,0.03466354310512543,9.685551244997484
16858930338,0,193.34873962402344,26.77190399169922,0.034665029495954514,9.682810951104969
16883930338,0,193.34649658203125,27.013912200927734,0.03466625139117241,9.680270385742045
16908930338,0,193.34432983398438,27.255863189697266,0.034667130559682846,9.67785066056307
16933930339,0,193.3422088623047,27.497758865356445,0.03466751053929329,9.675742797237572
16958930339,0,193.34007263183594,27.739606857299805,0.03466758504509926,9.673838063895499
16983930340,0,193.337890625,27.981414794921875,0.034667473286390305,9.672177754274474
17008930340,0,193.33572387695312,28.223182678222656,0.034667130559682846,9.670709653904591
17033930340,0,193.33363342285156,28.464916229248047,0.03466663137078285,9.669322061363092
17058930341,0,193.3316192626953,28.70661735534668,0.03466583043336868,9.668004668085663
17083930341,0,193.32962036132812,28.948293685913086,0.03466499224305153,9.667034314749632
17108930341,0,193.32763671875,29.189945220947266,0.034663695842027664,9.666053880978101
17133930342,0,193.32557678222656,29.43157386779785,0.03466251119971275,9.665230745794736
17158930342,0,193.32347106933594,29.67317771911621,0.034661367535591125,9.664227497833894
17183930343,0,193.32139587402344,29.914756774902344,0.03466033935546875,9.663155562740231
17208930343,0,193.31930541992188,30.15630340576172,0.034659650176763535,9.661697281921327
17233930343,0,193.3172149658203,30.397804260253906,0.034659307450056076,9.659831567918763
17258930344,0,193.31507873535156,30.63924789428711,0.03465946018695831,9.657609441363748
17283930344,0,193.31292724609375,30.880632400512695,0.03466007113456726,9.655103969407946
17308930344,0,193.31069946289062,31.1219482421875,0.03466106206178665,9.652269951649702
17333930345,0,193.3084716796875,31.36319351196289,0.03466232120990753,9.649369764395082
17358930345,0,193.30625915527344,31.604354858398438,0.034663695842027664,9.646167426590473
17383930345,0,193.303955078125,31.845426559448242,0.03466560319066048,9.642408759959062
17408930346,0,193.30148315429688,32.08639144897461,0.034667663276195526,9.638270073761504
17433930346,0,193.29885864257812,32.327247619628906,0.034670181572437286,9.633669999693973
17458930347,0,193.296142578125,32.56797409057617,0.03467292711138725,9.628411092204232
17483930347,0,193.2934112548828,32.808570861816406,0.03467586264014244,9.623238204336367
17508930347,0,193.29066467285156,33.04903793334961,0.03467864915728569,9.618487412298046
17533930348,0,193.28794860839844,33.28940200805664,0.03468086197972298,9.614296231867494
17558930348,0,193.28518676757812,33.52967834472656,0.034682389348745346,9.610833270678539
17583930348,0,193.28244018554688,33.76987838745117,0.03468314930796623,9.60783548142876
17608930349,0,193.2796173095703,34.01000213623047,0.03468334302306175,9.604698576816922
17633930349,0,193.27682495117188,34.25004959106445,0.03468307480216026,9.601833429845435
17658930350,0,193.2741241455078,34.49003601074219,0.03468223661184311,9.599611317338036
17683930350,0,193.27142333984375,34.72998046875,0.03468097746372223,9.598056749832182
17708930350,0,193.2687225341797,34.969905853271484,0.03467880189418793,9.597025312352121
17733930351,0,193.26605224609375,35.20980453491211,0.03467639908194542,9.596325661729626
17758930351,0,193.263427734375,35.4496955871582,0.03467372804880142,9.595987790547202
17783930351,0,193.26087951660156,35.689579010009766,0.03467075154185295,9.595650009933605
17808930352,0,193.25839233398438,35.92945861816406,0.03466785326600075,9.595430805667878
17833930352,0,193.2559356689453,36.16933059692383,0.034665223211050034,9.594968990860833
17858930353,0,193.25347900390625,36.4091796875,0.03466301038861275,9.594113215651028
17883930353,0,193.25094604492188,36.649009704589844,0.034661177545785904,9.59326875440253
17908930353,0,193.2483673095703,36.88880920410156,0.03465980291366577,9.592378984782064
17933930354,0,193.2457733154297,37.12858581542969,0.034658849239349365,9.591171715152692
17958930354,0,193.24319458007812,37.36832809448242,0.03465816378593445,9.589929626310484
17983930354,0,193.24058532714844,37.60803985595703,0.034657783806324005,9.588717590216019
18008930355,0,193.23793029785156,37.84772491455078,0.03465766832232475,9.587568637833359
18033930355,0,193.2352294921875,38.08737564086914,0.03465747833251953,9.586373035313565
18058930356,0,193.23248291015625,38.32699966430664,0.03465744107961655,9.585367624548041
18083930356,0,193.22970581054688,38.56659698486328,0.03465736284852028,9.584378270269761
18108930356,0,193.22686767578125,38.80617904663086,0.03465721011161804,9.583499191024677
18133930357,0,193.22401428222656,39.04573059082031,0.03465694189071655,9.582683041746538
18158930357,0,193.2211151123047,39.28527069091797,0.03465675190091133,9.581996858296517
18183930357,0,193.21812438964844,39.52478790283203,0.03465644642710686,9.58143892343432
18208930358,0,193.21505737304688,39.76429748535156,0.034655988216400146,9.581024594467152
18233930358,0,193.21192932128906,40.003807067871094,0.03465518727898598,9.581097770244867
18258930359,0,193.2087860107422,40.24332046508789,0.034654080867767334,9.581603809543308
18283930359,0,193.20556640625,40.482852935791016,0.03465286269783974,9.582309052511183
18308930359,0,193.20230102539062,40.722408294677734,0.03465129807591438,9.583188743799147
18333930360,0,193.1990203857422,40.96198654174805,0.03464946523308754,9.584240152335873
18358930360,0,193.19573974609375,41.201595306396484,0.03464778885245323,9.585441751978712
18383930360,0,193.1924591064453,41.44123840332031,0.03464588150382042,9.58677348866502
18408930361,0,193.18917846679688,41.680912017822266,0.03464420139789581,9.58832053552983
18433930361,0,193.1859130859375,41.92063903808594,0.03464218229055405,9.590473803341371
18458930362,0,193.1826934814453,42.16042709350586,0.034640122205019,9.592938778526975
18483930362,0,193.17950439453125,42.40028381347656,0.03463760390877724,9.595950780451803
18508930362,0,193.17636108398438,42.640228271484375,0.03463485464453697,9.599142498630405
18533930363,0,193.17330932617188,42.880252838134766,0.034632034599781036,9.60229312406313
18558930363,0,193.17041015625,43.1203498840332,0.03462966904044151,9.605435452200512
18583930363,0,193.1675567626953,43.360530853271484,0.034627340734004974,9.608572994218791
18608930364,0,193.1647491455078,43.600791931152344,0.034625206142663956,9.61170316926567
18633930364,0,193.16197204589844,43.84114074707031,0.034623146057128906,9.615268897303087
18658930364,0,193.1591796875,44.081581115722656,0.03462127596139908,9.618842480943641
