ts,agent_id,cam0x,cam0y,cam1x,cam1y,cam2x,cam2y,cam3x,cam3y,world0x,world0y,world1x,world1y,world2x,world2y,world3x,world3y
1964402634,0,128.45938110351562,114.6288070678711,128.3281707763672,95.7994613647461,128.30181884765625,88.87637329101562,128.2128143310547,85.09143829345703,0.012735634110867977,3.5034632682800293,0.016296088695526123,6.59175443649292,0.021135758608579636,9.459938049316406,0.019211627542972565,12.31059741973877
1989402635,0,128.509033203125,114.82051086425781,128.25717163085938,95.71148681640625,128.22061157226562,88.64820861816406,128.1313018798828,84.78797912597656,0.01404898427426815,3.485988140106201,0.01281784288585186,6.6176958084106445,0.015660708770155907,9.59506893157959,0.012134439311921597,12.612220764160156
2014402635,0,128.71176147460938,115.11555480957031,128.33360290527344,95.7707290649414,128.307373046875,88.5880126953125,128.21417236328125,84.67827606201172,0.019509725272655487,3.4593958854675293,0.016585858538746834,6.600205421447754,0.021898886188864708,9.631340026855469,0.019964290782809258,12.724813461303711
2039402635,0,128.532958984375,114.4642105102539,128.18580627441406,95.24337768554688,128.16302490234375,88.07498168945312,128.1110382080078,84.19725036621094,0.014832738786935806,3.5185935497283936,0.009447388350963593,6.759027481079102,0.011985443532466888,9.951489448547363,0.010758733376860619,13.24241828918457
2064402636,0,128.65003967285156,114.4588623046875,128.30105590820312,95.2354736328125,128.27305603027344,88.05701446533203,128.21214294433594,84.18174743652344,0.01809348165988922,3.519087314605713,0.015312504954636097,6.761463165283203,0.020097294822335243,9.963071823120117,0.02058115042746067,13.259780883789062
2089402636,0,128.69549560546875,114.56925964355469,128.36424255371094,95.24617767333984,128.35311889648438,88.04683685302734,128.31069946289062,84.16278076171875,0.01930851861834526,3.5089237689971924,0.018517814576625824,6.75816535949707,0.026006516069173813,9.969644546508789,0.03018966317176819,13.281082153320312
2114402636,0,128.5654754638672,114.4773178100586,128.27395629882812,95.21957397460938,128.24954223632812,88.04637908935547,128.20114135742188,84.1723861694336,0.015732847154140472,3.5173845291137695,0.013943688943982124,6.766366958618164,0.01837882213294506,9.969941139221191,0.019528834149241447,13.270286560058594
2139402637,0,128.6553955078125,114.62554931640625,128.37509155273438,95.28977966308594,128.35009765625,88.09111022949219,128.30079650878906,84.20748138427734,0.018171221017837524,3.5037617683410645,0.01903367042541504,6.744764804840088,0.025713063776493073,9.941113471984863,0.02912040241062641,13.230985641479492
2164402637,0,128.63156127929688,114.796875,128.31558227539062,95.3446044921875,128.28018188476562,88.11605834960938,128.2298126220703,84.21866607666016,0.017440306022763252,3.4881341457366943,0.0159763190895319,6.72798490524292,0.020546216517686844,9.925105094909668,0.022228019312024117,13.21850872039795
2189402638,0,128.59271240234375,114.85612487792969,128.27040100097656,95.35706329345703,128.23330688476562,88.1104736328125,128.17965698242188,84.20884704589844,0.016344880685210228,3.4827587604522705,0.01368172001093626,6.724183082580566,0.017114723101258278,9.92868423461914,0.017390821129083633,13.229460716247559
2214402638,0,128.51870727539062,114.80715942382812,128.21102905273438,95.34586334228516,128.1760711669922,88.10355377197266,128.1222381591797,84.20201873779297,0.014320447109639645,3.4872000217437744,0.010682746767997742,6.727600574493408,0.01292162574827671,9.933122634887695,0.011839292012155056,13.23708724975586
2239402638,0,128.5257110595703,114.80908203125,128.2296142578125,95.34929656982422,128.19216918945312,88.10569763183594,128.1344757080078,84.20217895507812,0.014513155445456505,3.487025499343872,0.011621860787272453,6.726552486419678,0.014101160690188408,9.931747436523438,0.01302438136190176,13.236908912658691
2264402639,0,128.46829223632812,114.74693298339844,128.20921325683594,95.32054138183594,128.17440795898438,88.0851058959961,128.11631774902344,84.18453979492188,0.012946806848049164,3.4926767349243164,0.01060232799500227,6.735340118408203,0.012814244255423546,9.944973945617676,0.011282036080956459,13.2566499710083
2289402639,0,128.45823669433594,114.74668884277344,128.1931915283203,95.31767272949219,128.15521240234375,88.0804214477539,128.09414672851562,84.1780014038086,0.01266887504607439,3.492699146270752,0.009791596792638302,6.736217498779297,0.011407215148210526,9.94798755645752,0.009136498905718327,13.263981819152832
2314402639,0,128.41053771972656,114.68312072753906,128.19679260253906,95.27801513671875,128.16571044921875,88.04656219482422,128.104736328125,84.14794158935547,0.011367044411599636,3.4984962940216064,0.009991103783249855,6.748375415802002,0.012204459868371487,9.969822883605957,0.01018932182341814,13.2977933883667
2339402640,0,128.38839721679688,114.68346405029297,128.1994171142578,95.27635192871094,128.17022705078125,88.04167175292969,128.1054229736328,84.14517974853516,0.010753926821053028,3.498464822769165,0.010125072672963142,6.7488861083984375,0.012540926225483418,9.972984313964844,0.010258454829454422,13.300909042358398
2364402640,0,128.3863983154297,114.68392944335938,128.18612670898438,95.26792907714844,128.15615844726562,88.03173828125,128.09283447265625,84.13652801513672,0.010698464699089527,3.498422384262085,0.009453696198761463,6.751474380493164,0.011511595919728279,9.979411125183105,0.009039937518537045,13.310675621032715
2389402640,0,128.35951232910156,114.59754180908203,128.18988037109375,95.23594665527344,128.1603240966797,88.0139389038086,128.0952606201172,84.12146759033203,0.009974242188036442,3.506328582763672,0.00965762510895729,6.761317729949951,0.011831812560558319,9.990947723388672,0.009287714026868343,13.327710151672363
2414402641,0,128.35150146484375,114.55785369873047,128.21273803710938,95.22040557861328,128.18270874023438,88.00206756591797,128.1095428466797,84.11528778076172,0.009761083871126175,3.5099713802337646,0.0108274444937706,6.766110420227051,0.013493787497282028,9.998656272888184,0.010685649700462818,13.334712982177734
2439402641,0,128.31674194335938,114.51156616210938,128.1932373046875,95.2027816772461,128.1693572998047,87.9909439086914,128.1012420654297,84.10356140136719,0.00880540069192648,3.514228582382202,0.00984241347759962,6.771553993225098,0.012516429647803307,10.005889892578125,0.009885495528578758,13.348018646240234
2464402642,0,128.2987060546875,114.50164794921875,128.17098999023438,95.19815826416016,128.1454315185547,87.98896026611328,128.07638549804688,84.10325622558594,0.008305941708385944,3.5151419639587402,0.008710995316505432,6.772982597351074,0.010749517008662224,10.007181167602539,0.007458634674549103,13.348365783691406
2489402642,0,128.31222534179688,114.480712890625,128.17808532714844,95.19293212890625,128.15176391601562,87.9847640991211,128.0838623046875,84.09953308105469,0.008686143904924393,3.517071485519409,0.009074508212506771,6.774599075317383,0.011220519430935383,10.009913444519043,0.008191224187612534,13.352596282958984
2514402642,0,128.3008270263672,114.44429016113281,128.17930603027344,95.18728637695312,128.1551971435547,87.98240661621094,128.08718872070312,84.0956039428711,0.008376222103834152,3.520432710647583,0.00913893524557352,6.776346206665039,0.011476043611764908,10.01144790649414,0.008518896996974945,13.357064247131348
2539402643,0,128.3018798828125,114.43798828125,128.1945037841797,95.18299102783203,128.16958618164062,87.97856140136719,128.09568786621094,84.0950927734375,0.008406786248087883,3.521014928817749,0.009915377013385296,6.777675628662109,0.012543057091534138,10.01395320892334,0.009349714033305645,13.357645988464355
2564402643,0,128.29718017578125,114.41545867919922,128.20103454589844,95.17172241210938,128.17799377441406,87.97138214111328,128.1066436767578,84.08589935302734,0.00828030426055193,3.5230977535247803,0.010253285057842731,6.7811665534973145,0.013170824386179447,10.018634796142578,0.010428138077259064,13.368110656738281
2589402643,0,128.2926025390625,114.4509506225586,128.19419860839844,95.18804168701172,128.1688690185547,87.97954559326172,128.0953369140625,84.09231567382812,0.008145942352712154,3.51981782913208,0.009897664189338684,6.7761125564575195,0.012489245273172855,10.013312339782715,0.00931756105273962,13.360804557800293
2614402644,0,128.28187561035156,114.41291046142578,128.19866943359375,95.17510986328125,128.17547607421875,87.9721908569336,128.1004638671875,84.08792114257812,0.007854346185922623,3.5233333110809326,0.010131177492439747,6.780117034912109,0.012983866035938263,10.018106460571289,0.00982220284640789,13.36580753326416
2639402644,0,128.26559448242188,114.4089584350586,128.1785888671875,95.17440795898438,128.15675354003906,87.97345733642578,128.0839385986328,84.0907211303711,0.007401369512081146,3.5236990451812744,0.009107441641390324,6.780333995819092,0.01159762591123581,10.017281532287598,0.00820465199649334,13.36262035369873
2664402645,0,128.2813262939453,114.40492248535156,128.21231079101562,95.17037200927734,128.1884307861328,87.96847534179688,128.10801696777344,84.08503723144531,0.007840516045689583,3.5240724086761475,0.010829033330082893,6.781584739685059,0.01394565962255001,10.02053165435791,0.010563178919255733,13.36909294128418
2689402645,0,128.2715606689453,114.40991973876953,128.20115661621094,95.1771011352539,128.17526245117188,87.9721450805664,128.0926055908203,84.08877563476562,0.007567458786070347,3.5236101150512695,0.010257129557430744,6.779499530792236,0.012968097813427448,10.018136978149414,0.009053271263837814,13.36483383178711
2714402645,0,128.28271484375,114.40445709228516,128.21568298339844,95.17744445800781,128.19100952148438,87.9719467163086,128.10646057128906,84.08793640136719,0.007879301905632019,3.524115562438965,0.010997678153216839,6.779393672943115,0.014133438467979431,10.018266677856445,0.01040847972035408,13.365790367126465
2739402646,0,128.28465270996094,114.39993286132812,128.2178955078125,95.17320251464844,128.19097900390625,87.9691162109375,128.10289001464844,84.08688354492188,0.00793415680527687,3.524534225463867,0.011112527921795845,6.780707836151123,0.01413368433713913,10.020112991333008,0.010060267522931099,13.366989135742188
2764402646,0,128.291015625,114.40172576904297,128.2255859375,95.17345428466797,128.20091247558594,87.96998596191406,128.1166534423828,84.08554077148438,0.008111168630421162,3.5243682861328125,0.011504609137773514,6.780629634857178,0.01486801728606224,10.019546508789062,0.011407279409468174,13.368518829345703
2789402646,0,128.28179931640625,114.39299774169922,128.21075439453125,95.1676025390625,128.18838500976562,87.96553802490234,128.1070556640625,84.08134460449219,0.007855908945202827,3.5251762866973877,0.010750934481620789,6.782443523406982,0.01394483633339405,10.022448539733887,0.010472371242940426,13.373300552368164
2814402647,0,128.27496337890625,114.39926147460938,128.20712280273438,95.17146301269531,128.18272399902344,87.97008514404297,128.0989990234375,84.0886001586914,0.007664206437766552,3.5245962142944336,0.010563921183347702,6.781247138977051,0.013521939516067505,10.01948070526123,0.00967844482511282,13.365035057067871
2839402647,0,128.28466796875,114.3726806640625,128.2334747314453,95.16815185546875,128.211669921875,87.96864318847656,128.1262969970703,84.08700561523438,0.007939686067402363,3.5270586013793945,0.011909653432667255,6.782272815704346,0.015665410086512566,10.020421981811523,0.01234880555421114,13.366849899291992
2864402648,0,128.26425170898438,114.36094665527344,128.22381591796875,95.16266632080078,128.20314025878906,87.96294403076172,128.11798095703125,84.0794448852539,0.0073722959496080875,3.5281460285186768,0.011419656686484814,6.783973693847656,0.015039509162306786,10.024142265319824,0.011542917229235172,13.375467300415039
2889402648,0,128.27085876464844,114.3769302368164,128.2248992919922,95.16405487060547,128.20355224609375,87.96202087402344,128.1174774169922,84.0809097290039,0.007553774863481522,3.5266644954681396,0.011474245227873325,6.783543109893799,0.015070881694555283,10.024744987487793,0.011492257937788963,13.373796463012695
2914402648,0,128.2607879638672,114.37100219726562,128.24183654785156,95.16179656982422,128.22332763671875,87.95880889892578,128.1339874267578,84.07539367675781,0.007273935712873936,3.5272138118743896,0.01233957801014185,6.784243583679199,0.01653836853802204,10.026844024658203,0.013113342225551605,13.380088806152344
2939402649,0,128.25770568847656,114.39254760742188,128.2297821044922,95.16407775878906,128.20797729492188,87.9583740234375,128.11749267578125,84.07318115234375,0.007184311281889677,3.5252180099487305,0.01172335259616375,6.783536434173584,0.01540202833712101,10.027127265930176,0.011501109227538109,13.382614135742188
2964402649,0,128.26515197753906,114.38705444335938,128.22862243652344,95.16410827636719,128.21058654785156,87.96018981933594,128.1259765625,84.07499694824219,0.007392856292426586,3.525726556777954,0.011664171703159809,6.78352689743042,0.015593485906720161,10.025940895080566,0.012329723685979843,13.380541801452637
2989402649,0,128.25369262695312,114.39198303222656,128.20254516601562,95.16259765625,128.18374633789062,87.96139526367188,128.1003875732422,84.0792465209961,0.007072529289871454,3.5252702236175537,0.010334400460124016,6.783995628356934,0.013604998588562012,10.025154113769531,0.00982179306447506,13.375693321228027
3014402650,0,128.2586212158203,114.3834457397461,128.22120666503906,95.15861511230469,128.203125,87.9599838256836,128.11819458007812,84.07991027832031,0.007211382035166025,3.5260608196258545,0.01128849945962429,6.7852301597595215,0.01504116877913475,10.026076316833496,0.011563372798264027,13.374937057495117
3039402650,0,128.24578857421875,114.36213684082031,128.21669006347656,95.16084289550781,128.20037841796875,87.96033477783203,128.11453247070312,84.0779037475586,0.006857004947960377,3.5280356407165527,0.011056948453187943,6.784539699554443,0.014837460592389107,10.025846481323242,0.011206957511603832,13.377224922180176
3064402651,0,128.24508666992188,114.33700561523438,128.2221221923828,95.14745330810547,128.20436096191406,87.95045471191406,128.11669921875,84.06864166259766,0.006841481663286686,3.530367374420166,0.011340687051415443,6.788695335388184,0.015141730196774006,10.032304763793945,0.011427735909819603,13.387798309326172
3089402651,0,128.24142456054688,114.3251724243164,128.23223876953125,95.14230346679688,128.21534729003906,87.94959259033203,128.1254425048828,84.07101440429688,0.00674114003777504,3.531466245651245,0.011859837919473648,6.790294647216797,0.015956606715917587,10.032869338989258,0.012281504459679127,13.385087966918945
3114402651,0,128.23545837402344,114.33589935302734,128.23348999023438,95.14615631103516,128.21844482421875,87.9483871459961,128.1278839111328,84.06597900390625,0.0065728845074772835,3.530470132827759,0.011921750381588936,6.789098262786865,0.01618734560906887,10.03365707397461,0.01252575684338808,13.390840530395508
3139402652,0,128.23513793945312,114.32904052734375,128.22715759277344,95.14079284667969,128.21420288085938,87.94393157958984,128.1273651123047,84.06128692626953,0.006565002724528313,3.531106948852539,0.011601113714277744,6.790764808654785,0.015877442434430122,10.036572456359863,0.012479795143008232,13.39620590209961
3164402652,0,128.2364044189453,114.32064056396484,128.22445678710938,95.13499450683594,128.21197509765625,87.94357299804688,128.12765502929688,84.06338500976562,0.00660167308524251,3.5318875312805176,0.011466054245829582,6.792566776275635,0.015712665393948555,10.036808013916016,0.012506027705967426,13.393806457519531
3189402652,0,128.2440185546875,114.35375213623047,128.2218475341797,95.14747619628906,128.21090698242188,87.95098114013672,128.13002014160156,84.07034301757812,0.006808972917497158,3.528813362121582,0.011326652951538563,6.7886881828308105,0.015626229345798492,10.031960487365723,0.012730388902127743,13.385854721069336
3214402653,0,128.22369384765625,114.34449768066406,128.2110595703125,95.14431762695312,128.2008514404297,87.94972229003906,128.11753845214844,84.0698013305664,0.0062432060949504375,3.5296719074249268,0.010777333751320839,6.789669513702393,0.014882382936775684,10.032783508300781,0.011508812196552753,13.386473655700684
3239402653,0,128.2321319580078,114.32176208496094,128.2209930419922,95.1417465209961,128.2097625732422,87.94880676269531,128.12503051757812,84.06887817382812,0.006482190452516079,3.531782865524292,0.011285820044577122,6.790468215942383,0.0155435586348176,10.033382415771484,0.01224333606660366,13.387528419494629
3264402654,0,128.2205047607422,114.30184173583984,128.2196807861328,95.12928771972656,128.20687866210938,87.93925476074219,128.11904907226562,84.06144714355469,0.006160405930131674,3.533634662628174,0.011224848218262196,6.794341564178467,0.015339045785367489,10.039634704589844,0.011664798483252525,13.39602279663086
3289402654,0,128.22459411621094,114.3167953491211,128.22535705566406,95.1365966796875,128.21478271484375,87.94378662109375,128.12779235839844,84.06533813476562,0.006272435653954744,3.5322444438934326,0.011511245742440224,6.7920684814453125,0.015920566394925117,10.036667823791504,0.012517455033957958,13.391573905944824
3314402654,0,128.2294921875,114.27410888671875,128.23765563964844,95.12056732177734,128.2288818359375,87.93358612060547,128.14419555664062,84.05342102050781,0.006415700074285269,3.53621506690979,0.012147873640060425,6.797054767608643,0.016976511105895042,10.04334831237793,0.014138136990368366,13.405208587646484
3339402655,0,128.21957397460938,114.30158996582031,128.2207489013672,95.12830352783203,128.20855712890625,87.93822479248047,128.11993408203125,84.0589599609375,0.006134438328444958,3.533658027648926,0.011279904283583164,6.794647693634033,0.015464494936168194,10.04030990600586,0.011753938160836697,13.398868560791016
3364402655,0,128.23573303222656,114.30378723144531,128.23223876953125,95.12745666503906,128.22491455078125,87.93932342529297,128.14454650878906,84.06060028076172,0.006585546303540468,3.5334534645080566,0.011867453344166279,6.7949113845825195,0.016676247119903564,10.039589881896973,0.014164111576974392,13.396991729736328
3389402655,0,128.2308349609375,114.34461212158203,128.20956420898438,95.14539337158203,128.1990966796875,87.94953155517578,128.11700439453125,84.06847381591797,0.006442494690418243,3.5296614170074463,0.010700478218495846,6.789335250854492,0.014752537943422794,10.03290843963623,0.011457780376076698,13.387990951538086
3414402656,0,128.22970581054688,114.32215118408203,128.21807861328125,95.1361312866211,128.2091522216797,87.94407653808594,128.12582397460938,84.06600189208984,0.0064143831841647625,3.5317471027374268,0.011139687150716782,6.792213439941406,0.0155029296875,10.036478042602539,0.012323969975113869,13.390814781188965
3439402656,0,128.21778869628906,114.29906463623047,128.21168518066406,95.13416290283203,128.2023468017578,87.9448471069336,128.11761474609375,84.06761169433594,0.006084924563765526,3.533892869949341,0.010814023204147816,6.792825222015381,0.014997768215835094,10.03597354888916,0.011518371291458607,13.388975143432617
3464402657,0,128.21812438964844,114.2970199584961,128.21697998046875,95.12431335449219,128.2078857421875,87.93476867675781,128.1235809326172,84.05641174316406,0.006094598677009344,3.534083127975464,0.011089231818914413,6.795888900756836,0.015418055467307568,10.042573928833008,0.012113901786506176,13.401784896850586
3489402657,0,128.2234344482422,114.28909301757812,128.22457885742188,95.12451171875,128.2154541015625,87.93685150146484,128.13116455078125,84.05879211425781,0.006244136486202478,3.534820318222046,0.01147749088704586,6.795827388763428,0.01597728207707405,10.04120922088623,0.012854740023612976,13.399060249328613
3514402657,0,128.22564697265625,114.25233459472656,128.2347412109375,95.11298370361328,128.2272491455078,87.93080139160156,128.14337158203125,84.05368041992188,0.006311454344540834,3.5382437705993652,0.012002839706838131,6.799416542053223,0.016858359798789024,10.045174598693848,0.014057044871151447,13.404911994934082
3539402658,0,128.236083984375,114.3138427734375,128.23741149902344,95.12908935546875,128.2262420654297,87.93695831298828,128.1389923095703,84.0577163696289,0.006593784317374229,3.5325191020965576,0.012130922637879848,6.794403076171875,0.016777165234088898,10.041139602661133,0.013623112812638283,13.400291442871094
3564402658,0,128.2294158935547,114.29112243652344,128.22071838378906,95.12565612792969,128.2116241455078,87.9382095336914,128.1305694580078,84.05914306640625,0.0064109875820577145,3.5346317291259766,0.0112796351313591,6.795470714569092,0.015691930428147316,10.04032039642334,0.01279604621231556,13.398658752441406
3589402658,0,128.23202514648438,114.33746337890625,128.2111053466797,95.13931274414062,128.2021942138672,87.9433822631836,128.1217041015625,84.06361389160156,0.006476805545389652,3.530324935913086,0.010782001540064812,6.791224479675293,0.014987834729254246,10.036931991577148,0.011922805570065975,13.393545150756836
3614402659,0,128.2211151123047,114.32683563232422,128.21102905273438,95.13421630859375,128.2032012939453,87.94183349609375,128.1219940185547,84.06456756591797,0.006173809990286827,3.5313117504119873,0.01078047975897789,6.792808532714844,0.015063948929309845,10.037945747375488,0.011950261890888214,13.392454147338867
3639402659,0,128.2152862548828,114.29484558105469,128.21058654785156,95.12805938720703,128.2042694091797,87.93983459472656,128.123046875,84.0612564086914,0.00601560715585947,3.534285068511963,0.010760738514363766,6.7947235107421875,0.015145030803978443,10.039255142211914,0.012056706473231316,13.396241188049316
3664402659,0,128.21377563476562,114.28438568115234,128.21035766601562,95.11894989013672,128.20254516601562,87.93099975585938,128.1213836669922,84.05177307128906,0.0059748743660748005,3.5352582931518555,0.010753278620541096,6.797558307647705,0.015025519765913486,10.045044898986816,0.011903095990419388,13.407096862792969
3689402660,0,128.2163543701172,114.27325439453125,128.21511840820312,95.11746215820312,128.20651245117188,87.93460083007812,128.1234130859375,84.05892181396484,0.0060485415160655975,3.536294937133789,0.010997351258993149,6.7980217933654785,0.015316365286707878,10.042684555053711,0.012094929814338684,13.398911476135254
3714402660,0,128.22677612304688,114.26426696777344,128.2342987060547,95.11404418945312,128.22891235351562,87.9303207397461,128.14857482910156,84.05315399169922,0.006341246422380209,3.5371317863464355,0.011979663744568825,6.799086093902588,0.01698225736618042,10.045490264892578,0.014567839913070202,13.40551471710205
3739402661,0,128.2252655029297,114.30500793457031,128.2201690673828,95.12621307373047,128.20953369140625,87.93511962890625,128.12440490722656,84.05558776855469,0.006292939651757479,3.5333402156829834,0.011251293122768402,6.795298099517822,0.015539933927357197,10.042343139648438,0.012195504270493984,13.402728080749512
3764402661,0,128.23214721679688,114.2878646850586,128.2203369140625,95.12328338623047,128.2115478515625,87.93563842773438,128.13104248046875,84.05635070800781,0.006487813778221607,3.5349347591400146,0.011261296458542347,6.796209335327148,0.015688801184296608,10.042003631591797,0.012845376506447792,13.401853561401367
3789402661,0,128.22427368164062,114.32356262207031,128.20716857910156,95.1327896118164,128.1988067626953,87.94035339355469,128.11904907226562,84.06177520751953,0.00626248586922884,3.531615972518921,0.01058391947299242,6.793252468109131,0.014739537611603737,10.038915634155273,0.011664480902254581,13.395648002624512
3814402662,0,128.2226104736328,114.32331848144531,128.21273803710938,95.13200378417969,128.2050323486328,87.93995666503906,128.1241912841797,84.06230926513672,0.006216078996658325,3.5316386222839355,0.010868823155760765,6.793496608734131,0.015201481059193611,10.039175987243652,0.012167778797447681,13.395036697387695
3839402662,0,128.21522521972656,114.28685760498047,128.2061767578125,95.12498474121094,128.19960021972656,87.93685150146484,128.1191864013672,84.05839538574219,0.00601503811776638,3.5350284576416016,0.010536803863942623,6.795680046081543,0.01480161678045988,10.04120922088623,0.0116812102496624,13.399514198303223
3864402662,0,128.2078857421875,114.26980590820312,128.20123291015625,95.11370849609375,128.19320678710938,87.93211364746094,128.11289978027344,84.05574035644531,0.005812260787934065,3.5366158485412598,0.010289161466062069,6.799190044403076,0.014331764541566372,10.04431438446045,0.011067508719861507,13.40255355834961
3889402663,0,128.21902465820312,114.28186798095703,128.21914672851562,95.11785125732422,128.21340942382812,87.93367004394531,128.13427734375,84.05961608886719,0.006121946033090353,3.5354928970336914,0.0112030990421772,6.797900199890137,0.0158288162201643,10.043293952941895,0.013158909045159817,13.398117065429688
3914402663,0,128.22520446777344,114.25413513183594,128.22959899902344,95.11320495605469,128.22268676757812,87.93026733398438,128.1415557861328,84.05118560791016,0.006298808380961418,3.5380756855010986,0.011739793233573437,6.799346923828125,0.016520453616976738,10.045524597167969,0.013881887309253216,13.407770156860352
3939402664,0,128.23434448242188,114.29415893554688,128.22915649414062,95.12144470214844,128.2195281982422,87.93113708496094,128.1353302001953,84.05232238769531,0.006548245903104544,3.534349203109741,0.011712992563843727,6.79678201675415,0.016285240650177002,10.044954299926758,0.013270112685859203,13.40646743774414
3964402664,0,128.2319793701172,114.3096923828125,128.22618103027344,95.1265869140625,128.2174072265625,87.93561553955078,128.13568115234375,84.05658721923828,0.006479778327047825,3.532904624938965,0.011558334343135357,6.7951812744140625,0.016123367473483086,10.04201889038086,0.013299820944666862,13.401583671569824
3989402664,0,128.2252960205078,114.32140350341797,128.2108612060547,95.12915802001953,128.20346069335938,87.9378662109375,128.12477111816406,84.05907440185547,0.006291354075074196,3.5318164825439453,0.010774261318147182,6.794381618499756,0.015086933970451355,10.040544509887695,0.012227867729961872,13.398736953735352
4014402665,0,128.22616577148438,114.31487274169922,128.2093505859375,95.12608337402344,128.2017822265625,87.93482971191406,128.12327575683594,84.05747985839844,0.006316616199910641,3.532423257827759,0.010698496364057064,6.795338153839111,0.014965323731303215,10.042533874511719,0.012082916684448719,13.400562286376953
4039402665,0,128.21473693847656,114.27720642089844,128.20889282226562,95.12023162841797,128.20339965820312,87.93683624267578,128.1234588623047,84.06065368652344,0.006002761889249086,3.5359268188476562,0.010677805170416832,6.797159671783447,0.015083382837474346,10.041218757629395,0.012097679078578949,13.396930694580078
4064402665,0,128.21316528320312,114.2920913696289,128.20806884765625,95.11951446533203,128.200927734375,87.93267059326172,128.12106323242188,84.05657958984375,0.005956730339676142,3.534541368484497,0.010636016726493835,6.797382831573486,0.014903969131410122,10.043949127197266,0.01186694111675024,13.401592254638672
4089402666,0,128.21673583984375,114.26324462890625,128.215087890625,95.1144790649414,128.2084503173828,87.9319839477539,128.12811279296875,84.05518341064453,0.0060606407932937145,3.537227153778076,0.010997208766639233,6.7989501953125,0.015462630428373814,10.04439926147461,0.01255941204726696,13.403190612792969
4114402666,0,128.2296600341797,114.2547607421875,128.23399353027344,95.11372375488281,128.22764587402344,87.92886352539062,128.1458740234375,84.05139923095703,0.00642333272844553,3.538017511367798,0.011964225210249424,6.799185752868652,0.016889844089746475,10.046445846557617,0.014305107295513153,13.407525062561035
4139402667,0,128.2254180908203,114.30086517333984,128.22622680664062,95.12124633789062,128.21673583984375,87.92987823486328,128.13198852539062,84.05213928222656,0.006297818850725889,3.5337255001068115,0.011563344858586788,6.796843528747559,0.016079366207122803,10.045780181884766,0.012942635454237461,13.406678199768066
4164402667,0,128.23391723632812,114.29676818847656,128.2313232421875,95.1209487915039,128.22340393066406,87.93253326416016,128.1416778564453,84.05488586425781,0.006535904482007027,3.534106731414795,0.011823995970189571,6.796936511993408,0.016571301966905594,10.044039726257324,0.01388959214091301,13.403531074523926
4189402667,0,128.23184204101562,114.3160400390625,128.21397399902344,95.12721252441406,128.20611572265625,87.93490600585938,128.1278839111328,84.05667114257812,0.00647497083991766,3.5323147773742676,0.010934233665466309,6.794986724853516,0.015286646783351898,10.04248332977295,0.012535427697002888,13.401488304138184
4214402668,0,128.22109985351562,114.32255554199219,128.20960998535156,95.12802124023438,128.20294189453125,87.93766784667969,128.12344360351562,84.06153106689453,0.00617400836199522,3.5317094326019287,0.010710854083299637,6.794734954833984,0.015048651956021786,10.040674209594727,0.01209530420601368,13.395926475524902
4239402668,0,128.2209014892578,114.29686737060547,128.2124481201172,95.12619018554688,128.2075653076172,87.93911743164062,128.12925720214844,84.06262969970703,0.006172216031700373,3.53409743309021,0.010856740176677704,6.795304775238037,0.015390089713037014,10.039725303649902,0.012663781642913818,13.394670486450195
4264402668,0,128.21826171875,114.26580810546875,128.2117156982422,95.11215209960938,128.20361328125,87.92937469482422,128.1232452392578,84.05259704589844,0.006102939136326313,3.5369882583618164,0.01082588266581297,6.799675464630127,0.01510629616677761,10.046110153198242,0.012084820307791233,13.406153678894043
4289402669,0,128.22645568847656,114.27896118164062,128.224853515625,95.12059783935547,128.21754455566406,87.93335723876953,128.13539123535156,84.05728912353516,0.006330085452646017,3.5357635021209717,0.011493472382426262,6.7970452308654785,0.016135839745402336,10.043498992919922,0.013270629569888115,13.40078067779541
4314402669,0,128.234130859375,114.2829360961914,128.23788452148438,95.11907196044922,128.2301025390625,87.92990112304688,128.14779663085938,84.05194854736328,0.006544013507664204,3.535393476486206,0.01216035895049572,6.797520160675049,0.01707099936902523,10.045764923095703,0.014492986723780632,13.406895637512207
4339402670,0,128.22999572753906,114.28514099121094,128.22898864746094,95.11909484863281,128.22201538085938,87.92900848388672,128.14071655273438,84.05303955078125,0.006428100634366274,3.5351884365081787,0.011705602519214153,6.797513484954834,0.016471948474645615,10.046350479125977,0.013797462917864323,13.405646324157715
4364402670,0,128.23770141601562,114.25707244873047,128.22299194335938,95.11685180664062,128.217041015625,87.92782592773438,128.14015197753906,84.04952239990234,0.006647876929491758,3.53780198097229,0.011400164104998112,6.798211574554443,0.0161040797829628,10.047124862670898,0.013746116310358047,13.409675598144531
4389402670,0,128.24526977539062,114.27317810058594,128.22076416015625,95.11893463134766,128.21116638183594,87.9278335571289,128.1300048828125,84.05199432373047,0.006856930907815695,3.536301851272583,0.011285255663096905,6.797563076019287,0.01566818542778492,10.047120094299316,0.012748274952173233,13.406844139099121
4414402671,0,128.255615234375,114.2817153930664,128.2324676513672,95.1181869506836,128.22433471679688,87.92765045166016,128.14259338378906,84.0562744140625,0.0071447123773396015,3.5355069637298584,0.011883912608027458,6.797796249389648,0.016645444557070732,10.047240257263184,0.013977738097310066,13.401942253112793
4439402671,0,128.26922607421875,114.27864074707031,128.24122619628906,95.12185668945312,128.22518920898438,87.93128967285156,128.13401794433594,84.0590591430664,0.007525697350502014,3.5357933044433594,0.01232969667762518,6.796653747558594,0.01670503057539463,10.044854164123535,0.013134094886481762,13.398754119873047
4464402671,0,128.24151611328125,114.22382354736328,128.20860290527344,95.10867309570312,128.18923950195312,87.92721557617188,128.09666442871094,84.05740356445312,0.006759882904589176,3.540902853012085,0.010668319649994373,6.800759315490723,0.014041793532669544,10.047525405883789,0.009474657475948334,13.400649070739746
4489402672,0,128.18576049804688,114.18912506103516,128.15550231933594,95.09452819824219,128.14027404785156,87.91959381103516,128.05824279785156,84.05075073242188,0.005203594919294119,3.5441441535949707,0.00795753300189972,6.805169582366943,0.010413482785224915,10.052528381347656,0.005711876321583986,13.408268928527832
4514402672,0,128.16363525390625,114.15864562988281,128.11886596679688,95.09441375732422,128.10726928710938,87.92137908935547,128.0352783203125,84.04851531982422,0.004587128292769194,3.5469956398010254,0.006082767155021429,6.80520486831665,0.007962425239384174,10.051356315612793,0.0034603895619511604,13.410829544067383
4539402673,0,128.19810485839844,114.11418914794922,128.1521453857422,95.07588958740234,128.14852905273438,87.91253662109375,128.08859252929688,84.03895568847656,0.005559264682233334,3.5511622428894043,0.007792036514729261,6.8109893798828125,0.01103119645267725,10.05716323852539,0.008696788921952248,13.421796798706055
4564402673,0,128.21678161621094,114.13459777832031,128.16014099121094,95.079345703125,128.15899658203125,87.90888977050781,128.10562133789062,84.02732849121094,0.006080429069697857,3.549248218536377,0.008200298063457012,6.809909343719482,0.011811324395239353,10.059561729431152,0.010378465987741947,13.435159683227539
4589402673,0,128.23068237304688,114.03226470947266,128.17388916015625,95.04985809326172,128.188232421875,87.89761352539062,128.15077209472656,84.01548767089844,0.006486079655587673,3.558863401412964,0.008915688842535019,6.819133281707764,0.013993075117468834,10.066980361938477,0.014829626306891441,13.448793411254883
4614402674,0,128.2399444580078,113.98052215576172,128.18106079101562,95.03640747070312,128.20266723632812,87.89035034179688,128.171630859375,84.00929260253906,0.006754816509783268,3.5637428760528564,0.009288814850151539,6.823348045349121,0.015073034912347794,10.07176399230957,0.01688995771110058,13.455936431884766
4639402674,0,128.2527618408203,113.96882629394531,128.19578552246094,95.0455551147461,128.21388244628906,87.90223693847656,128.17547607421875,84.02750396728516,0.007117628585547209,3.564847230911255,0.010040238499641418,6.820480823516846,0.015895256772637367,10.063936233520508,0.01724221557378769,13.434957504272461
4664402674,0,128.2149658203125,113.94821166992188,128.18212890625,95.03934478759766,128.20562744140625,87.8978271484375,128.17037963867188,84.0243911743164,0.006056289188563824,3.566795825958252,0.009342420846223831,6.822427272796631,0.015286002308130264,10.066839218139648,0.01674577407538891,13.438538551330566
4689402675,0,128.21697998046875,113.82676696777344,128.19186401367188,94.99990844726562,128.2214813232422,87.88040161132812,128.19044494628906,84.01850128173828,0.006130783818662167,3.5783133506774902,0.009858664125204086,6.834810733795166,0.016482621431350708,10.078324317932129,0.018727067857980728,13.445320129394531
4714402675,0,128.26600646972656,113.8674545288086,128.22369384765625,95.01506805419922,128.2523193359375,87.88836669921875,128.22189331054688,84.02352142333984,0.007508725859224796,3.5744471549987793,0.011486624367535114,6.830045700073242,0.01876816898584366,10.073071479797363,0.021810375154018402,13.439538955688477
4739402676,0,128.25828552246094,113.90996551513672,128.24790954589844,95.01972961425781,128.28469848632812,87.88520050048828,128.25875854492188,84.01835632324219,0.007283387240022421,3.570415735244751,0.012727516703307629,6.828581809997559,0.021180836483836174,10.075159072875977,0.025444870814681053,13.445487022399902
4764402676,0,128.2704315185547,114.03903198242188,128.25094604492188,95.06806182861328,128.29042053222656,87.9026870727539,128.27735900878906,84.02592468261719,0.007602479308843613,3.5582258701324463,0.01285641547292471,6.813436031341553,0.02158278226852417,10.063640594482422,0.02725677192211151,13.436773300170898
4789402676,0,128.2987518310547,114.14032745361328,128.2935791015625,95.10789489746094,128.3389892578125,87.91075897216797,128.33242797851562,84.0338134765625,0.00837844330817461,3.5487115383148193,0.015014654956758022,6.80100154876709,0.025179415941238403,10.058331489562988,0.03264712542295456,13.427702903747559
4814402677,0,128.306396484375,114.16088104248047,128.31829833984375,95.11195373535156,128.353759765625,87.90062713623047,128.3318634033203,84.0257568359375,0.008588646538555622,3.5467865467071533,0.016276026144623756,6.799736976623535,0.026293285191059113,10.064996719360352,0.032613515853881836,13.436966896057129
4839402677,0,128.3085174560547,114.15723419189453,128.298095703125,95.1005630493164,128.31881713867188,87.88964080810547,128.2859344482422,84.01786804199219,0.008648848161101341,3.5471277236938477,0.015250490047037601,6.803287029266357,0.02371254749596119,10.072232246398926,0.02811834029853344,13.446049690246582
4864402677,0,128.27406311035156,114.28697967529297,128.27000427246094,95.13594818115234,128.29861450195312,87.89754486083984,128.27023315429688,84.02560424804688,0.00765939662232995,3.535017251968384,0.01379221398383379,6.792270660400391,0.022198902443051338,10.067025184631348,0.026557207107543945,13.437143325805664
4889402678,0,128.2301025390625,114.37872314453125,128.22164916992188,95.15965270996094,128.24429321289062,87.91635131835938,128.2204132080078,84.03160858154297,0.006416883785277605,3.526498317718506,0.01131057646125555,6.784908771514893,0.018139217048883438,10.054656982421875,0.02165033295750618,13.430237770080566
4914402678,0,128.23785400390625,114.3794174194336,128.25640869140625,95.15406799316406,128.28428649902344,87.91160583496094,128.2522735595703,84.03639221191406,0.006632940843701363,3.5264339447021484,0.013087482191622257,6.786642074584961,0.02111508511006832,10.057774543762207,0.02477000094950199,13.424739837646484
4939402678,0,128.19686889648438,114.32185363769531,128.23214721679688,95.14643859863281,128.26123046875,87.9056167602539,128.2218780517578,84.03044128417969,0.005497472360730171,3.5317745208740234,0.011853045783936977,6.789010524749756,0.01940993033349514,10.061713218688965,0.0217963308095932,13.431578636169434
4964402679,0,128.0972442626953,114.29240417480469,128.09890747070312,95.14285278320312,128.10577392578125,87.90150451660156,128.04904174804688,84.02167510986328,0.0027173918206244707,3.5345122814178467,0.0050508310087025166,6.790124416351318,0.007861239835619926,10.06441879272461,0.0048211608082056046,13.441664695739746
4989402679,0,127.9817886352539,114.29454040527344,127.97408294677734,95.14358520507812,127.98390197753906,87.90304565429688,127.93438720703125,84.01301574707031,-0.0005088723264634609,3.534313678741455,-0.0013234441867098212,6.7898969650268555,-0.0011963077122345567,10.06340503692627,-0.006454864516854286,13.451642036437988
5014402680,0,127.9773178100586,114.35636901855469,127.9747085571289,95.13687133789062,127.98674011230469,87.89897918701172,127.93531036376953,84.01164245605469,-0.0006328734452836215,3.5285706520080566,-0.0012918724678456783,6.791983604431152,-0.0009856467368081212,10.066081047058105,-0.006364773493260145,13.453226089477539
5039402680,0,128.01828002929688,114.52587890625,127.98394775390625,95.17347717285156,127.99967956542969,87.91619873046875,127.96853637695312,84.03529357910156,0.0005080122500658035,3.512911081314087,-0.000818644359242171,6.780622959136963,-2.379307807132136e-05,10.054757118225098,-0.0030896030366420746,13.426002502441406
5064402680,0,128.07444763183594,114.54340362548828,128.02169799804688,95.16838073730469,128.04795837402344,87.91184997558594,128.02999877929688,84.03567504882812,0.002068089321255684,3.5112993717193604,0.0011068140156567097,6.782202243804932,0.003562004305422306,10.057615280151367,0.002945668064057827,13.425564765930176
5089402681,0,128.05984497070312,114.40461730957031,127.98793029785156,95.1137924194336,128.00035095214844,87.89659118652344,127.97940826416016,84.01659393310547,0.0016678813844919205,3.5241007804870605,-0.0006171290297061205,6.799164295196533,2.6091231120517477e-05,10.06765365600586,-0.0020251732785254717,13.447517395019531
5114402681,0,127.95207977294922,114.52406311035156,127.88900756835938,95.14794158935547,127.89091491699219,87.91068267822266,127.85729217529297,84.02508544921875,-0.0013317869743332267,3.513078451156616,-0.005666718352586031,6.788543701171875,-0.008102652616798878,10.058382034301758,-0.01402523834258318,13.437739372253418
5139402681,0,127.93172454833984,114.5269775390625,127.85198211669922,95.1364517211914,127.84312438964844,87.90229797363281,127.78842163085938,84.01195526123047,-0.0018973641563206911,3.512809991836548,-0.007560805883258581,6.792113780975342,-0.011658594943583012,10.063897132873535,-0.02081652358174324,13.452865600585938
5164402682,0,127.9216537475586,114.57904052734375,127.82492065429688,95.158935546875,127.82202911376953,87.92407989501953,127.78202056884766,84.03028106689453,-0.002174567896872759,3.508025646209717,-0.008934431709349155,6.785130977630615,-0.013208248652517796,10.049583435058594,-0.021413635462522507,13.431763648986816
5189402682,0,127.953125,114.54615783691406,127.87097930908203,95.13626861572266,127.88613891601562,87.90608978271484,127.8667984008789,84.0190200805664,-0.0013020617188885808,3.5110461711883545,-0.006590474396944046,6.792170524597168,-0.008459847420454025,10.061402320861816,-0.013097578659653664,13.444723129272461
5214402683,0,127.92166137695312,114.56417846679688,127.80296325683594,95.14518737792969,127.82230377197266,87.91370391845703,127.82074737548828,84.02192687988281,-0.0021751155145466328,3.509390354156494,-0.01006090734153986,6.789399147033691,-0.013196463696658611,10.056396484375,-0.017621468752622604,13.441375732421875
5239402683,0,127.95118713378906,114.51904296875,127.85227966308594,95.13488006591797,127.87101745605469,87.91133117675781,127.86436462402344,84.0199966430664,-0.0013567550340667367,3.513540267944336,-0.007546119391918182,6.792602062225342,-0.009580210782587528,10.057955741882324,-0.013335805386304855,13.443596839904785
5264402683,0,128.03724670410156,114.47959899902344,127.93289184570312,95.13272857666016,127.94303894042969,87.90499114990234,127.92182159423828,84.02671813964844,0.0010362345492467284,3.517174005508423,-0.0034284600988030434,6.793271541595459,-0.004232483915984631,10.062125205993652,-0.007682282943278551,13.435860633850098
5289402684,0,128.09912109375,114.4696273803711,127.96100616455078,95.1429214477539,127.97584533691406,87.90799713134766,127.96536254882812,84.02964782714844,0.002758279675617814,3.518094062805176,-0.0019912621937692165,6.790103435516357,-0.0017944695428013802,10.060147285461426,-0.003402856644243002,13.432491302490234
5314402684,0,128.13619995117188,114.33451080322266,128.01380920410156,95.11473083496094,128.04896545410156,87.90746307373047,128.06539916992188,84.02389526367188,0.003802183084189892,3.5305988788604736,0.000706041872035712,6.798872470855713,0.0036378055810928345,10.060498237609863,0.006428026594221592,13.439108848571777
5339402684,0,128.18190002441406,114.41255187988281,128.0979461669922,95.1328353881836,128.14794921875,87.91926574707031,128.181640625,84.03208923339844,0.005068611353635788,3.523366689682007,0.00500390725210309,6.793238162994385,0.010983488522469997,10.052743911743164,0.017841139808297157,13.42968463897705
5364402685,0,128.1830596923828,114.39035034179688,128.09796142578125,95.13758850097656,128.15179443359375,87.94135284423828,128.19386291503906,84.05226135253906,0.005103596951812506,3.525421380996704,0.005003658123314381,6.791760444641113,0.011253336444497108,10.038260459899902,0.019009768962860107,13.406538009643555
5389402685,0,128.21954345703125,114.3128890991211,128.13946533203125,95.11549377441406,128.19918823242188,87.9446029663086,128.23634338378906,84.0689468383789,0.006131948437541723,3.5326077938079834,0.007130397949367762,6.798635005950928,0.01476388331502676,10.0361328125,0.02314327098429203,13.387450218200684
5414402686,0,128.14263916015625,114.393310546875,128.05751037597656,95.13402557373047,128.09564208984375,87.94743347167969,128.10911560058594,84.0699234008789,0.003976418636739254,3.5251474380493164,0.0029379583429545164,6.792868137359619,0.0070877582766115665,10.034280776977539,0.010683977976441383,13.386334419250488
5439402686,0,128.12814331054688,114.37984466552734,128.0155792236328,95.15022277832031,128.0348358154297,87.9649887084961,128.03233337402344,84.06816101074219,0.0035734460689127445,3.5263946056365967,0.0007953188614919782,6.787835121154785,0.002578742802143097,10.022807121276855,0.0031663619447499514,13.388347625732422
5464402686,0,128.17391967773438,114.34146118164062,128.12010192871094,95.13358306884766,128.1397705078125,87.97795867919922,128.1280517578125,84.081787109375,0.00485437735915184,3.529953956604004,0.006135609466582537,6.793005466461182,0.010338199324905872,10.014347076416016,0.012525787577033043,13.372797012329102
5489402687,0,128.15724182128906,114.45315551757812,128.1104736328125,95.18795776367188,128.0970001220703,88.03572845458984,128.0543670654297,84.14429473876953,0.004377324134111404,3.5196142196655273,0.005630497820675373,6.7761383056640625,0.0071488176472485065,9.976827621459961,0.005290713161230087,13.30190658569336
5514402687,0,128.16229248046875,114.12969970703125,128.1396942138672,95.08628845214844,128.12490844726562,87.98966217041016,128.0800323486328,84.10179901123047,0.004552612546831369,3.5497074127197266,0.00715113477781415,6.807741165161133,0.009232156910002232,10.00672435760498,0.007815671153366566,13.350021362304688
5539402687,0,128.1957550048828,114.10556030273438,128.22718811035156,95.06053161621094,128.21353149414062,87.95572662353516,128.16998291015625,84.069580078125,0.0054944478906691074,3.551971912384033,0.011643054895102978,6.815791606903076,0.0158159751445055,10.028857231140137,0.016644231975078583,13.386726379394531
5564402688,0,128.18588256835938,114.16558074951172,128.18637084960938,95.03763580322266,128.17320251464844,87.92630004882812,128.14175415039062,84.04493713378906,0.005209921859204769,3.546346426010132,0.0095607228577137,6.822962760925293,0.012852569110691547,10.048127174377441,0.013908550143241882,13.414932250976562
5589402688,0,128.21820068359375,114.12688446044922,128.24400329589844,94.98929595947266,128.23143005371094,87.90913391113281,128.19033813476562,84.05673217773438,0.006121352780610323,3.549971342086792,0.012543556280434132,6.838150978088379,0.017191899940371513,10.05940055847168,0.01865721493959427,13.40141773223877
5614402689,0,128.10902404785156,114.17524719238281,128.18551635742188,95.01898956298828,128.19573974609375,87.9167251586914,128.16622924804688,84.06436920166016,0.0030550286173820496,3.5454418659210205,0.009524596855044365,6.8288140296936035,0.014533690176904202,10.054410934448242,0.016283713281154633,13.392681121826172
5639402689,0,128.1696319580078,114.32040405273438,128.14541625976562,95.04663848876953,128.15142822265625,87.90792083740234,128.125244140625,84.04866027832031,0.0047370558604598045,3.531909465789795,0.007456860039383173,6.820141315460205,0.011249779723584652,10.060196876525879,0.012284833937883377,13.410663604736328
5664402689,0,128.12814331054688,114.48826599121094,128.06190490722656,95.06880187988281,128.06390380859375,87.89381408691406,128.03919982910156,84.02371215820312,0.003564327023923397,3.5163750648498535,0.0031713976059108973,6.813204765319824,0.004751702770590782,10.06948184967041,0.003852975321933627,13.439319610595703
5689402690,0,128.18003845214844,114.76622009277344,128.08877563476562,95.15792846679688,128.08859252929688,87.91783142089844,128.069091796875,84.0278091430664,0.004975251853466034,3.4909212589263916,0.00453048525378108,6.7854437828063965,0.006577544845640659,10.053685188293457,0.006788762751966715,13.434606552124023
5714402690,0,128.20599365234375,114.64710998535156,128.1532745361328,95.14230346679688,128.14813232421875,87.91484832763672,128.11746215820312,84.02442932128906,0.005708406213670969,3.5017881393432617,0.0078273368999362,6.790294647216797,0.011000134982168674,10.055644989013672,0.011544739827513695,13.438494682312012
5739402690,0,128.23580932617188,114.56624603271484,128.23992919921875,95.12500762939453,128.24282836914062,87.89530181884766,128.2036895751953,84.01586151123047,0.006547058932483196,3.50920033454895,0.01226173248142004,6.79567289352417,0.018054326996207237,10.068502426147461,0.020033853128552437,13.44836139678955
5764402691,0,128.2090301513672,114.46794128417969,128.24850463867188,95.0931396484375,128.26397705078125,87.87139129638672,128.2284698486328,83.99423217773438,0.005816990975290537,3.51824951171875,0.01271751243621111,6.80560302734375,0.01965630240738392,10.084272384643555,0.022511636838316917,13.473334312438965
5789402691,0,128.19554138183594,114.517822265625,128.19210815429688,95.10807800292969,128.2028350830078,87.87279510498047,128.17181396484375,83.98986053466797,0.005435234867036343,3.513652801513672,0.009825000539422035,6.8009443283081055,0.015102203004062176,10.083345413208008,0.016935380175709724,13.478392601013184
5814402692,0,128.15086364746094,114.43710327148438,128.15542602539062,95.09312438964844,128.1579132080078,87.87127685546875,128.1180419921875,83.98924255371094,0.0042013563215732574,3.521096706390381,0.007954111322760582,6.805607318878174,0.01175864227116108,10.08434772491455,0.011635777540504932,13.479107856750488
5839402692,0,128.11834716796875,114.40090942382812,128.11294555664062,95.07120513916016,128.12240600585938,87.85533905029297,128.08738708496094,83.96978759765625,0.0032986279111355543,3.5244438648223877,0.005785614717751741,6.812453269958496,0.009123844094574451,10.094887733459473,0.008628026582300663,13.501667022705078
5864402692,0,128.13772583007812,114.56051635742188,128.1260223388672,95.10243225097656,128.13035583496094,87.85765075683594,128.0936737060547,83.96968078613281,0.0038243632297962904,3.5097267627716064,0.006446744780987501,6.802704334259033,0.009714988991618156,10.093358039855957,0.009248808026313782,13.501791000366211
5889402693,0,128.15304565429688,114.4996337890625,128.08749389648438,95.07281494140625,128.08311462402344,87.83247375488281,128.0457305908203,83.94937133789062,0.0042558517307043076,3.5153276920318604,0.004481545649468899,6.811950206756592,0.006204106844961643,10.1100435256958,0.004522852133959532,13.525418281555176
5914402693,0,128.14462280273438,114.41288757324219,128.07199096679688,95.04014587402344,128.06224060058594,87.82064056396484,128.015380859375,83.94898223876953,0.004029856063425541,3.5233354568481445,0.003692694939672947,6.822176456451416,0.00464943703263998,10.117905616760254,0.0015212490689009428,13.525872230529785
5939402693,0,128.12579345703125,114.3898696899414,128.08975219726562,95.02484130859375,128.07814025878906,87.80980682373047,128.0264892578125,83.95455169677734,0.003507087705656886,3.525465965270996,0.004606796894222498,6.826976776123047,0.005841157864779234,10.125113487243652,0.0026187084149569273,13.519384384155273
5964402694,0,128.12374877929688,114.54771423339844,128.0496368408203,95.06339263916016,128.0281982421875,87.8188247680664,127.96788024902344,83.96054077148438,0.0034372834488749504,3.5109033584594727,0.002543498994782567,6.814896583557129,0.002106679370626807,10.119112968444824,-0.0031737450044602156,13.512414932250977
5989402694,0,128.05795288085938,114.56179809570312,127.95787811279297,95.07351684570312,127.9351806640625,87.81548309326172,127.87996673583984,83.9687271118164,0.0016091839643195271,3.5096089839935303,-0.0021574695128947496,6.81173038482666,-0.004843650385737419,10.121335983276367,-0.011852345429360867,13.502898216247559
6014402695,0,128.00369262695312,114.33837127685547,127.88211822509766,95.00685119628906,127.84375,87.79708862304688,127.77639770507812,83.95393371582031,0.00010307466436643153,3.530240774154663,-0.006055362056940794,6.832627773284912,-0.011689437553286552,10.133585929870605,-0.022106299176812172,13.520103454589844
6039402695,0,127.88932800292969,114.49214172363281,127.71868896484375,95.05426025390625,127.65565490722656,87.81416320800781,127.57742309570312,83.96974182128906,-0.0030780790839344263,3.5160179138183594,-0.01442069560289383,6.817754745483398,-0.025733469054102898,10.122213363647461,-0.041722625494003296,13.501720428466797
6064402695,0,127.91743469238281,114.28629302978516,127.76182556152344,95.01036834716797,127.6845703125,87.79231262207031,127.589111328125,83.94155883789062,-0.002307536778971553,3.535081148147583,-0.012232697568833828,6.831522464752197,-0.023605188354849815,10.136772155761719,-0.040664345026016235,13.534528732299805
6089402696,0,127.91570281982422,114.3549575805664,127.75526428222656,95.03480529785156,127.6893081665039,87.7952880859375,127.60306549072266,83.9337387084961,-0.002352119656279683,3.5287015438079834,-0.012556350789964199,6.823850631713867,-0.023246251046657562,10.134787559509277,-0.03930909186601639,13.543661117553711
6114402696,0,127.97026062011719,114.37744140625,127.8162612915039,95.03736877441406,127.77088165283203,87.79613494873047,127.70296478271484,83.93666076660156,-0.0008293690043501556,3.5266170501708984,-0.009425804950296879,6.823046684265137,-0.017141927033662796,10.134222030639648,-0.029408693313598633,13.54024600982666
6139402696,0,127.96949768066406,114.50712585449219,127.82283782958984,95.08275604248047,127.79443359375,87.82793426513672,127.73825073242188,83.96741485595703,-0.0008480505784973502,3.5146374702453613,-0.009070557542145252,6.808844566345215,-0.015348946675658226,10.113059043884277,-0.025848524644970894,13.504423141479492
6164402697,0,127.90494537353516,114.50047302246094,127.74821472167969,95.06829833984375,127.72413635253906,87.82080841064453,127.6777572631836,83.95482635498047,-0.002643200568854809,3.5152502059936523,-0.012899278663098812,6.813362121582031,-0.020607080310583115,10.117794036865234,-0.03185594826936722,13.519064903259277
6189402697,0,127.90802764892578,114.52189636230469,127.72364807128906,95.07463836669922,127.68267059326172,87.82577514648438,127.6410903930664,83.95565795898438,-0.0025562027003616095,3.513277769088745,-0.01415396947413683,6.811380386352539,-0.02369714342057705,10.114493370056152,-0.03547825664281845,13.518096923828125
6214402697,0,127.93262481689453,114.57593536376953,127.77439880371094,95.1023941040039,127.74871063232422,87.84284210205078,127.71990203857422,83.97726440429688,-0.0018701928202062845,3.5083107948303223,-0.011540777049958706,6.802716255187988,-0.018745267763733864,10.103165626525879,-0.027637766674160957,13.492988586425781
6239402698,0,127.91651916503906,114.50143432617188,127.76182556152344,95.12088775634766,127.73192596435547,87.87449645996094,127.69747161865234,83.99952697753906,-0.002321313600987196,3.5151615142822266,-0.012174224480986595,6.796955108642578,-0.019957467913627625,10.082221984863281,-0.029795635491609573,13.46721363067627
6264402698,0,128.00494384765625,114.49173736572266,127.83698272705078,95.12899017333984,127.80599975585938,87.89087677001953,127.7733383178711,84.01083374023438,0.0001375026913592592,3.516055107116699,-0.008329666219651699,6.794434070587158,-0.014427963644266129,10.071416854858398,-0.02230260521173477,13.454158782958984
6289402699,0,128.03677368164062,114.44669342041016,127.90948486328125,95.1170654296875,127.88996887207031,87.89295196533203,127.8585433959961,84.0127182006836,0.001023867866024375,3.5202109813690186,-0.00462742242962122,6.798145294189453,-0.00818204041570425,10.070050239562988,-0.013916581869125366,13.451985359191895
6314402699,0,128.11534118652344,114.45014190673828,128.01034545898438,95.130615234375,128.0030517578125,87.90229797363281,127.9766845703125,84.02406311035156,0.0032111150212585926,3.5198922157287598,0.0005285830702632666,6.793928623199463,0.0002267988456878811,10.063897132873535,-0.0022916211746633053,13.438916206359863
6339402699,0,128.1231689453125,114.52000427246094,128.03469848632812,95.15289306640625,128.0367889404297,87.91934204101562,128.00970458984375,84.04385375976562,0.0034234074410051107,3.5134520530700684,0.001771152368746698,6.787006378173828,0.002731132786720991,10.052693367004395,0.0009522750042378902,13.416175842285156
6364402700,0,128.08360290527344,114.53783416748047,127.98582458496094,95.1497573852539,127.99205780029297,87.92135620117188,127.96654510498047,84.04796600341797,0.002322718733921647,3.5118114948272705,-0.0007236690144054592,6.787980079650879,-0.0005895374924875796,10.051371574401855,-0.0032816827297210693,13.411459922790527
6389402700,0,128.1744842529297,114.46814727783203,128.0164794921875,95.13321685791016,128.01844787597656,87.9089584350586,127.98344421386719,84.02272033691406,0.00485560717061162,3.518230438232422,0.0008418960496783257,6.79311990737915,0.0013704249868169427,10.059514999389648,-0.001627412741072476,13.440462112426758
6414402700,0,128.23626708984375,114.36478424072266,128.14695739746094,95.11686706542969,128.13388061523438,87.9214096069336,128.06004333496094,84.04281616210938,0.006590962875634432,3.5277903079986572,0.007512995507568121,6.7982072830200195,0.009937720373272896,10.051335334777832,0.005892334505915642,13.417366027832031
6439402701,0,128.35507202148438,114.40876007080078,128.30081176757812,95.14706420898438,128.26551818847656,87.93497467041016,128.15606689453125,84.05960083007812,0.00989490281790495,3.5237174034118652,0.015358527190983295,6.788816452026367,0.01969216763973236,10.042438507080078,0.01529426034539938,13.398134231567383
6464402701,0,128.33627319335938,114.6198959350586,128.32049560546875,95.19860076904297,128.26414489746094,87.94731140136719,128.11997985839844,84.06914520263672,0.009324605576694012,3.504279375076294,0.01632717065513134,6.772846221923828,0.01957516185939312,10.0343599319458,0.011748501099646091,13.387223243713379
6489402702,0,128.33314514160156,114.5750961303711,128.29205322265625,95.18219757080078,128.22720336914062,87.95155334472656,128.08665466308594,84.07784271240234,0.009247587993741035,3.508387804031372,0.014888742938637733,6.777921199798584,0.01683303527534008,10.031585693359375,0.008479167707264423,13.37729549407959
6514402702,0,128.38906860351562,114.55998992919922,128.28163146972656,95.16194152832031,128.21823120117188,87.93472290039062,128.08741760253906,84.06745910644531,0.0108037693426013,3.509775161743164,0.014370002783834934,6.784198760986328,0.01618538238108158,10.042603492736816,0.008561181835830212,13.38914966583252
6539402702,0,128.3323974609375,114.49830627441406,128.2552032470703,95.1302719116211,128.21080017089844,87.90245056152344,128.0938262939453,84.03900909423828,0.009243505075573921,3.5154497623443604,0.013039355166256428,6.7940354347229,0.01566598005592823,10.063796043395996,0.009210526011884212,13.421734809875488
6564402703,0,128.32188415527344,114.61019897460938,128.14527893066406,95.20207977294922,128.06558227539062,87.95082092285156,127.92980194091797,84.07815551757812,0.00892764050513506,3.5051679611206055,0.007399909198284149,6.77177095413208,0.004859080072492361,10.032064437866211,-0.006868709344416857,13.376937866210938
6589402703,0,128.25277709960938,114.62680053710938,128.103515625,95.22538757324219,127.99763488769531,87.98129272460938,127.83722686767578,84.11407470703125,0.00700818607583642,3.5036470890045166,0.005267367232590914,6.764573097229004,-0.00017490026948507875,10.012173652648926,-0.015879731625318527,13.336089134216309
6614402703,0,128.24009704589844,114.60240173339844,128.09445190429688,95.19349670410156,127.9742431640625,87.94436645507812,127.80215454101562,84.08094787597656,0.006660446524620056,3.505882740020752,0.004812770057469606,6.7744245529174805,-0.0019091317662969232,10.036288261413574,-0.01935422047972679,13.373753547668457
6639402704,0,128.1748809814453,114.66201782226562,128.06471252441406,95.18891143798828,127.94660186767578,87.9193115234375,127.76982879638672,84.06307220458984,0.004844531882554293,3.50042462348938,0.0032980607356876135,6.775843620300293,-0.003964171279221773,10.052712440490723,-0.02254985086619854,13.394163131713867
6664402704,0,128.10977172851562,114.70063018798828,127.97108459472656,95.21227264404297,127.85627746582031,87.935791015625,127.68653869628906,84.07919311523438,0.003038133727386594,3.4968979358673096,-0.001472184550948441,6.76862096786499,-0.010658642277121544,10.04190444946289,-0.030668791383504868,13.375754356384277
6689402705,0,128.04795837402344,114.92232513427734,127.89390563964844,95.26712036132812,127.77261352539062,87.92811584472656,127.61080169677734,84.07894134521484,0.0013204801362007856,3.4767701625823975,-0.00538890203461051,6.751722812652588,-0.016871389001607895,10.046935081481934,-0.038079626858234406,13.376041412353516
6714402705,0,128.0183563232422,115.0013427734375,127.8509521484375,95.30229187011719,127.7139663696289,87.9449234008789,127.54058074951172,84.09198760986328,0.0005044920253567398,3.4696462154388428,-0.007559232879430056,6.7409281730651855,-0.02120046131312847,10.035923957824707,-0.04490163177251816,13.361178398132324
6739402705,0,127.90010833740234,115.0037841796875,127.74208068847656,95.3426284790039,127.61988067626953,87.99121856689453,127.45748901367188,84.12545013427734,-0.002745195059105754,3.4694266319274902,-0.013058243319392204,6.728588581085205,-0.028092412278056145,10.005711555480957,-0.05287632718682289,13.323201179504395
6764402706,0,128.00357055664062,115.05032348632812,127.85201263427734,95.31315612792969,127.73065185546875,87.98274230957031,127.56063842773438,84.1264877319336,9.80189724941738e-05,3.4652435779571533,-0.007501951418817043,6.737600803375244,-0.019916513934731483,10.011229515075684,-0.04281911253929138,13.322027206420898
6789402706,0,127.99671173095703,115.14995574951172,127.86196899414062,95.37625122070312,127.74394226074219,88.02139282226562,127.5599136352539,84.14961242675781,-9.006118489196524e-05,3.4563190937042236,-0.006978345103561878,6.718335151672363,-0.01888810098171234,9.986113548278809,-0.04280811920762062,13.295909881591797
6814402706,0,127.96085357666016,115.43463134765625,127.83787536621094,95.45079803466797,127.74146270751953,88.029052734375,127.59175109863281,84.15000915527344,-0.0010651397751644254,3.431044101715088,-0.008170375600457191,6.695706844329834,-0.019061891362071037,9.981149673461914,-0.03970992565155029,13.295462608337402
6839402707,0,127.8515625,115.69627380371094,127.70529174804688,95.55883026123047,127.58299255371094,88.05644226074219,127.43310546875,84.16071319580078,-0.004014669917523861,3.408104658126831,-0.014783906750380993,6.663168907165527,-0.030693411827087402,9.963441848754883,-0.05509267747402191,13.283408164978027
6864402707,0,127.75086212158203,115.67176818847656,127.52465057373047,95.47874450683594,127.3697280883789,87.98809814453125,127.19935607910156,84.11399841308594,-0.006742013618350029,3.4102416038513184,-0.023927025496959686,6.687260627746582,-0.04658883064985275,10.007741928100586,-0.0781092643737793,13.336174011230469
6889402708,0,127.47205352783203,115.85166931152344,127.18094635009766,95.51506042480469,126.98336029052734,87.99020385742188,126.78559112548828,84.12533569335938,-0.014228344894945621,3.3946101665496826,-0.041163936257362366,6.676315784454346,-0.07513871043920517,10.00637149810791,-0.1183645948767662,13.323331832885742
6914402708,0,127.33171081542969,115.833984375,126.98951721191406,95.52049255371094,126.76786041259766,88.00276947021484,126.5508804321289,84.14097595214844,-0.018017899245023727,3.396141290664673,-0.05077303573489189,6.674681186676025,-0.09099455177783966,9.998200416564941,-0.14105914533138275,13.305652618408203
6939402708,0,127.61146545410156,115.63448333740234,127.31549072265625,95.49462890625,127.12918090820312,88.00886535644531,126.92152404785156,84.1449966430664,-0.010523263365030289,3.4134974479675293,-0.03443193435668945,6.682469844818115,-0.0642862394452095,9.994240760803223,-0.10494547337293625,13.301115036010742
6964402709,0,127.8120346069336,115.67821502685547,127.5987319946289,95.49681854248047,127.48633575439453,88.01199340820312,127.36446380615234,84.14439392089844,-0.005085851531475782,3.4096791744232178,-0.020182553678750992,6.681809425354004,-0.03791268914937973,9.992209434509277,-0.06184649467468262,13.30179500579834
6989402709,0,127.65206909179688,115.79922485351562,127.38348388671875,95.52255249023438,127.24226379394531,88.02163696289062,127.11479949951172,84.14229583740234,-0.00938809011131525,3.3991539478302,-0.03097495250403881,6.674062252044678,-0.05589356645941734,9.985955238342285,-0.0861571803689003,13.304162979125977
7014402709,0,127.53172302246094,115.74874114990234,127.21456909179688,95.51460266113281,127.05115509033203,88.02527618408203,126.92049407958984,84.14268493652344,-0.012649922631680965,3.4035377502441406,-0.03947489708662033,6.676453590393066,-0.06997459381818771,9.983596801757812,-0.10506569594144821,13.303723335266113
7039402710,0,127.4559555053711,115.57420349121094,127.08006286621094,95.46488952636719,126.90169525146484,88.01570129394531,126.7708740234375,84.13410949707031,-0.014755556359887123,3.4187729358673096,-0.046332985162734985,6.691445827484131,-0.0810452476143837,9.9898042678833,-0.11971239745616913,13.313407897949219
7064402710,0,127.67630767822266,115.26045227050781,127.34071350097656,95.38411712646484,127.19915008544922,87.9976577758789,127.11275482177734,84.10981750488281,-0.008842844516038895,3.4464690685272217,-0.03331990912556648,6.715940475463867,-0.05916234105825424,10.001522064208984,-0.0865878015756607,13.340917587280273
7089402711,0,127.73899841308594,115.07061004638672,127.46920776367188,95.33349609375,127.37283325195312,87.97821044921875,127.3152847290039,84.094970703125,-0.0071616447530686855,3.463423252105713,-0.026884092018008232,6.731378078460693,-0.046387989073991776,10.014183044433594,-0.06690458208322525,13.35778522491455
7114402711,0,127.74030303955078,115.13292694091797,127.51604461669922,95.33279418945312,127.42802429199219,87.9594497680664,127.36976623535156,84.09300994873047,-0.007115551736205816,3.457841396331787,-0.02451259084045887,6.731593132019043,-0.04235554859042168,10.026424407958984,-0.06159108877182007,13.360014915466309
7139402711,0,127.70403289794922,115.08711242675781,127.43023681640625,95.31499481201172,127.34662628173828,87.95245361328125,127.28042602539062,84.07219696044922,-0.00811795610934496,3.4619433879852295,-0.028880832716822624,6.737037658691406,-0.04840439558029175,10.030997276306152,-0.07044331729412079,13.38373851776123
7164402712,0,127.60546112060547,114.94490051269531,127.2665023803711,95.27996063232422,127.20825958251953,87.94003295898438,127.14971160888672,84.0485610961914,-0.010857474990189075,3.4747321605682373,-0.037236351519823074,6.747777938842773,-0.05870082229375839,10.039124488830566,-0.08340300619602203,13.410778045654297
7189402712,0,127.91057586669922,114.67218780517578,127.6900863647461,95.21572875976562,127.6290512084961,87.93772888183594,127.55435943603516,84.03855895996094,-0.002476626308634877,3.499495267868042,-0.015776440501213074,6.76755428314209,-0.02750668115913868,10.040635108947754,-0.04374826326966286,13.42225170135498
7214402712,0,128.03158569335938,114.62982177734375,127.85477447509766,95.1921615600586,127.78827667236328,87.93006896972656,127.70225524902344,84.02901458740234,0.0008756438619457185,3.5033702850341797,-0.007400352042168379,6.774837493896484,-0.01570730470120907,10.045654296875,-0.029252614825963974,13.433218955993652
7239402713,0,128.0802459716797,114.7467269897461,127.90850067138672,95.2156753540039,127.81664276123047,87.93756103515625,127.69818878173828,84.0498275756836,0.002218558918684721,3.4926953315734863,-0.004657868295907974,6.767570495605469,-0.013596490025520325,10.040743827819824,-0.029600918292999268,13.40932559967041
7264402713,0,128.1607208251953,115.01708984375,127.98994445800781,95.30579376220703,127.88484954833984,87.97309112548828,127.74844360351562,84.07960510253906,0.004415519069880247,3.4682297706604004,-0.0005099084810353816,6.7398552894592285,-0.008519760333001614,10.017520904541016,-0.024611227214336395,13.375284194946289
7289402713,0,128.127685546875,115.28292083740234,127.895263671875,95.36236572265625,127.73835754394531,87.96417999267578,127.54541015625,84.07967376708984,0.0034863888286054134,3.444472312927246,-0.005298234056681395,6.722565650939941,-0.019369224086403847,10.023335456848145,-0.04447491839528084,13.375205993652344
7314402714,0,128.08070373535156,115.06502532958984,127.74261474609375,95.25208282470703,127.48898315429688,87.900634765625,127.17261505126953,84.03886413574219,0.0022147237323224545,3.4639241695404053,-0.013081950135529041,6.756348133087158,-0.03798144310712814,10.06499195098877,-0.08122183382511139,13.421902656555176
7339402714,0,127.98210906982422,114.60643768310547,127.70556640625,95.09188079833984,127.4896469116211,87.83670806884766,127.20509338378906,83.97608184814453,-0.0004962589009664953,3.5055127143859863,-0.015068800188601017,6.805995464324951,-0.038085222244262695,10.107234001159668,-0.07844261080026627,13.49436092376709
7364402715,0,127.8548355102539,114.96923828125,127.56725311279297,95.20252227783203,127.36997985839844,87.88848114013672,127.06491088867188,84.01055908203125,-0.00399257754907012,3.4725375175476074,-0.022041916847229004,6.771633625030518,-0.046862199902534485,10.07299518585205,-0.09201114624738693,13.454476356506348
7389402715,0,128.0154266357422,115.16663360595703,127.87570190429688,95.26905822753906,127.77323913574219,87.9162368774414,127.58978271484375,84.0242919921875,0.00042235117871314287,3.454829216003418,-0.006313007790595293,6.751127243041992,-0.016837529838085175,10.054732322692871,-0.0403185673058033,13.438652992248535
7414402715,0,128.0904083251953,115.1533432006836,127.96757507324219,95.31602478027344,127.90254211425781,87.97087860107422,127.76528930664062,84.0746078491211,0.002475965768098831,3.4560163021087646,-0.0016435205470770597,6.736722469329834,-0.007211719639599323,10.018963813781738,-0.02297261916100979,13.380986213684082
7439402716,0,128.06642150878906,114.93560028076172,128.02708435058594,95.28791046142578,127.98081970214844,88.00028991699219,127.85841369628906,84.12451171875,0.0018282764358446002,3.475571632385254,0.0013744804309681058,6.745337963104248,-0.0014167007757350802,9.999811172485352,-0.01380090694874525,13.324263572692871
7464402716,0,128.12149047851562,114.95594024658203,127.9493637084961,95.33840942382812,127.88558959960938,88.05165100097656,127.7445068359375,84.17807006835938,0.0033424864523112774,3.47373628616333,-0.002564137103036046,6.72987699508667,-0.008423574268817902,9.966534614562988,-0.024794278666377068,13.26390552520752
7489402716,0,128.3418426513672,115.09801483154297,127.95154571533203,95.46068572998047,127.83763885498047,88.14260864257812,127.66266632080078,84.25846862792969,0.00937388464808464,3.4609663486480713,-0.0024408558383584023,6.692716598510742,-0.011886637657880783,9.908123016357422,-0.03252176567912102,13.174288749694824
7514402717,0,128.0710906982422,114.63163757324219,127.8731918334961,95.26067352294922,127.80607604980469,88.01386260986328,127.66790008544922,84.15071105957031,0.0019707493484020233,3.503204345703125,-0.006442813668400049,6.75370454788208,-0.014311527833342552,9.990997314453125,-0.032301127910614014,13.294671058654785
7539402717,0,128.0807647705078,114.82234191894531,127.91197967529297,95.26995086669922,127.85882568359375,87.96936798095703,127.72130584716797,84.10194396972656,0.0022289594635367393,3.4858217239379883,-0.004470314830541611,6.750852584838867,-0.010447649285197258,10.019948959350586,-0.02721593901515007,13.34985637664795
7564402718,0,128.21849060058594,115.20289611816406,127.94892120361328,95.41253662109375,127.8938217163086,88.03173065185547,127.77130889892578,84.1532974243164,0.005976825021207333,3.4515933990478516,-0.0025783556047827005,6.707303047180176,-0.007827190682291985,9.979415893554688,-0.022238513454794884,13.291756629943848
7589402718,0,127.9871826171875,115.34703063964844,127.8595962524414,95.45376586914062,127.80083465576172,88.0332260131836,127.66468048095703,84.17414093017578,-0.0003494545235298574,3.438786506652832,-0.0070748417638242245,6.6948089599609375,-0.01468058954924345,9.978447914123535,-0.03255150839686394,13.268315315246582
7614402718,0,127.88127136230469,115.86073303222656,127.72428894042969,95.58763885498047,127.65015411376953,88.0773696899414,127.51217651367188,84.22332000732422,-0.003199117723852396,3.3938260078430176,-0.013814028352499008,6.654541969299316,-0.02571653202176094,9.949951171875,-0.04716547206044197,13.213322639465332
7639402719,0,127.82341766357422,115.83463287353516,127.62506866455078,95.58824157714844,127.54723358154297,88.08229064941406,127.41826629638672,84.22188568115234,-0.0047608064487576485,3.396084785461426,-0.018784811720252037,6.654362201690674,-0.033271852880716324,9.946784973144531,-0.056251827627420425,13.214920043945312
7664402719,0,128.1320343017578,115.62212371826172,127.6880111694336,95.59642028808594,127.56383514404297,88.13355255126953,127.42057800292969,84.25399017333984,0.0035770961549133062,3.4145779609680176,-0.0156258475035429,6.65191650390625,-0.03195003420114517,9.913908958435059,-0.05588150396943092,13.179250717163086
7689402719,0,127.99711608886719,115.34701538085938,127.69517517089844,95.49942779541016,127.60363006591797,88.09004211425781,127.48334503173828,84.22616577148438,-7.862729398766533e-05,3.4387876987457275,-0.015330054797232151,6.681023597717285,-0.02911348268389702,9.941800117492676,-0.04994142800569534,13.210153579711914
7714402720,0,128.15794372558594,115.48189544677734,127.84852600097656,95.54827880859375,127.75213623046875,88.10437774658203,127.62330627441406,84.25643920898438,0.004292838741093874,3.4268798828125,-0.007602029480040073,6.666333198547363,-0.018189456313848495,9.932594299316406,-0.03632241487503052,13.176536560058594
7739402720,0,128.04774475097656,115.49264526367188,127.74031829833984,95.54289245605469,127.65504455566406,88.08869934082031,127.5472640991211,84.23189544677734,0.0012973599368706346,3.425934076309204,-0.013035634532570839,6.66795015335083,-0.025339189916849136,9.942663192749023,-0.04374231770634651,13.203778266906738
7764402721,0,127.82808685302734,115.64271545410156,127.42008209228516,95.56287384033203,127.3229751586914,88.08324432373047,127.2403335571289,84.2198486328125,-0.004655303433537483,3.41277813911438,-0.02908632718026638,6.661956310272217,-0.04974868521094322,9.946171760559082,-0.0734696164727211,13.217190742492676
7789402721,0,127.77013397216797,115.61894989013672,127.32997131347656,95.55278015136719,127.23981475830078,88.07404327392578,127.16731262207031,84.2115478515625,-0.006228023674339056,3.414855718612671,-0.03362032026052475,6.66498327255249,-0.05589139834046364,9.952094078063965,-0.08058643341064453,13.226446151733398
7814402721,0,127.73643493652344,115.65464782714844,127.3713150024414,95.55915832519531,127.28829956054688,88.07582092285156,127.22205352783203,84.20304870605469,-0.007135230116546154,3.411736011505127,-0.0315372608602047,6.663070201873779,-0.05232084169983864,9.950948715209961,-0.0753411129117012,13.235937118530273
7839402722,0,127.7617416381836,115.72771453857422,127.46915435791016,95.57103729248047,127.38346862792969,88.06451416015625,127.30462646484375,84.19967651367188,-0.006439349614083767,3.4053666591644287,-0.026615841314196587,6.659510612487793,-0.04535636678338051,9.958234786987305,-0.06736285984516144,13.239706039428711
7864402722,0,127.91676330566406,115.24201965332031,127.65937805175781,95.39950561523438,127.57389831542969,87.97638702392578,127.48339080810547,84.13446807861328,-0.002274885307997465,3.448108673095703,-0.017203491181135178,6.711260795593262,-0.03151993453502655,10.01537036895752,-0.050314366817474365,13.313002586364746
7889402722,0,127.91804504394531,115.17888641357422,127.70199584960938,95.38459014892578,127.62928771972656,87.9858627319336,127.54899597167969,84.1487045288086,-0.002243130002170801,3.453735113143921,-0.015060631558299065,6.71579647064209,-0.027406373992562294,10.009198188781738,-0.043873380869627,13.296934127807617
7914402723,0,127.95018768310547,115.35671997070312,127.77054595947266,95.41889953613281,127.68889617919922,87.99534606933594,127.59961700439453,84.15974426269531,-0.0013577848440036178,3.4379284381866455,-0.011579235084354877,6.705371856689453,-0.022985942661762238,10.003026008605957,-0.03891363739967346,13.28449821472168
7939402723,0,127.822509765625,115.63079833984375,127.51802825927734,95.47264099121094,127.38581848144531,87.99058532714844,127.27435302734375,84.13709259033203,-0.004807640332728624,3.4138195514678955,-0.024266673251986504,6.689103603363037,-0.04539238661527634,10.006123542785645,-0.07065799832344055,13.310037612915039
7964402724,0,128.72605895996094,117.18970489501953,127.76551818847656,96.28250885009766,127.53009033203125,88.50605010986328,127.3705825805664,84.4940185546875,0.018988167867064476,3.282254457473755,-0.011412118561565876,6.452669143676758,-0.03364510089159012,9.681151390075684,-0.059537045657634735,12.918373107910156
7989402724,0,129.2965087890625,118.56195068359375,127.86922454833984,97.15226745605469,127.63487243652344,89.17444610595703,127.52435302734375,85.0142822265625,0.032907504588365555,3.1737332344055176,-0.006144686136394739,6.215705394744873,-0.025125375017523766,9.288813591003418,-0.04319318011403084,12.385952949523926
8014402724,0,129.14918518066406,116.93043518066406,128.25808715820312,96.29866790771484,128.0529022216797,88.67496490478516,127.85070037841797,84.72418212890625,0.03022734634578228,3.3035025596618652,0.012552625499665737,6.448111534118652,0.00374938128516078,9.579030990600586,-0.013866902329027653,12.677460670471191
8039402725,0,129.51341247558594,119.95537567138672,128.32582092285156,98.18852233886719,128.12261962890625,90.0248794555664,127.98757934570312,85.71005249023438,0.03729671984910965,3.069892406463623,0.014703427441418171,5.953927993774414,0.008039671927690506,8.831685066223145,-0.0010706708999350667,11.737079620361328
8064402725,0,130.33358764648438,122.0006332397461,128.5447235107422,99.03620910644531,128.26194763183594,90.43922424316406,128.10519409179688,85.89183044433594,0.05515682324767113,2.927957534790039,0.023811182007193565,5.754708766937256,0.0167889092117548,8.62424087524414,0.008949165232479572,11.578263282775879
8089402725,0,130.0579376220703,118.2359619140625,128.48486328125,97.14939880371094,128.29905700683594,89.27430725097656,128.1792755126953,85.13369750976562,0.05260208249092102,3.198930025100708,0.022784646600484848,6.21645975112915,0.020459923893213272,9.232803344726562,0.016131866723299026,12.269700050354004
8114402726,0,131.05519104003906,120.7865219116211,128.51995849609375,98.5673828125,128.29075622558594,90.37073516845703,128.25172424316406,86.03518676757812,0.07400978356599808,3.010777711868286,0.02312972955405712,5.863318920135498,0.01870480179786682,8.65788459777832,0.02119617350399494,11.455916404724121
8139402726,0,130.24374389648438,117.8765869140625,128.4593048095703,96.59878540039062,128.22689819335938,88.88504791259766,128.12115478515625,84.87965393066406,0.05780066177248955,3.2271220684051514,0.02206672914326191,6.364561080932617,0.01588105596601963,9.454873085021973,0.011116985231637955,12.519601821899414
8164402727,0,129.08905029296875,115.96768188476562,127.95027160644531,95.6199951171875,127.74166870117188,88.18218231201172,127.57772064208984,84.29988861083984,0.02927284874022007,3.3845975399017334,-0.002488142577931285,6.644878387451172,-0.018866466358304024,9.882914543151855,-0.04057413712143898,13.12857723236084
8189402727,0,128.57969665527344,115.1715316772461,128.06597900390625,95.36212158203125,127.97286224365234,88.03839874267578,127.85848999023438,84.18697357177734,0.01586916111409664,3.4543914794921875,0.003337675239890814,6.722640037536621,-0.0019996941555291414,9.97510051727295,-0.013722773641347885,13.253922462463379
8214402727,0,128.7550506591797,115.29280090332031,128.0965118408203,95.46307373046875,127.99584197998047,88.12518310546875,127.88983917236328,84.26348114013672,0.02061156928539276,3.4435949325561523,0.00486123189330101,6.691994667053223,-0.0003047421632800251,9.919262886047363,-0.010616077110171318,13.168741226196289
8239402728,0,128.9156951904297,115.37445068359375,128.18873596191406,95.56849670410156,128.0639190673828,88.20713806152344,127.9422607421875,84.33223724365234,0.024949830025434494,3.4363596439361572,0.00946397241204977,6.660272121429443,0.004660952836275101,9.867080688476562,-0.005533245857805014,13.093091011047363
8264402728,0,128.5286407470703,115.00531005859375,128.03030395507812,95.38274383544922,127.94001007080078,88.0716323852539,127.8324203491211,84.2203140258789,0.014527442865073681,3.4692893028259277,0.0015316323842853308,6.7163591384887695,-0.004411324858665466,9.953646659851074,-0.016206512227654457,13.216670989990234
8289402728,0,128.74021911621094,115.09141540527344,128.0074462890625,95.4447021484375,127.90069580078125,88.12980651855469,127.81527709960938,84.26976013183594,0.020301127806305885,3.461557626724243,0.0003753581258933991,6.69755220413208,-0.007275939453393221,9.916304588317871,-0.017792431637644768,13.161797523498535
8314402729,0,128.33425903320312,114.70331573486328,128.03622436523438,95.22836303710938,127.97053527832031,87.97868347167969,127.90231323242188,84.14778900146484,0.009250649251043797,3.496652603149414,0.0018430317286401987,6.763655662536621,-0.002179274568334222,10.013874053955078,-0.009503621608018875,13.297966003417969
8339402729,0,128.3028564453125,114.92066955566406,128.04681396484375,95.31389617919922,127.98477935791016,88.01809692382812,127.92451477050781,84.18019104003906,0.008339134976267815,3.4769198894500732,0.0023730737157166004,6.7373738288879395,-0.0011229816591367126,9.988249778747559,-0.007324172183871269,13.261526107788086
8364402730,0,128.13616943359375,114.89486694335938,127.97223663330078,95.27063751220703,127.92860412597656,87.97727966308594,127.88024139404297,84.13460540771484,0.0037516725715249777,3.4792518615722656,-0.001409985008649528,6.750641822814941,-0.005281058140099049,10.014789581298828,-0.011663575656712055,13.312848091125488
8389402730,0,128.03689575195312,114.96817016601562,127.89203643798828,95.2874984741211,127.8720703125,87.98443603515625,127.84447479248047,84.1418228149414,0.0010147992288693786,3.4726338386535645,-0.005479047074913979,6.745464324951172,-0.009458552114665508,10.010126113891602,-0.01513796579092741,13.304696083068848
8414402730,0,127.95930480957031,114.86866760253906,127.7917251586914,95.24856567382812,127.78269958496094,87.97727966308594,127.76637268066406,84.13770294189453,-0.0011218988802284002,3.4816224575042725,-0.010587447322905064,6.757430076599121,-0.016073422506451607,10.014789581298828,-0.022747714072465897,13.309348106384277
8439402731,0,127.79673767089844,115.251220703125,127.57693481445312,95.40728759765625,127.553466796875,88.03874969482422,127.52234649658203,84.18001556396484,-0.005554042290896177,3.4472899436950684,-0.021360274404287338,6.708896636962891,-0.032902877777814865,9.974873542785645,-0.046346377581357956,13.261723518371582
8464402731,0,127.63321685791016,115.64640045166016,127.410888671875,95.54165649414062,127.37621307373047,88.0837631225586,127.3427963256836,84.2018814086914,-0.009931424632668495,3.4124560356140137,-0.029574062675237656,6.668321132659912,-0.045835208147764206,9.945837020874023,-0.06365372240543365,13.237241744995117
8489402731,0,127.7116470336914,115.69705200195312,127.51573181152344,95.50645446777344,127.49234008789062,88.02938079833984,127.45658874511719,84.1578140258789,-0.0077987127006053925,3.408036947250366,-0.024347225204110146,6.678906440734863,-0.03742887079715729,9.980937004089355,-0.05282309278845787,13.28667163848877
8514402732,0,127.66914367675781,115.64807891845703,127.47843933105469,95.48486328125,127.41919708251953,88.02642822265625,127.36215209960938,84.16926574707031,-0.008958286605775356,3.412309408187866,-0.026246260851621628,6.685414791107178,-0.042829468846321106,9.982850074768066,-0.061944592744112015,13.273791313171387
8539402732,0,127.76314544677734,115.45970916748047,127.56547546386719,95.46209716796875,127.52789306640625,88.04086303710938,127.46707153320312,84.17444610595703,-0.006440885365009308,3.428833484649658,-0.02188759855926037,6.69228982925415,-0.03478270024061203,9.973506927490234,-0.05173331871628761,13.267972946166992
8564402732,0,127.60316467285156,115.58010864257812,127.39315032958984,95.46692657470703,127.35140991210938,88.03044128417969,127.30219268798828,84.17127990722656,-0.010761496610939503,3.41825532913208,-0.03056156262755394,6.690830230712891,-0.04781624674797058,9.98025131225586,-0.06775633245706558,13.271528244018555
8589402733,0,127.32695007324219,116.01070404052734,127.10049438476562,95.64360046386719,127.03103637695312,88.11315155029297,126.97867584228516,84.23391723632812,-0.018073389306664467,3.3808982372283936,-0.044961512088775635,6.637845039367676,-0.07106857746839523,9.92696762084961,-0.09866172820329666,13.201530456542969
8614402733,0,127.39324951171875,115.81713104248047,127.1890640258789,95.51477813720703,127.14524841308594,88.04016876220703,127.14707946777344,84.18230438232422,-0.016365032643079758,3.397601366043091,-0.040756452828645706,6.676401138305664,-0.06297694891691208,9.973955154418945,-0.08274271339178085,13.2591552734375
8639402734,0,127.50788116455078,115.58838653564453,127.30677032470703,95.46742248535156,127.2501449584961,88.04303741455078,127.2205581665039,84.19031524658203,-0.013342888094484806,3.4175305366516113,-0.034911006689071655,6.690680027008057,-0.055238429456949234,9.972100257873535,-0.07556477189064026,13.250179290771484
8664402734,0,127.69409942626953,115.21897888183594,127.5381088256836,95.38056945800781,127.51666259765625,88.03668212890625,127.49931335449219,84.20687866210938,-0.008364816196262836,3.450160026550293,-0.023347221314907074,6.717020511627197,-0.03561939671635628,9.976211547851562,-0.04847435653209686,13.231658935546875
8689402734,0,127.75188446044922,115.21566009521484,127.60905456542969,95.36530303955078,127.55899047851562,88.02493286132812,127.50008392333984,84.2091064453125,-0.006785212550312281,3.450455904006958,-0.01977403834462166,6.721670627593994,-0.032523881644010544,9.983819007873535,-0.04839091747999191,13.229170799255371
8714402735,0,127.81204986572266,115.08811950683594,127.7042236328125,95.38453674316406,127.70449829101562,88.0342025756836,127.68492126464844,84.21050262451172,-0.0051550837233662605,3.46185302734375,-0.014948077499866486,6.715812683105469,-0.02178027108311653,9.977815628051758,-0.030495528131723404,13.227611541748047
8739402735,0,127.87677001953125,115.12654113769531,127.80551147460938,95.4132080078125,127.8169937133789,88.04379272460938,127.79354095458984,84.21355438232422,-0.003376932581886649,3.4584126472473145,-0.009817110374569893,6.707098960876465,-0.013480611145496368,9.971611976623535,-0.019977562129497528,13.224207878112793
8764402735,0,127.82787322998047,115.27603912353516,127.73240661621094,95.47068786621094,127.69645690917969,88.07106018066406,127.64620971679688,84.21855163574219,-0.004700581077486277,3.4450836181640625,-0.013474113307893276,6.689693927764893,-0.022321656346321106,9.954014778137207,-0.03421974554657936,13.218634605407715
8789402736,0,128.4427032470703,115.88265991210938,128.14459228515625,95.8008041381836,128.06549072265625,88.32384490966797,127.95674896240234,84.429443359375,0.011922583915293217,3.391930341720581,0.007179664447903633,6.591360092163086,0.00474141538143158,9.79367733001709,-0.00411240104585886,12.987565994262695
8814402736,0,128.55117797851562,115.48451232910156,128.3189239501953,95.63638305664062,128.2473602294922,88.2715835571289,128.10614013671875,84.4197998046875,0.014979865401983261,3.426649570465088,0.01594618335366249,6.639993667602539,0.017965970560908318,9.826416969299316,0.010099868290126324,12.99796199798584
8839402737,0,128.98353576660156,116.35527038574219,128.43350219726562,96.3650131225586,128.34527587890625,88.9349365234375,128.2211151123047,85.0390625,0.02620568871498108,3.351526975631714,0.02102690376341343,6.429464817047119,0.024095354601740837,9.425841331481934,0.020041154697537422,12.361654281616211
8864402737,0,129.03140258789062,117.07491302490234,128.46571350097656,96.96057891845703,128.38177490234375,89.40460968017578,128.2687225341797,85.41825866699219,0.027042321860790253,3.2916321754455566,0.022050315514206886,6.2665114402771,0.025923507288098335,9.160685539245605,0.02366783656179905,12.001012802124023
8889402737,0,128.90550231933594,117.66266632080078,128.45472717285156,97.33358001708984,128.3998260498047,89.69789123535156,128.2877197265625,85.65132904052734,0.02343575470149517,3.244114637374878,0.021213140338659286,6.168356418609619,0.02669932134449482,9.002249717712402,0.02490837126970291,11.789288520812988
8914402738,0,129.0789337158203,117.39508819580078,128.4590606689453,97.34855651855469,128.34437561035156,89.74236297607422,128.2423095703125,85.71833801269531,0.028089016675949097,3.265594482421875,0.021402645856142044,6.164475917816162,0.022938847541809082,8.978683471679688,0.02087467350065708,11.729748725891113
8939402738,0,128.9917449951172,116.4063949584961,128.4118194580078,96.54316711425781,128.31002807617188,89.11060333251953,128.2288055419922,85.2102279663086,0.02639399655163288,3.34720778465271,0.019830191507935524,6.3798909187316895,0.02141343429684639,9.324963569641113,0.020469482988119125,12.196300506591797
8964402738,0,128.92660522460938,116.23804473876953,128.4243927001953,96.29715728759766,128.3172607421875,88.84220886230469,128.21310424804688,84.94710540771484,0.02475423365831375,3.3614680767059326,0.020642537623643875,6.448537349700928,0.022262193262577057,9.479939460754395,0.019452260807156563,12.452293395996094
8989402739,0,128.9110565185547,116.30908203125,128.36819458007812,96.33982849121094,128.24868774414062,88.86444854736328,128.13662719726562,84.97142791748047,0.024299828335642815,3.3554375171661377,0.017877653241157532,6.436530590057373,0.017427412793040276,9.466910362243652,0.01244801189750433,12.428194046020508
9014402739,0,128.84088134765625,116.24422454833984,128.34051513671875,96.25643920898438,128.22647094726562,88.80972290039062,128.1141815185547,84.93711853027344,0.02246098406612873,3.3609426021575928,0.01659052073955536,6.460033893585205,0.01592218317091465,9.499032974243164,0.010430590249598026,12.462214469909668
9039402740,0,128.79769897460938,116.46806335449219,128.2505340576172,96.34321594238281,128.1230010986328,88.83907318115234,128.00367736816406,84.948974609375,0.0212002731859684,3.3420112133026123,0.012162964791059494,6.435579776763916,0.008632596582174301,9.481779098510742,0.0003356235392857343,12.450438499450684
9064402740,0,128.8711395263672,116.54254150390625,128.2824249267578,96.24112701416016,128.1591033935547,88.72203063964844,128.04953002929688,84.827392578125,0.023113373667001724,3.335754156112671,0.013768951408565044,6.464366912841797,0.011244524270296097,9.550945281982422,0.004563319031149149,12.57223892211914
9089402740,0,128.85263061523438,116.55221557617188,128.20394897460938,96.32228088378906,128.07489013671875,88.80538940429688,127.9637680053711,84.90579223632812,0.02261737920343876,3.3349430561065674,0.009909868240356445,6.441463470458984,0.005266556050628424,9.501585960388184,-0.003317861119285226,12.49343490600586
9114402741,0,128.64501953125,116.52471160888672,128.0727081298828,96.3455810546875,127.95281982421875,88.84258270263672,127.8486557006836,84.94914245605469,0.017120733857154846,3.337250232696533,0.003529502311721444,6.434915542602539,-0.003310560481622815,9.479720115661621,-0.013812609016895294,12.450272560119629
9139402741,0,128.29489135742188,116.22649383544922,127.90775299072266,96.16182708740234,127.8253173828125,88.70341491699219,127.73150634765625,84.82909393310547,0.007880072109401226,3.362450361251831,-0.00451204227283597,6.48689603805542,-0.012359333224594593,9.562034606933594,-0.02473367750644684,12.570518493652344
9164402741,0,128.12986755371094,116.44696044921875,127.6702651977539,96.19530487060547,127.58372497558594,88.69499206542969,127.49537658691406,84.8089828491211,0.003453100798651576,3.343787908554077,-0.016105875372886658,6.477367401123047,-0.02946760132908821,9.567060470581055,-0.04655897244811058,12.590882301330566
9189402742,0,128.06854248046875,116.20429992675781,127.67172241210938,95.92100524902344,127.57486724853516,88.43016052246094,127.46355438232422,84.57054901123047,0.001832508249208331,3.3643393516540527,-0.01621856354176998,6.5562286376953125,-0.030579710379242897,9.727715492248535,-0.050433848053216934,12.837289810180664
9214402742,0,127.7415771484375,116.14564514160156,127.4957275390625,95.72962188720703,127.4121322631836,88.19267272949219,127.2919692993164,84.33711242675781,-0.0069182091392576694,3.3693408966064453,-0.025114530697464943,6.612332344055176,-0.042905379086732864,9.876253128051758,-0.06782490760087967,13.087759017944336
9239402743,0,127.58963012695312,116.18770599365234,127.25457000732422,95.74071502685547,127.15194702148438,88.17581176757812,127.03105163574219,84.32135772705078,-0.010975508019328117,3.365752935409546,-0.0371076725423336,6.609055519104004,-0.06195944920182228,9.886964797973633,-0.09293787181377411,13.105005264282227
9264402743,0,127.18017578125,116.24037170410156,126.53849792480469,95.82582092285156,126.31597900390625,88.21477508544922,126.11222076416016,84.3609619140625,-0.02190042845904827,3.361269950866699,-0.0724940225481987,6.584019184112549,-0.12274030596017838,9.862245559692383,-0.18048852682113647,13.061735153198242
9289402743,0,127.36738586425781,116.4383773803711,126.89691162109375,95.90824890136719,126.7321548461914,88.26759338378906,126.56168365478516,84.39939880371094,-0.016824081540107727,3.344511032104492,-0.054527200758457184,6.559940814971924,-0.09210720658302307,9.828926086425781,-0.1370895802974701,13.020005226135254
9314402744,0,127.43809509277344,116.18534088134766,127.02214813232422,95.82212829589844,126.86306762695312,88.2326431274414,126.70292663574219,84.37016296386719,-0.015029178000986576,3.3659543991088867,-0.0485113300383091,6.585102081298828,-0.08277440071105957,9.85094928741455,-0.1239195317029953,13.051722526550293
9339402744,0,127.58039855957031,115.98237609863281,127.21674346923828,95.72470092773438,127.07588195800781,88.1701431274414,126.9483413696289,84.31939697265625,-0.01127480249851942,3.383333444595337,-0.039017003029584885,6.613786697387695,-0.0675404891371727,9.890570640563965,-0.10088717192411423,13.10715389251709
9364402744,0,127.3017807006836,116.3746566772461,126.9004898071289,95.77140808105469,126.75279998779297,88.15859985351562,126.64180755615234,84.32244873046875,-0.018595483154058456,3.3498878479003906,-0.054663196206092834,6.600006103515625,-0.09121852368116379,9.897921562194824,-0.1302611529827118,13.103809356689453
9389402745,0,126.96958923339844,116.85820007324219,126.44063568115234,95.85272216796875,126.209716796875,88.16304016113281,126.03870391845703,84.32780456542969,-0.0271468348801136,3.309466600418091,-0.07726099342107773,6.57614278793335,-0.13090291619300842,9.895092964172363,-0.1880217343568802,13.097942352294922
9414402745,0,127.24832153320312,116.92807006835938,126.85549926757812,95.8280029296875,126.66825103759766,88.15314483642578,126.54716491699219,84.33745574951172,-0.01977265439927578,3.3036975860595703,-0.05676479637622833,6.583379745483398,-0.09743520617485046,9.901399612426758,-0.1391686350107193,13.087383270263672
9439402746,0,127.41053771972656,116.50116729736328,127.08541107177734,95.75029754638672,126.94584655761719,88.1307601928711,126.85675048828125,84.31886291503906,-0.01565435715019703,3.3392274379730225,-0.04551007226109505,6.606227874755859,-0.07723241299390793,9.915694236755371,-0.10967838764190674,13.10774040222168
9464402746,0,127.5557861328125,116.43501281738281,127.28437805175781,95.73493194580078,127.19318389892578,88.13385009765625,127.13636779785156,84.32199096679688,-0.011814556084573269,3.344794273376465,-0.035632502287626266,6.6107635498046875,-0.0590999610722065,9.913719177246094,-0.08283208310604095,13.104310989379883
9489402746,0,127.5773696899414,116.44322204589844,127.33549499511719,95.75187683105469,127.26995849609375,88.15235900878906,127.25344848632812,84.31645202636719,-0.011238433420658112,3.3441028594970703,-0.03306366130709648,6.605761528015137,-0.053414877504110336,9.901901245117188,-0.0716349184513092,13.110383987426758
9514402747,0,127.69480895996094,116.01011657714844,127.48548889160156,95.64089965820312,127.41300964355469,88.11713409423828,127.38960266113281,84.27499389648438,-0.008195395581424236,3.380948781967163,-0.025720618665218353,6.638648986816406,-0.0430421344935894,9.924416542053223,-0.0587681420147419,13.156014442443848
9539402747,0,127.76895141601562,115.89151000976562,127.53813934326172,95.59469604492188,127.46415710449219,88.09175872802734,127.45230102539062,84.23827362060547,-0.006221189629286528,3.3911657333374023,-0.023133814334869385,6.652432441711426,-0.039353612810373306,9.940696716308594,-0.052889857441186905,13.196688652038574
9564402747,0,127.6098861694336,115.63536071777344,127.34870910644531,95.52407836914062,127.26154327392578,88.05713653564453,127.2350845336914,84.19474029541016,-0.01056582573801279,3.4134209156036377,-0.03271997720003128,6.67360258102417,-0.05435100942850113,9.962993621826172,-0.07412957400083542,13.245226860046387
9589402748,0,127.8619155883789,115.40457916259766,127.656005859375,95.43582916259766,127.58253479003906,88.01707458496094,127.5423812866211,84.16033935546875,-0.0037597566843032837,3.4336965084075928,-0.017346879467368126,6.700239181518555,-0.03080262616276741,9.988913536071777,-0.04447426274418831,13.283828735351562
9614402748,0,128.25064086914062,115.75120544433594,127.9563217163086,95.5123062133789,127.85481262207031,88.05976104736328,127.77218627929688,84.20994567871094,0.006770371925085783,3.4033236503601074,-0.002195437205955386,6.677145004272461,-0.010684161446988583,9.961299896240234,-0.022050416097044945,13.22823429107666
9639402749,0,128.4912872314453,116.5107192993164,128.0835418701172,95.77799224853516,127.98220825195312,88.2286148071289,127.90605163574219,84.34039306640625,0.013044320978224277,3.3384249210357666,0.0041522132232785225,6.598067283630371,-0.001295650377869606,9.853493690490723,-0.008997272700071335,13.084173202514648
9664402749,0,128.61956787109375,116.801025390625,128.2196044921875,95.90935516357422,128.12135314941406,88.32844543457031,128.0398406982422,84.42988586425781,0.016343744471669197,3.3142004013061523,0.010854854248464108,6.5596184730529785,0.008783281780779362,9.790804862976074,0.0037880041636526585,12.987090110778809
9689402749,0,128.38673400878906,116.52001190185547,128.09976196289062,95.75251770019531,128.0244903564453,88.20015716552734,127.95841979980469,84.32019805908203,0.010266153141856194,3.3376448154449463,0.004963705316185951,6.605572700500488,0.0017865966074168682,9.871504783630371,-0.003988591488450766,13.106276512145996
9714402750,0,128.42825317382812,117.22052001953125,128.10586547851562,95.94374084472656,128.0398712158203,88.27660369873047,127.98223876953125,84.36831665039062,0.011192205362021923,3.279745101928711,0.005225321743637323,6.549623966217041,0.0028949850238859653,9.823263168334961,-0.0016971222357824445,13.053730964660645
9739402750,0,128.31280517578125,117.08515930175781,128.04855346679688,95.89561462402344,127.97620391845703,88.22106170654297,127.90872955322266,84.30968475341797,0.008199567906558514,3.290792942047119,0.0024013344664126635,6.563620090484619,-0.0017337114550173283,9.858267784118652,-0.008762617595493793,13.11781120300293
9764402750,0,128.2884063720703,116.20060729980469,128.0874481201172,95.64386749267578,128.0465850830078,88.10374450683594,127.9864730834961,84.21700286865234,0.007711294572800398,3.364654064178467,0.004371018148958683,6.637764930725098,0.0034187762066721916,9.933000564575195,-0.001308533363044262,13.220361709594727
9789402751,0,128.2125244140625,115.85934448242188,128.11642456054688,95.5219497680664,128.12692260742188,88.03695678710938,128.1131591796875,84.16740417480469,0.005726606585085392,3.3939461708068848,0.005849542561918497,6.674242973327637,0.00935336109250784,9.976033210754395,0.010991133749485016,13.275882720947266
9814402751,0,128.07447814941406,115.71295928955078,128.10496520996094,95.46139526367188,128.14053344726562,88.0034408569336,128.14178466796875,84.1485366821289,0.002013581804931164,3.406651020050049,0.00528740044683218,6.692502021789551,0.010378078557550907,9.997763633728027,0.013792911544442177,13.297122955322266
9839402751,0,128.0031280517578,115.94937133789062,128.0460662841797,95.52823638916016,128.0968017578125,88.03656005859375,128.0928955078125,84.18192291259766,8.411470480496064e-05,3.3861746788024902,0.002313899341970682,6.672353267669678,0.007133828476071358,9.976289749145508,0.009012172929942608,13.259583473205566
9864402752,0,128.05284118652344,116.05561065673828,128.09681701660156,95.52516174316406,128.13719177246094,88.0154800415039,128.13075256347656,84.17740631103516,0.0014174963580444455,3.377044200897217,0.00486373296007514,6.673277378082275,0.010123688727617264,9.989948272705078,0.012689545750617981,13.264650344848633
9889402752,0,128.3162384033203,116.01889038085938,128.18849182128906,95.55204772949219,128.25071716308594,88.0477523803711,128.3013916015625,84.15754699707031,0.008490361273288727,3.380194902420044,0.00945833045989275,6.665202617645264,0.018463775515556335,9.969053268432617,0.029297854751348495,13.286971092224121
9914402753,0,128.30392456054688,116.14797973632812,128.20819091796875,95.53172302246094,128.2620086669922,88.00617218017578,128.2875518798828,84.13227081298828,0.008135899901390076,3.3691415786743164,0.010455833747982979,6.671304702758789,0.019345449283719063,9.995989799499512,0.02801075018942356,13.315485954284668
9939402753,0,128.21839904785156,115.66067504882812,128.113525390625,95.3956069946289,128.14073181152344,87.95764923095703,128.1505126953125,84.10383605957031,0.005911680404096842,3.41120982170105,0.005734682083129883,6.712446212768555,0.010422551073133945,10.02760124206543,0.01469605416059494,13.347707748413086
9964402753,0,128.18658447265625,115.11287689208984,128.0836944580078,95.26564025878906,128.1200408935547,87.9097671508789,128.14646911621094,84.06751251220703,0.005114687606692314,3.4596354961395264,0.004251403734087944,6.752177715301514,0.008916943334043026,10.05898380279541,0.014344286173582077,13.389087677001953
9989402754,0,128.06602478027344,115.1983871459961,128.04722595214844,95.28705596923828,128.09336853027344,87.91663360595703,128.1037139892578,84.08268737792969,0.0018063007155433297,3.451995372772217,0.0023967172019183636,6.74560022354126,0.006932660471647978,10.054471969604492,0.010144354775547981,13.371770858764648
10014402754,0,127.9910888671875,115.04095458984375,128.0546417236328,95.28499603271484,128.1187286376953,87.9463119506836,128.14752197265625,84.10760498046875,-0.0002446817816235125,3.4660849571228027,0.0027733128517866135,6.746232509613037,0.008799254894256592,10.035015106201172,0.014399556443095207,13.343428611755371
10039402754,0,128.09494018554688,115.24873352050781,128.091064453125,95.3316650390625,128.15560913085938,87.96156311035156,128.18783569335938,84.1347885131836,0.00259434268809855,3.4475114345550537,0.004612684715539217,6.731937885284424,0.011521534994244576,10.025044441223145,0.018293488770723343,13.312641143798828
10064402755,0,128.0624237060547,114.9677734375,128.0164337158203,95.296630859375,128.06178283691406,87.9549560546875,128.07620239257812,84.12156677246094,0.001716948696412146,3.4726696014404297,0.0008336683386005461,6.742663383483887,0.004576388746500015,10.029361724853516,0.007429515477269888,13.327598571777344
10089402755,0,127.98649597167969,115.39556121826172,127.88462829589844,95.4920425415039,127.92923736572266,88.08848571777344,127.96184539794922,84.25360107421875,-0.00036776353954337537,3.43449330329895,-0.005804023705422878,6.683249473571777,-0.005198037717491388,9.942800521850586,-0.003679881105199456,13.179680824279785
10114402756,0,127.97620391845703,115.505126953125,127.94062042236328,95.43289184570312,128.0178680419922,88.0301513671875,128.08876037597656,84.20198059082031,-0.0006464212783612311,3.4248363971710205,-0.00299475877545774,6.701128959655762,0.0013173160841688514,9.980438232421875,0.008596851490437984,13.237130165100098
10139402756,0,128.0128173828125,115.33187103271484,128.0056915283203,95.26195526123047,128.10833740234375,87.90512084960938,128.21331787109375,84.08097076416016,0.00034957678872160614,3.440129518508911,0.0002891567419283092,6.753310680389404,0.00804992951452732,10.062039375305176,0.020867768675088882,13.373726844787598
10164402756,0,128.08509826660156,115.0940170288086,128.05715942382812,95.2033462524414,128.1820068359375,87.88005065917969,128.30978393554688,84.06932067871094,0.0023337502498179674,3.461324691772461,0.0029113059863448143,6.771378993988037,0.013545232824981213,10.078556060791016,0.03033379092812538,13.387022018432617
10189402757,0,128.17428588867188,114.96236419677734,128.1429443359375,95.20066833496094,128.2487030029297,87.88164520263672,128.3443145751953,84.06139373779297,0.004794294014573097,3.4731571674346924,0.007281436584889889,6.7722063064575195,0.018507005646824837,10.077503204345703,0.03373716399073601,13.39608383178711
10214402757,0,128.14756774902344,115.33811950683594,128.15310668945312,95.28888702392578,128.234619140625,87.91314697265625,128.2826385498047,84.10136413574219,0.004024129826575518,3.439575433731079,0.0077695539221167564,6.7450385093688965,0.017424406483769417,10.0567626953125,0.027602456510066986,13.350516319274902
10239402757,0,128.13438415527344,115.46417236328125,128.20106506347656,95.31354522705078,128.31292724609375,87.91644287109375,128.3704376220703,84.09383392333984,0.0036539891734719276,3.4284400939941406,0.010192458517849445,6.737481117248535,0.02323528379201889,10.054596900939941,0.036199428141117096,13.359077453613281
10264402758,0,128.15252685546875,115.3509521484375,128.20155334472656,95.32260131835938,128.2967529296875,87.92767333984375,128.3439483642578,84.09505462646484,0.004158132243901491,3.438438892364502,0.010213241912424564,6.7347092628479,0.022018782794475555,10.047225952148438,0.03360749036073685,13.357688903808594
10289402758,0,128.21005249023438,114.99267578125,128.33251953125,95.23175811767578,128.44754028320312,87.89971160888672,128.4916229248047,84.06806182861328,0.005774096120148897,3.470426559448242,0.016915535554289818,6.762609004974365,0.03326546400785446,10.06559944152832,0.04814434051513672,13.388460159301758
10314402759,0,128.3111114501953,115.2940444946289,128.49252319335938,95.365234375,128.60374450683594,87.97698211669922,128.62367248535156,84.15129089355469,0.00849255733191967,3.4434845447540283,0.024911919608712196,6.721691608428955,0.04465900734066963,10.014982223510742,0.06065753847360611,13.294017791748047
10339402759,0,128.26869201660156,115.74980926513672,128.36207580566406,95.54389190673828,128.42335510253906,88.0770492553711,128.40093994140625,84.23558807373047,0.00725820567458868,3.40344500541687,0.01817489229142666,6.667649745941162,0.031120682135224342,9.95015811920166,0.03872622177004814,13.199673652648926
10364402759,0,128.35877990722656,115.57292938232422,128.260009765625,95.56074523925781,128.3192901611328,88.12891387939453,128.3209686279297,84.27459716796875,0.009731101803481579,3.418884515762329,0.013042213395237923,6.662594795227051,0.02339543215930462,9.916875839233398,0.030903378501534462,13.156452178955078
10389402760,0,128.241455078125,116.08247375488281,128.2003173828125,95.82301330566406,128.27186584472656,88.29999542236328,128.27745056152344,84.40650177001953,0.006473230198025703,3.3747427463531494,0.009937395341694355,6.584842205047607,0.019711416214704514,9.808591842651367,0.026429377496242523,13.012322425842285
10414402760,0,128.33172607421875,115.99137115478516,128.0712127685547,95.81024169921875,128.09530639648438,88.34464263916016,128.08169555664062,84.42957305908203,0.008911744691431522,3.3825597763061523,0.0035346359945833683,6.588588714599609,0.006891237571835518,9.780705451965332,0.007767707575112581,12.9874267578125
10439402760,0,128.37522888183594,115.59074401855469,128.11399841308594,95.54570007324219,128.1514434814453,88.15493774414062,128.1790313720703,84.26228332519531,0.01017308421432972,3.4173240661621094,0.0057218680158257484,6.667107582092285,0.011078882031142712,9.900256156921387,0.017254741862416267,13.170066833496094
10464402761,0,128.44754028320312,115.65312957763672,128.2371063232422,95.50989532470703,128.26344299316406,88.12629699707031,128.26470947265625,84.23883819580078,0.012116226367652416,3.4118683338165283,0.01191908959299326,6.677870750427246,0.01930645853281021,9.918549537658691,0.025561124086380005,13.196062088012695
10489402761,0,128.4400177001953,116.1580581665039,128.20199584960938,95.62552642822266,128.22116088867188,88.17414093017578,128.2299041748047,84.28353881835938,0.011776354163885117,3.368281602859497,0.010104425251483917,6.643229007720947,0.016159866005182266,9.88802719116211,0.02211943455040455,13.146585464477539
10514402762,0,128.41090393066406,115.94622039794922,128.1241455078125,95.47000885009766,128.14283752441406,88.04417419433594,128.16482543945312,84.17415618896484,0.011050181463360786,3.3864457607269287,0.006251271814107895,6.68989896774292,0.010521449148654938,9.971365928649902,0.016000591218471527,13.268298149108887
10539402762,0,128.43162536621094,116.0159683227539,128.12461853027344,95.45440673828125,128.13107299804688,88.00274658203125,128.13955688476562,84.12486267089844,0.01158903632313013,3.380445957183838,0.006279264576733112,6.694614887237549,0.009679866023361683,9.998214721679688,0.013602699153125286,13.323866844177246
10564402762,0,128.34420776367188,116.19098663330078,128.1382293701172,95.43073272705078,128.16351318359375,87.95809936523438,128.1793975830078,84.08515167236328,0.009205292910337448,3.365473508834839,0.006972123868763447,6.701783657073975,0.012109390459954739,10.027307510375977,0.017543453723192215,13.368962287902832
10589402763,0,128.2071990966797,115.81066131591797,128.05621337890625,95.35160827636719,128.06748962402344,87.9354248046875,128.04917907714844,84.06764221191406,0.005589316599071026,3.3981621265411377,0.002844942733645439,6.725846767425537,0.005005229730159044,10.042143821716309,0.004816245287656784,13.388940811157227
10614402763,0,128.2145233154297,115.71461486816406,128.0419464111328,95.33689880371094,128.0418701171875,87.93352508544922,128.00961303710938,84.06458282470703,0.00579960597679019,3.4065070152282715,0.0021242336370050907,6.7303385734558105,0.0031055815052241087,10.043388366699219,0.0009416704415343702,13.392436981201172
10639402763,0,128.2387237548828,115.63301849365234,128.0912322998047,95.31271362304688,128.08460998535156,87.93822479248047,128.04376220703125,84.05950164794922,0.006465930491685867,3.413625478744507,0.004624943248927593,6.737735748291016,0.006273823790252209,10.04030990600586,0.004288648720830679,13.398248672485352
10664402764,0,128.21571350097656,115.46096801757812,128.05880737304688,95.29554748535156,128.0718536376953,87.9421157836914,128.06410217285156,84.06700134277344,0.00586581788957119,3.428722620010376,0.0029833863954991102,6.742995738983154,0.005326640792191029,10.037760734558105,0.006278039421886206,13.389673233032227
10689402764,0,128.17550659179688,115.58419799804688,128.0230255126953,95.34944915771484,128.05191040039062,87.96483612060547,128.04795837402344,84.08924865722656,0.0047589922323822975,3.4178972244262695,0.0011654222616925836,6.726505756378174,0.003842736128717661,10.022907257080078,0.004688303917646408,13.364295959472656
10714402765,0,128.18861389160156,115.78054809570312,128.1304168701172,95.39537048339844,128.1914825439453,88.00001525878906,128.20794677734375,84.14332580566406,0.005091469269245863,3.4007744789123535,0.006588013842701912,6.712518215179443,0.014143583364784718,9.999990463256836,0.020237887278199196,13.303000450134277
10739402765,0,128.31280517578125,116.17693328857422,128.23252868652344,95.5118179321289,128.27442932128906,88.05990600585938,128.26751708984375,84.20967864990234,0.008368141949176788,3.366671323776245,0.011688021011650562,6.6772918701171875,0.020194735378026962,9.961206436157227,0.025893928483128548,13.228531837463379
10764402765,0,128.18582153320312,116.20083618164062,128.1846923828125,95.55311584472656,128.24740600585938,88.12065124511719,128.2625732421875,84.26545715332031,0.004968395922333002,3.3646345138549805,0.009267258457839489,6.664882183074951,0.018137536942958832,9.922163963317871,0.025299817323684692,13.166555404663086
10789402766,0,128.06863403320312,116.20498657226562,128.04519653320312,95.50467681884766,128.0974884033203,88.0816421508789,128.08963012695312,84.24534606933594,0.0018349275924265385,3.364281177520752,0.002272487385198474,6.679441928863525,0.007164291571825743,9.947202682495117,0.008650347590446472,13.188835144042969
10814402766,0,127.94683074951172,116.62277221679688,127.97505950927734,95.54681396484375,128.027587890625,88.0715560913086,128.00880432128906,84.23036193847656,-0.0014081684639677405,3.3290374279022217,-0.001251766923815012,6.666772842407227,0.002028668997809291,9.953695297241211,0.0008507603197358549,13.205484390258789
10839402766,0,127.9131088256836,116.62673950195312,127.92562866210938,95.52410888671875,127.95600128173828,88.04074096679688,127.91895294189453,84.18656921386719,-0.00230107712559402,3.3287060260772705,-0.0037363115698099136,6.673593997955322,-0.0032416509930044413,9.973586082458496,-0.007859708741307259,13.254376411437988
10864402767,0,127.91426849365234,117.03433227539062,127.91951751708984,95.57512664794922,127.90882873535156,88.03250122070312,127.83134460449219,84.16239929199219,-0.002249817829579115,3.2949583530426025,-0.0040345764718949795,6.658286094665527,-0.0067205894738435745,9.978917121887207,-0.016388213261961937,13.281511306762695
10889402767,0,127.9543228149414,116.95061492919922,127.95603942871094,95.55810546875,127.94340515136719,88.01924896240234,127.8510513305664,84.1551513671875,-0.001200920669361949,3.30184006690979,-0.002205330180004239,6.66338586807251,-0.004175277892500162,9.987503051757812,-0.014481945894658566,13.289669036865234
10914402768,0,127.98406982421875,117.07838439941406,127.94766235351562,95.57880401611328,127.92024230957031,88.02122497558594,127.82197570800781,84.1552734375,-0.000417640752857551,3.2913475036621094,-0.0026232704985886812,6.6571855545043945,-0.005883387289941311,9.986221313476562,-0.017308728769421577,13.289531707763672
10939402768,0,128.0220947265625,117.3288345336914,127.9848403930664,95.59746551513672,127.96931457519531,88.01815795898438,127.88880157470703,84.16091918945312,0.0005760560161434114,3.2709522247314453,-0.000759229704272002,6.651604175567627,-0.0022639676462858915,9.988210678100586,-0.010806445963680744,13.28317642211914
10964402768,0,128.0425567626953,117.31884765625,128.09205627441406,95.61178588867188,128.11782836914062,88.03565216064453,128.0851593017578,84.17744445800781,0.0011097888927906752,3.271761178970337,0.0046076043508946896,6.647327423095703,0.008683880791068077,9.976877212524414,0.008264689706265926,13.264606475830078
10989402769,0,127.9564437866211,116.88826751708984,127.97798156738281,95.55123901367188,127.97789764404297,88.02774810791016,127.89928436279297,84.17450714111328,-0.0011467478470876813,3.3069818019866943,-0.001104900729842484,6.665444850921631,-0.0016297338297590613,9.98199462890625,-0.009776787832379341,13.267904281616211
11014402769,0,127.94755554199219,116.65742492675781,127.92475128173828,95.49606323242188,127.92851257324219,88.01177978515625,127.86448669433594,84.15370178222656,-0.0013878948520869017,3.326143741607666,-0.0037849019281566143,6.682036876678467,-0.005276435986161232,9.992348670959473,-0.013177226297557354,13.291301727294922
11039402769,0,127.96391296386719,116.81634521484375,127.95316314697266,95.53170776367188,127.98018646240234,88.02473449707031,127.93709564208984,84.16775512695312,-0.0009516240679658949,3.3129308223724365,-0.00235225772485137,6.671309947967529,-0.0014612409286201,9.98394775390625,-0.006109714508056641,13.27548885345459
11064402770,0,127.91761779785156,116.50025177001953,127.94742584228516,95.45919799804688,127.95647430419922,88.00192260742188,127.88384246826172,84.15535736083984,-0.002187870442867279,3.3393046855926514,-0.0026485598646104336,6.693166255950928,-0.003214579774066806,9.998750686645508,-0.011293545365333557,13.289437294006348
11089402770,0,127.84380340576172,116.30008697509766,127.93954467773438,95.43635559082031,127.95211791992188,88.02078247070312,127.8753662109375,84.1855697631836,-0.004166943486779928,3.3561999797821045,-0.0030485624447464943,6.700079441070557,-0.0035321563482284546,9.9865083694458,-0.01208761427551508,13.25549602508545
11114402770,0,127.81537628173828,116.46063995361328,127.94401550292969,95.52362060546875,127.96776580810547,88.04829406738281,127.89158630371094,84.2116470336914,-0.00490752374753356,3.3426358699798584,-0.002812640741467476,6.673740386962891,-0.002373769413679838,9.968703269958496,-0.01049205381423235,13.226334571838379
11139402771,0,127.78501892089844,116.33522033691406,127.92572784423828,95.53878784179688,127.9305648803711,88.05570983886719,127.82940673828125,84.21263122558594,-0.005730625241994858,3.3532235622406006,-0.0037290018517524004,6.669182777404785,-0.005110934842377901,9.96391487121582,-0.01650833524763584,13.225237846374512
11164402771,0,127.77543640136719,116.2439193725586,127.97374725341797,95.52362060546875,127.9794692993164,88.05775451660156,127.86421203613281,84.22174835205078,-0.005998413078486919,3.3609683513641357,-0.0013189283199608326,6.673740386962891,-0.0015110180247575045,9.962594985961914,-0.013130418956279755,13.215072631835938
11189402772,0,127.8077392578125,116.36521911621094,127.9399642944336,95.55196380615234,127.91649627685547,88.07767486572266,127.7828140258789,84.21661376953125,-0.005121517460793257,3.3506858348846436,-0.0030125421471893787,6.665227890014648,-0.006138089578598738,9.94975471496582,-0.0210102666169405,13.220795631408691
11214402772,0,127.9596939086914,116.61946105957031,127.99353790283203,95.69630432128906,127.94998931884766,88.17708587646484,127.82553100585938,84.2866439819336,-0.0010675715748220682,3.3293142318725586,-0.0003222875529900193,6.622191905975342,-0.003653533523902297,9.886154174804688,-0.01678168773651123,13.143160820007324
11239402772,0,128.1039581298828,116.39039611816406,128.05882263183594,95.64415740966797,128.0337677001953,88.17047882080078,127.9482421875,84.2774429321289,0.0027677067555487156,3.348558187484741,0.0029401620849967003,6.637679100036621,0.0024679095949977636,9.89035701751709,-0.00498217111453414,13.153310775756836
11264402773,0,128.1796417236328,116.86096954345703,128.14035034179688,95.7823715209961,128.10684204101562,88.26895141601562,128.00692749023438,84.38267517089844,0.0047324844636023045,3.309237480163574,0.0069744340144097805,6.596778869628906,0.007761278189718723,9.828071594238281,0.0006611683638766408,13.038129806518555
11289402773,0,128.5822296142578,117.13933563232422,128.42164611816406,95.86801147460938,128.40277099609375,88.3123550415039,128.32925415039062,84.39466857910156,0.015243678353726864,3.286363363265991,0.020877692848443985,6.57167387008667,0.029180463403463364,9.800857543945312,0.031394023448228836,13.025126457214355
11314402773,0,127.9223861694336,117.26615905761719,128.06939697265625,95.76143646240234,128.07630920410156,88.17852783203125,128.00286865234375,84.270751953125,-0.002026357688009739,3.2760350704193115,0.0034515841398388147,6.602943420410156,0.005574277602136135,9.885237693786621,0.0002762850490398705,13.160700798034668
11339402774,0,128.21726989746094,119.57086181640625,127.96686553955078,97.68087005615234,127.82518768310547,89.7547836303711,127.7247085571289,85.58474731445312,0.005397705361247063,3.0979392528533936,-0.0015248279087245464,6.079531192779541,-0.011636095121502876,8.972122192382812,-0.023949243128299713,11.849031448364258
11364402774,0,128.06971740722656,119.65625,127.9400863647461,97.33110809326172,127.82865905761719,89.42155456542969,127.74690246582031,85.28857421875,0.0017289085080847144,3.091671943664551,-0.002795259468257427,6.168997764587402,-0.01162317767739296,9.151386260986328,-0.02250920608639717,12.122035026550293
11389402775,0,127.8080825805664,121.15823364257812,127.82830047607422,98.41756439208984,127.7167739868164,90.34027099609375,127.66897583007812,86.06636810302734,-0.0046139066107571125,2.984987258911133,-0.007681162562221289,5.898838996887207,-0.018250636756420135,8.672929763793945,-0.027811754494905472,11.429635047912598
11414402775,0,127.61406707763672,118.11176300048828,127.65306854248047,96.7690200805664,127.6295394897461,89.18181610107422,127.60950469970703,85.17900085449219,-0.009891239926218987,3.2086234092712402,-0.016553334891796112,6.318068981170654,-0.025481410324573517,9.284656524658203,-0.035017404705286026,12.226146697998047
11439402775,0,127.5038070678711,117.87057495117188,127.5281982421875,96.49835968017578,127.51619720458984,88.86695861816406,127.48648834228516,84.85440063476562,-0.01278400793671608,3.227597713470459,-0.022760048508644104,6.392291069030762,-0.03389863669872284,9.465441703796387,-0.047211647033691406,12.544983863830566
11464402776,0,127.70060729980469,118.00118255615234,127.55908203125,96.34089660644531,127.57732391357422,88.65436553955078,127.57086944580078,84.66455841064453,-0.007691709790378809,3.2172982692718506,-0.02140779048204422,6.436230659484863,-0.029993712902069092,9.591374397277832,-0.040045157074928284,12.739027976989746
11489402776,0,127.64957427978516,118.50224304199219,127.50163269042969,96.66533660888672,127.51754760742188,88.89669036865234,127.5124740600586,84.8901138305664,-0.008905795402824879,3.1783218383789062,-0.023878835141658783,6.346309185028076,-0.033744536340236664,9.44808292388916,-0.04469836503267288,12.50911808013916
11514402776,0,127.93766784667969,118.90687561035156,127.71082305908203,96.85894775390625,127.75222778320312,89.0396499633789,127.78313446044922,84.98841857910156,-0.0015704577090218663,3.147454023361206,-0.0137477470561862,6.293766021728516,-0.017184725031256676,9.365458488464355,-0.019732629880309105,12.41141414642334
11539402777,0,127.76465606689453,119.87606811523438,127.678466796875,97.68485260009766,127.78523254394531,89.6954345703125,127.89253234863281,85.50381469726562,-0.005809452384710312,3.0756404399871826,-0.014794469811022282,6.078526020050049,-0.01434359047561884,9.003555297851562,-0.009405284188687801,11.922443389892578
11564402777,0,128.06602478027344,118.0446548461914,127.82844543457031,96.59703063964844,127.8874740600586,88.89920043945312,127.92707824707031,84.8862075805664,0.0016946436371654272,3.2138829231262207,-0.0082427142187953,6.365044116973877,-0.007869319058954716,9.446619987487793,-0.006687789689749479,12.513031005859375
11589402778,0,127.91146087646484,116.6515121459961,127.82406616210938,95.80308532714844,127.9041976928711,88.28524780273438,127.92568969726562,84.38888549804688,-0.0023434176109731197,3.3266372680664062,-0.00873507745563984,6.5906901359558105,-0.006952360272407532,9.81783676147461,-0.007088713813573122,13.031394004821777
11614402778,0,127.88507843017578,116.29351043701172,127.91488647460938,95.60633850097656,127.99837493896484,88.11137390136719,128.00906372070312,84.24604797363281,-0.0030662822537124157,3.356757879257202,-0.00426108855754137,6.648953914642334,-0.00011920314864255488,9.928107261657715,0.0008747041574679315,13.188056945800781
11639402778,0,127.8365249633789,116.02503204345703,127.89148712158203,95.4874496459961,127.94733428955078,88.04585266113281,127.94810485839844,84.21025085449219,-0.00438836170360446,3.3796677589416504,-0.005460042972117662,6.684634208679199,-0.0038789643440395594,9.970280647277832,-0.0050228796899318695,13.227893829345703
11664402779,0,127.87845611572266,116.13545989990234,127.9778823852539,95.62651062011719,128.03164672851562,88.14502716064453,128.0201416015625,84.3050308227539,-0.003254588693380356,3.370210886001587,-0.0011063419515267015,6.642935752868652,0.0023165445309132338,9.90657901763916,0.0019344696775078773,13.122923851013184
11689402779,0,127.97836303710938,116.24488067626953,128.04507446289062,95.52007293701172,128.12060546875,88.07138061523438,128.1368865966797,84.25884246826172,-0.0005779415369033813,3.360886812210083,0.002264866139739752,6.674808025360107,0.008868792094290257,9.953808784484863,0.013196601532399654,13.173874855041504
11714402779,0,128.1080780029297,116.0542221069336,128.12005615234375,95.40573120117188,128.1978759765625,87.97171783447266,128.208984375,84.17216491699219,0.0028993485029786825,3.3771634101867676,0.0060619572177529335,6.709369659423828,0.01464171800762415,10.018415451049805,0.020290682092308998,13.27053451538086
11739402780,0,128.08258056640625,116.1118392944336,128.08900451660156,95.45732116699219,128.16160583496094,88.01054382324219,128.1575469970703,84.19196319580078,0.0022124492097646,3.37222957611084,0.004484192468225956,6.6937336921691895,0.01192893274128437,9.99315071105957,0.015271690674126148,13.248334884643555
11764402780,0,128.12448120117188,116.20459747314453,128.1082000732422,95.45939636230469,128.17276000976562,88.00064849853516,128.15786743164062,84.17701721191406,0.0033280279021710157,3.364314079284668,0.00545081403106451,6.693106174468994,0.012760164216160774,9.999578475952148,0.015321535058319569,13.265087127685547
11789402781,0,128.1780242919922,115.71400451660156,128.13485717773438,95.3564682006836,128.18948364257812,87.9567642211914,128.16461181640625,84.12921142578125,0.004812927450984716,3.406560182571411,0.006823662202805281,6.724364280700684,0.01403387263417244,10.028179168701172,0.016039066016674042,13.31894588470459
11814402781,0,128.22874450683594,115.6862564086914,128.24522399902344,95.3455581665039,128.3440399169922,87.95482635498047,128.348876953125,84.13431549072266,0.006188088562339544,3.408978223800659,0.01241393107920885,6.727693557739258,0.025483988225460052,10.02944564819336,0.033978767693042755,13.313175201416016
11839402781,0,128.24942016601562,115.48775482177734,128.29794311523438,95.24955749511719,128.42437744140625,87.89282989501953,128.44700622558594,84.0823974609375,0.006778213195502758,3.4263641834259033,0.015145001001656055,6.757125377655029,0.031557437032461166,10.070130348205566,0.04372311383485794,13.372100830078125
11864402782,0,128.33621215820312,115.677978515625,128.58248901367188,95.29370880126953,128.7779541015625,87.89874267578125,128.81851196289062,84.09284973144531,0.009097070433199406,3.4096999168395996,0.029552876949310303,6.743559837341309,0.05782848969101906,10.06623649597168,0.07999208569526672,13.360197067260742
11889402782,0,128.38243103027344,115.25008392333984,128.66323852539062,95.23058319091797,128.84835815429688,87.87820434570312,128.8629150390625,84.05496978759766,0.010450012050569057,3.4473910331726074,0.03374117985367775,6.762970924377441,0.06314347684383392,10.079774856567383,0.08459652960300446,13.403435707092285
11914402782,0,128.46202087402344,115.15689086914062,128.68743896484375,95.21604919433594,128.85340881347656,87.87256622314453,128.86680603027344,84.0344009399414,0.012652084231376648,3.4556992053985596,0.03499423339962959,6.767455101013184,0.0635419562458992,10.08349609375,0.0851232260465622,13.427027702331543
11939402783,0,128.51458740234375,114.86474609375,128.6248016357422,95.15753173828125,128.70101928710938,87.87284851074219,128.65142822265625,84.02687072753906,0.014187619090080261,3.481977701187134,0.031886037439107895,6.785566806793213,0.05219461768865585,10.0833101272583,0.06401246786117554,13.435685157775879
11964402783,0,128.44920349121094,114.57703399658203,128.38916015625,95.06452941894531,128.3851318359375,87.86820983886719,128.3106689453125,84.02872467041016,0.012468619272112846,3.5082099437713623,0.01994042657315731,6.814541339874268,0.02868349850177765,10.08637523651123,0.030523117631673813,13.433552742004395
11989402784,0,128.35545349121094,114.65788269042969,128.27809143066406,95.08592987060547,128.2698516845703,87.86692810058594,128.20875549316406,84.01579284667969,0.009847684763371944,3.500802755355835,0.014236095361411572,6.8078532218933105,0.020099390298128128,10.0872220993042,0.02053222991526127,13.448440551757812
12014402784,0,128.17715454101562,114.71428680419922,128.1040802001953,95.10957336425781,128.10821533203125,87.86602783203125,128.07797241210938,84.00711059570312,0.004901508800685406,3.495651960372925,0.005322637036442757,6.800478935241699,0.008060671389102936,10.087817192077637,0.00767455343157053,13.458455085754395
12039402784,0,128.15829467773438,114.62661743164062,128.0668182373047,95.07122802734375,128.072021484375,87.84976959228516,128.04193115234375,84.00505065917969,0.004388702102005482,3.503664016723633,0.0034227482974529266,6.812446117401123,0.005370191298425198,10.098575592041016,0.004127845633774996,13.460832595825195
12064402785,0,128.17965698242188,114.49317932128906,128.1595458984375,95.02603912353516,128.17123413085938,87.8262939453125,128.12576293945312,83.99705505371094,0.004996610805392265,3.5159223079681396,0.00818873941898346,6.826600551605225,0.012786798179149628,10.11414909362793,0.012388783507049084,13.470069885253906
12089402785,0,128.23660278320312,114.29887390136719,128.1676788330078,94.94774627685547,128.17147827148438,87.79022979736328,128.14178466796875,83.9794921875,0.0066106123849749565,3.5339107513427734,0.008635526522994041,6.851256370544434,0.012834273278713226,10.138161659240723,0.013987545855343342,13.490405082702637
12114402785,0,128.23487854003906,114.13763427734375,128.1246795654297,94.91107940673828,128.1195068359375,87.77937316894531,128.0951385498047,83.97154998779297,0.0065875486470758915,3.548963785171509,0.006431323941797018,6.862861633300781,0.008950630202889442,10.14541244506836,0.009391971863806248,13.49962043762207
12139402786,0,128.2062530517578,114.18899536132812,128.06295776367188,94.95516204833984,128.0385284423828,87.81072235107422,128.0006866455078,83.99481201171875,0.005777657963335514,3.544156312942505,0.003241302678361535,6.84891414642334,0.0028799197170883417,10.124503135681152,6.765342550352216e-05,13.472663879394531
12164402786,0,128.2466278076172,114.52371215820312,128.15623474121094,95.04695129394531,128.14891052246094,87.84297180175781,128.10089111328125,84.0326156616211,0.0068542747758328915,3.513110637664795,0.00801151618361473,6.820043087005615,0.011108090169727802,10.103079795837402,0.0099093122407794,13.429079055786133
12189402787,0,128.2948760986328,114.73725128173828,128.13864135742188,95.09791564941406,128.1109161376953,87.84247589111328,128.05149841308594,84.02310180664062,0.008154242299497128,3.493558406829834,0.007093664724379778,6.804112911224365,0.008274129591882229,10.103408813476562,0.00506206788122654,13.440022468566895
12214402787,0,128.298583984375,114.53736877441406,128.16903686523438,95.06963348388672,128.15733337402344,87.84611511230469,128.1217041015625,84.01448059082031,0.0082955751568079,3.5118541717529297,0.008659470826387405,6.8129448890686035,0.011734070256352425,10.100996971130371,0.01197156310081482,13.449953079223633
12239402787,0,128.18692016601562,114.5589599609375,128.1531219482422,95.05406188964844,128.12612915039062,87.82028198242188,128.0504913330078,84.00556945800781,0.005190578754991293,3.5098695755004883,0.007849475368857384,6.817816734313965,0.009422190487384796,10.118143081665039,0.0049703242257237434,13.460233688354492
12264402788,0,128.2830047607422,114.92138671875,128.33740234375,95.14900970458984,128.3077850341797,87.84255981445312,128.1971893310547,84.03180694580078,0.007792389020323753,3.4768550395965576,0.01722528040409088,6.788211822509766,0.02296004630625248,10.103352546691895,0.019368821755051613,13.430008888244629
12289402788,0,128.33619689941406,115.00363159179688,128.4359130859375,95.13636779785156,128.44349670410156,87.82185363769531,128.36959838867188,84.00887298583984,0.00923930387943983,3.469440460205078,0.022266674786806107,6.792139530181885,0.03312712162733078,10.11709976196289,0.03637294843792915,13.456421852111816
12314402788,0,128.3767852783203,115.04834747314453,128.4719696044922,95.15218353271484,128.44631958007812,87.8253402709961,128.32728576660156,84.04804229736328,0.010343990288674831,3.465421199798584,0.024091990664601326,6.78722620010376,0.033330630511045456,10.114782333374023,0.03210415691137314,13.411373138427734
12339402789,0,128.28424072265625,114.97179412841797,128.35745239257812,95.14569091796875,128.34495544433594,87.83629608154297,128.25180053710938,84.05108642578125,0.007817239500582218,3.4723072052001953,0.018251504749059677,6.789242744445801,0.02574305050075054,10.10750675201416,0.024693412706255913,13.40788459777832
12364402789,0,128.23922729492188,115.08126831054688,128.27894592285156,95.21054077148438,128.2984161376953,87.89224243164062,128.25181579589844,84.09378051757812,0.006562554277479649,3.4624674320220947,0.014203174039721489,6.769155979156494,0.02219155803322792,10.070517539978027,0.02460772916674614,13.359138488769531
12389402789,0,128.1592559814453,115.03526306152344,128.29342651367188,95.173583984375,128.3262176513672,87.8613510131836,128.275146484375,84.07785034179688,0.004373427480459213,3.4665963649749756,0.014964312314987183,6.7805891036987305,0.024306247010827065,10.090909004211426,0.02692309580743313,13.377286911010742
12414402790,0,128.02182006835938,115.24303436279297,128.09872436523438,95.2540054321289,128.10206604003906,87.89845275878906,128.04257202148438,84.11292266845703,0.0005963353905826807,3.4480183124542236,0.005017382558435202,6.75575590133667,0.007587121799588203,10.066427230834961,0.004153612069785595,13.337393760681152
12439402790,0,127.93167114257812,115.58877563476562,127.95893096923828,95.3486099243164,127.94641876220703,87.93083190917969,127.88602447509766,84.141357421875,-0.0018525936175137758,3.4174964427948,-0.002078758552670479,6.726762294769287,-0.0039748880080878735,10.045153617858887,-0.011094174347817898,13.305221557617188
12464402791,0,127.97050476074219,115.70520782470703,127.96109771728516,95.3896255493164,127.94595336914062,87.94551086425781,127.91011810302734,84.15716552734375,-0.000797571090515703,3.4073264598846436,-0.001965633127838373,6.714264869689941,-0.004005722235888243,10.035539627075195,-0.008737567812204361,13.28740119934082
12489402791,0,128.0713653564453,115.92111206054688,128.03126525878906,95.47278594970703,128.0164031982422,87.98065185546875,127.98880767822266,84.17090606689453,0.0019202808616682887,3.388610601425171,0.001574156922288239,6.689060211181641,0.0012130667455494404,10.012591361999512,-0.0010867957025766373,13.27194881439209
12514402791,0,128.17398071289062,115.7446060180664,128.1885986328125,95.424072265625,128.1797637939453,87.95588684082031,128.15074157714844,84.13752746582031,0.004700317978858948,3.403897285461426,0.00951539445668459,6.703803062438965,0.013314717449247837,10.028753280639648,0.014677546918392181,13.30954647064209
12539402792,0,128.1193084716797,115.71711730957031,128.12319946289062,95.41729736328125,128.10482788085938,87.95521545410156,128.05181884765625,84.14380645751953,0.003225302090868354,3.4062891006469727,0.006217598915100098,6.70585823059082,0.00776470173150301,10.029191970825195,0.005042937584221363,13.302458763122559
12564402792,0,128.1202850341797,115.83184814453125,128.1031494140625,95.40818786621094,128.099609375,87.94036102294922,128.06991577148438,84.1390609741211,0.0032431907020509243,3.3963263034820557,0.0052077434957027435,6.70862340927124,0.007385037373751402,10.038909912109375,0.0068067642860114574,13.307814598083496
12589402792,0,128.1726837158203,115.7946548461914,128.1573486328125,95.38733673095703,128.15475463867188,87.92408752441406,128.11456298828125,84.1331787109375,0.004659946542233229,3.399550199508667,0.007951202802360058,6.714961051940918,0.011485232040286064,10.049578666687012,0.011158875189721584,13.314460754394531
12614402793,0,128.16839599609375,115.49604797363281,128.1885528564453,95.32481384277344,128.17454528808594,87.90377807617188,128.12327575683594,84.11408233642578,0.0045754374004900455,3.4256346225738525,0.009553567506372929,6.734033107757568,0.01297055184841156,10.062922477722168,0.012026459909975529,13.336079597473145
12639402793,0,128.11341857910156,115.85624694824219,128.10797119140625,95.4327392578125,128.06991577148438,87.94921875,128.02528381347656,84.1480484008789,0.003056352026760578,3.394213914871216,0.005445471033453941,6.701175212860107,0.005180675536394119,10.033113479614258,0.0024597258307039738,13.297673225402832
12664402794,0,128.14276123046875,115.40948486328125,128.09158325195312,95.30694580078125,128.0643768310547,87.90186309814453,128.0531005859375,84.0865249633789,0.003886657766997814,3.4332635402679443,0.004643883556127548,6.739502429962158,0.0047844527289271355,10.064183235168457,0.00519216526299715,13.367398262023926
12689402794,0,128.12258911132812,115.23892211914062,128.0221710205078,95.24955749511719,128.00338745117188,87.86392211914062,127.99130249023438,84.04800415039062,0.003350639482960105,3.4483845233917236,0.0011269940296187997,6.757125377655029,0.0002523557050153613,10.08920955657959,-0.0008531599305570126,13.411416053771973
12714402794,0,127.61021423339844,115.32939147949219,127.45774841308594,95.35153198242188,127.4316177368164,87.93284606933594,127.42568969726562,84.0905990600586,-0.01063148770481348,3.4403491020202637,-0.027443286031484604,6.725870609283447,-0.04215972498059273,10.04383373260498,-0.05613703280687332,13.36275863647461
12739402795,0,127.6031265258789,115.42137908935547,127.34723663330078,95.42205047607422,127.38213348388672,87.96340942382812,127.45703887939453,84.12006378173828,-0.010801874101161957,3.432213544845581,-0.032936807721853256,6.704416275024414,-0.045742474496364594,10.02383804321289,-0.052943725138902664,13.329300880432129
12764402795,0,127.76483154296875,116.69432830810547,127.77609252929688,95.84259796142578,127.92420959472656,88.14747619628906,128.09767150878906,84.25321197509766,-0.006218380760401487,3.3230671882629395,-0.011098534800112247,6.579104900360107,-0.005547026172280312,9.90501594543457,0.009420383721590042,13.180112838745117
12789402795,0,128.32826232910156,115.66555786132812,128.61830139160156,95.3701171875,129.0413818359375,87.9033203125,129.44586181640625,84.0853500366211,0.008884494192898273,3.410783529281616,0.03126727044582367,6.720203399658203,0.07738786190748215,10.063223838806152,0.14138983190059662,13.368735313415527
12814402796,0,129.6804962158203,115.91987609863281,130.84442138671875,95.40802001953125,131.71067810058594,87.93318176269531,132.42909240722656,84.11097717285156,0.04521963745355606,3.3887171745300293,0.14360840618610382,6.70867395401001,0.27523356676101685,10.043614387512207,0.4322013854980469,13.339600563049316
12839402796,0,130.76805114746094,116.8670654296875,132.8502960205078,95.67971801757812,134.1836395263672,88.03855895996094,135.15370178222656,84.19552612304688,0.07291167229413986,3.3087334632873535,0.2420707792043686,6.627110481262207,0.4556479752063751,9.974996566772461,0.6932356953620911,13.24434757232666
12864402797,0,131.3293914794922,117.27742004394531,134.09909057617188,95.87066650390625,135.69949340820312,88.1902847290039,136.76495361328125,84.33736419677734,0.08690281212329865,3.275120735168457,0.3019612431526184,6.570898532867432,0.5620284676551819,9.877768516540527,0.8396105170249939,13.087483406066895
12889402797,0,132.03465270996094,118.62387084960938,135.48817443847656,96.43196105957031,137.50584411621094,88.55311584472656,138.93446350097656,84.61647033691406,0.10227004438638687,3.1689867973327637,0.3622165322303772,6.410750389099121,0.678674578666687,9.652487754821777,1.02426016330719,12.789109230041504
12914402797,0,136.3286590576172,121.0046615600586,139.4975128173828,98.11724853515625,141.5939178466797,89.62992858886719,143.07736206054688,85.3069076538086,0.20085763931274414,2.9955952167510986,0.5202680230140686,5.971268177032471,0.9112650752067566,9.038496017456055,1.339056372642517,12.10478401184082
12939402798,0,143.27137756347656,126.47477722167969,144.03518676757812,101.02998352050781,146.43707275390625,91.3779067993164,148.3119659423828,86.4937973022461,0.33130913972854614,2.6546247005462646,0.6527966260910034,5.332004547119141,1.1244385242462158,8.187098503112793,1.656229019165039,11.080772399902344
12964402798,0,141.50653076171875,134.99205017089844,146.41954040527344,106.48685455322266,149.66981506347656,94.58487701416016,151.71502685546875,88.37556457519531,0.2534012198448181,2.241602897644043,0.6312128901481628,4.4250264167785645,1.1339348554611206,6.967761516571045,1.7115044593811035,9.761482238769531
12989402798,0,143.93519592285156,130.75999450683594,146.50514221191406,104.57493591308594,149.3597869873047,93.79537963867188,151.4309539794922,88.095458984375,0.3204987347126007,2.431858539581299,0.6713662147521973,4.708221435546875,1.1581987142562866,7.234644889831543,1.7204310894012451,9.93832015991211
13014402799,0,144.73141479492188,130.63409423828125,148.8217315673828,105.28192901611328,151.98829650878906,94.71346282958984,154.30294799804688,88.95525360107422,0.33723533153533936,2.437938928604126,0.7393651604652405,4.599709987640381,1.2481497526168823,6.926051139831543,1.833372712135315,9.414067268371582
13039402799,0,154.02528381347656,128.48606872558594,153.6925048828125,105.2224349975586,156.2489776611328,95.57012939453125,158.54238891601562,90.13139343261719,0.544508695602417,2.5458590984344482,0.9139567613601685,4.608663558959961,1.4164179563522339,6.659782886505127,1.9907761812210083,8.77745246887207
13064402800,0,144.37045288085938,126.45164489746094,147.5152130126953,102.79273986816406,151.96873474121094,93.78973388671875,156.13519287109375,88.83157348632812,0.35530418157577515,2.6559221744537354,0.7489892840385437,5.003870964050293,1.3000013828277588,7.236623287200928,1.975494623184204,9.48618221282959
13089402800,0,145.96994018554688,128.09164428710938,150.1688995361328,104.76725006103516,155.447021484375,95.33655548095703,160.3131866455078,90.04789733886719,0.3786161243915558,2.5665736198425293,0.7995668053627014,4.678240776062012,1.389981746673584,6.730443477630615,2.1159424781799316,8.819911003112793
13114402800,0,141.9832000732422,119.84099578857422,144.41835021972656,99.51235961914062,148.73086547851562,91.86337280273438,152.9652099609375,87.74111938476562,0.34542757272720337,3.078188180923462,0.7052649855613708,5.648190498352051,1.2334315776824951,7.977226734161377,1.8743481636047363,10.171039581298828
13139402801,0,143.24102783203125,126.61769104003906,146.88540649414062,103.32994079589844,151.78125,94.49339294433594,156.3197784423828,89.68955993652344,0.3297854959964752,2.6466317176818848,0.712389349937439,4.911213397979736,1.2494829893112183,6.997727394104004,1.8920100927352905,9.006678581237793
13164402801,0,146.03143310546875,132.22781372070312,151.28720092773438,107.21994018554688,155.76812744140625,96.94928741455078,159.8850860595703,91.22372436523438,0.35382112860679626,2.3628427982330322,0.7814106345176697,4.324595928192139,1.3153431415557861,6.269528388977051,1.960201382637024,8.25597095489502
13189402801,0,147.46615600585938,132.9345245361328,152.55706787109375,107.53572082519531,156.46038818359375,97.01881408691406,160.1057586669922,91.10570526123047,0.3775438964366913,2.3308000564575195,0.8166989684104919,4.282611846923828,1.3443883657455444,6.250994682312012,1.9859600067138672,8.309440612792969
13214402802,0,149.07098388671875,134.0877685546875,154.4054718017578,108.93275451660156,157.99119567871094,98.14073181152344,161.13893127441406,91.98139953613281,0.4010785222053528,2.280076742172241,0.8449535965919495,4.105485439300537,1.3558969497680664,5.965544700622559,1.960032343864441,7.927744388580322
13239402802,0,147.73023986816406,133.38258361816406,153.67404174804688,108.30567932128906,157.3972625732422,97.88511657714844,160.3695831298828,92.04851531982422,0.37987250089645386,2.310866594314575,0.8357383608818054,4.183304786682129,1.3421696424484253,6.028404235839844,1.908119559288025,7.899866580963135
13264402803,0,146.4099578857422,131.99276733398438,152.6182098388672,107.5472412109375,157.01516723632812,97.45121765136719,160.7767333984375,91.81755065917969,0.3626640737056732,2.3736674785614014,0.8184670805931091,4.281094551086426,1.3473087549209595,6.137997150421143,1.954638123512268,7.996597766876221
13289402803,0,147.377685546875,133.67050170898438,155.9642791748047,108.70690155029297,161.5479736328125,97.7186508178711,166.71221923828125,91.43206787109375,0.37134280800819397,2.2982101440429688,0.9003400206565857,4.133207321166992,1.541589617729187,6.07001256942749,2.3543970584869385,8.163165092468262
13314402803,0,147.6055450439453,136.81243896484375,159.5276336669922,110.71849822998047,166.01614379882812,98.7601547241211,171.52354431152344,91.72018432617188,0.3574960231781006,2.1674082279205322,0.9623289704322815,3.8976874351501465,1.6789202690124512,5.818199634552002,2.6083381175994873,8.038054466247559
13339402804,0,147.44915771484375,135.77859497070312,158.01751708984375,110.3045883178711,164.13497924804688,98.65619659423828,169.7671356201172,91.94123077392578,0.36039310693740845,2.2090256214141846,0.9261356592178345,3.944126605987549,1.6020653247833252,5.842450141906738,2.4753313064575195,7.944519519805908
13364402804,0,145.7723388671875,135.84254455566406,157.18272399902344,110.31248474121094,164.41128540039062,98.7887954711914,171.04611206054688,92.12895202636719,0.3289918005466461,2.2064123153686523,0.9001941084861755,3.9432315826416016,1.6063251495361328,5.811552047729492,2.527338743209839,7.866699695587158
13389402804,0,146.54576110839844,136.18751525878906,158.47320556640625,110.03187561035156,166.1607666015625,98.57984924316406,173.1686553955078,91.9834213256836,0.3414638638496399,2.192404270172119,0.9469369053840637,3.9752769470214844,1.696739673614502,5.860381126403809,2.6712710857391357,7.9269022941589355
13414402805,0,147.95077514648438,136.64793395996094,159.2645721435547,110.26647186279297,167.2611083984375,98.72894287109375,174.83905029296875,92.0239486694336,0.3647167980670929,2.1739413738250732,0.9655721187591553,3.948453903198242,1.7359267473220825,5.825460910797119,2.764451742172241,7.910048961639404
13439402805,0,149.93795776367188,136.35804748535156,160.22898864746094,110.27686309814453,168.007568359375,98.77958679199219,175.6707763671875,92.0909652709961,0.40285053849220276,2.185534954071045,0.9950867891311646,3.9472732543945312,1.765586018562317,5.813687324523926,2.8041553497314453,7.88232946395874
13464402806,0,149.82240295410156,137.25411987304688,160.95257568359375,110.277587890625,169.33448791503906,98.57412719726562,177.13919067382812,91.79898071289062,0.39522579312324524,2.1500303745269775,1.0174087285995483,3.9471912384033203,1.8382484912872314,5.861729621887207,2.9331600666046143,8.004472732543945
13489402806,0,150.26150512695312,137.57095336914062,162.2327880859375,110.50688934326172,170.77825927734375,98.74935913085938,178.6842041015625,91.88429260253906,0.40123024582862854,2.137708902359009,1.0506412982940674,3.921304225921631,1.8899937868118286,5.820709705352783,3.0124032497406006,7.968413829803467
13514402806,0,150.69955444335938,137.685791015625,162.7038116455078,110.56968688964844,170.497314453125,98.59712982177734,177.7511749267578,91.55718994140625,0.4084101617336273,2.133272171020508,1.0633633136749268,3.9142684936523438,1.888327717781067,5.856314182281494,3.0064053535461426,8.108380317687988
13539402807,0,150.89883422851562,137.38462829589844,162.5487060546875,110.15532684326172,169.81997680664062,98.37104797363281,176.37063598632812,91.35459899902344,0.41389328241348267,2.1449406147003174,1.070107102394104,3.96112060546875,1.8741616010665894,5.909949779510498,2.9535768032073975,8.197440147399902
13564402807,0,150.7965545654297,137.21755981445312,161.44993591308594,109.9085464477539,168.8945770263672,98.35554504394531,175.75628662109375,91.53003692626953,0.41310012340545654,2.1514599323272705,1.0428186655044556,3.989511489868164,1.8337678909301758,5.913661479949951,2.889868974685669,8.120209693908691
13589402807,0,149.68917846679688,136.769775390625,160.6128692626953,109.25853729248047,168.56350708007812,98.08638000488281,175.8525390625,91.515869140625,0.39575037360191345,2.1690993309020996,1.0344603061676025,4.066090106964111,1.8376902341842651,5.978806972503662,2.8977954387664795,8.126394271850586
13614402808,0,149.3532257080078,136.73138427734375,161.33633422851562,109.38568115234375,169.405029296875,98.33716583251953,176.60169982910156,91.84520721435547,0.38985151052474976,2.1706230640411377,1.0538121461868286,4.050901412963867,1.8579528331756592,5.918067455291748,2.894319772720337,7.984896183013916
13639402808,0,149.4771728515625,137.3343048095703,161.93673706054688,109.17682647705078,170.67138671875,98.09693908691406,178.15817260742188,91.6611557006836,0.38849595189094543,2.1469006538391113,1.0788185596466064,4.075906276702881,1.9324036836624146,5.976226806640625,3.01497220993042,8.06338882446289
13664402808,0,147.51426696777344,136.2913360595703,161.57846069335938,108.82736206054688,170.5389404296875,98.13236999511719,178.36505126953125,91.8661880493164,0.3587157130241394,2.188217878341675,1.0775583982467651,4.11837911605835,1.923793911933899,5.967581748962402,2.9961626529693604,7.976040363311768
13689402809,0,147.91970825195312,135.6767578125,161.53466796875,108.86357116699219,170.8309783935547,98.24946594238281,179.1625213623047,92.0051498413086,0.3697027266025543,2.213198184967041,1.0750960111618042,4.113941192626953,1.9283603429794312,5.939176559448242,3.022461414337158,7.917857646942139
13714402809,0,147.7191925048828,135.60910034179688,160.31253051757812,108.84244537353516,169.00155639648438,98.30097961425781,176.73240661621094,92.21598815917969,0.3663705289363861,2.215977668762207,1.0365092754364014,4.11652946472168,1.8423794507980347,5.926760196685791,2.8488757610321045,7.831108570098877
13739402810,0,147.2752685546875,134.68133544921875,160.54067993164062,108.24296569824219,169.37539672851562,98.28121948242188,177.10569763183594,92.4930191040039,0.3634233772754669,2.254697561264038,1.0610932111740112,4.191235542297363,1.860575556755066,5.931517124176025,2.8318912982940674,7.719837665557861
13764402810,0,147.910400390625,135.45458984375,159.72085571289062,108.49626159667969,168.35861206054688,98.66197204589844,175.90768432617188,93.01189422607422,0.37082380056381226,2.2223474979400635,1.0271815061569214,4.1593708992004395,1.7889350652694702,5.841098308563232,2.694577217102051,7.519323825836182
13789402810,0,148.604736328125,134.2072296142578,160.3735809326172,108.31954956054688,169.483642578125,98.91240692138672,177.4947052001953,93.44309997558594,0.3914504945278168,2.274930000305176,1.053418517112732,4.181554317474365,1.8216922283172607,5.783021450042725,2.727858304977417,7.360071182250977
13814402811,0,147.43783569335938,133.07138061523438,158.75279235839844,107.94476318359375,167.85275268554688,98.73770141601562,176.03282165527344,93.4266357421875,0.3761497735977173,2.3246803283691406,1.0111126899719238,4.229324817657471,1.7615090608596802,5.823421478271484,2.649322032928467,7.366034507751465
13839402811,0,151.35487365722656,132.12741088867188,162.0832061767578,107.69815826416016,171.56451416015625,98.91122436523438,180.02162170410156,93.76222229003906,0.4590454399585724,2.3674564361572266,1.1283537149429321,4.26130485534668,1.9131546020507812,5.7832932472229,2.8250834941864014,7.246277809143066
13864402811,0,150.34762573242188,132.0389404296875,163.95289611816406,107.82164001464844,174.90399169921875,99.08309173583984,184.8121337890625,93.98477172851562,0.43989500403404236,2.3715343475341797,1.1861485242843628,4.245236396789551,2.0467376708984375,5.744054317474365,3.0540051460266113,7.168874740600586
13889402812,0,153.0847930908203,133.1548614501953,167.15821838378906,108.46939086914062,177.86724853515625,99.49357604980469,187.3897247314453,94.1234359741211,0.4847637414932251,2.320960760116577,1.2689515352249146,4.1627302169799805,2.1435558795928955,5.652322769165039,3.1725568771362305,7.121435642242432
13914402812,0,153.95684814453125,134.76341247558594,167.1187286376953,109.54398345947266,176.9383087158203,99.84688568115234,185.89964294433594,94.01181030273438,0.488760381937027,2.251225709915161,1.2313883304595947,4.032135009765625,2.076935291290283,5.575533390045166,3.108642578125,7.1595778465271
13939402813,0,153.86619567871094,136.61080932617188,168.54931640625,110.74314880371094,177.85580444335938,100.13720703125,186.25892639160156,93.75418090820312,0.4731273055076599,2.1754202842712402,1.2369133234024048,3.8949527740478516,2.0940420627593994,5.5138773918151855,3.164975881576538,7.249104022979736
13964402813,0,153.12220764160156,137.14791870117188,168.315185546875,111.25178527832031,177.1189422607422,100.36335754394531,185.02239990234375,93.81806945800781,0.45573025941848755,2.1541872024536133,1.213835597038269,3.839297294616699,2.046642780303955,5.466724395751953,3.0887291431427,7.226705551147461
13989402813,0,152.5609893798828,137.52590942382812,168.9595489501953,111.54817962646484,178.18408203125,100.50877380371094,186.4681854248047,93.8883056640625,0.4429793059825897,2.139453411102295,1.2239941358566284,3.807526111602783,2.0803580284118652,5.436799049377441,3.1568803787231445,7.202232837677002
14014402814,0,152.8857421875,137.01255798339844,168.0133819580078,111.47659301757812,177.42050170898438,100.723388671875,186.160888671875,94.25341796875,0.45238059759140015,2.1595053672790527,1.1978881359100342,3.8151559829711914,2.0333967208862305,5.393187999725342,3.0887656211853027,7.077502727508545
14039402814,0,152.83502197265625,136.50331115722656,167.78375244140625,111.28683471679688,177.144775390625,100.87516021728516,185.92245483398438,94.57976531982422,0.4550228416919708,2.1797125339508057,1.1967661380767822,3.835515022277832,2.0114238262176514,5.362738132476807,3.031643867492676,6.9694294929504395
14064402814,0,152.03756713867188,135.97262573242188,166.8166046142578,110.90068054199219,176.6491241455078,100.91227722167969,186.13072204589844,94.96473693847656,0.44406548142433167,2.2011125087738037,1.1792638301849365,3.8775596618652344,1.9885814189910889,5.355340480804443,2.9915404319763184,6.84589147567749
14089402815,0,152.28897094726562,135.8673095703125,166.94760131835938,111.17640686035156,176.9548797607422,101.27059173583984,186.7288818359375,95.39512634277344,0.44944971799850464,2.2054014205932617,1.1749157905578613,3.847454071044922,1.9765832424163818,5.284886360168457,2.9667227268218994,6.712591648101807
14114402815,0,153.49549865722656,135.45803833007812,167.10092163085938,111.18636322021484,177.01437377929688,101.56043243408203,187.0967559814453,95.72626495361328,0.4748183786869049,2.22220516204834,1.1792412996292114,3.846374988555908,1.9595813751220703,5.2291460037231445,2.943641424179077,6.613324165344238
14139402816,0,154.0081329345703,134.72914123535156,165.9582977294922,110.90552520751953,175.29873657226562,101.67913818359375,184.96807861328125,96.0389404296875,0.48999372124671936,2.2526745796203613,1.153044581413269,3.8770275115966797,1.883427381515503,5.206631660461426,2.8007020950317383,6.522101879119873
14164402816,0,152.62936401367188,129.50888061523438,160.01846313476562,108.27806091308594,169.3291015625,100.43811798095703,179.64657592773438,95.87251281738281,0.506138026714325,2.4934661388397217,1.0430545806884766,4.186793804168701,1.7175354957580566,5.451300621032715,2.55678391456604,6.570359230041504
14189402816,0,149.9380340576172,130.55987548828125,159.21310424804688,108.15740966796875,169.23265075683594,99.67174530029297,180.5343780517578,94.7757568359375,0.44273942708969116,2.4415359497070312,1.0202116966247559,4.202099323272705,1.7609838247299194,5.613353729248047,2.7259724140167236,6.9060139656066895
14214402817,0,150.03004455566406,129.49205017089844,158.541748046875,108.10334777832031,168.5652313232422,99.82905578613281,179.88131713867188,95.12600708007812,0.4528540372848511,2.4943132400512695,0.999763011932373,4.208990573883057,1.7226860523223877,5.579361915588379,2.651313066482544,6.7953619956970215
14239402817,0,151.25942993164062,129.61158752441406,159.8860626220703,108.60464477539062,170.062255859375,100.379638671875,181.4364471435547,95.54472351074219,0.47713345289230347,2.4883077144622803,1.0294740200042725,4.145871162414551,1.7516056299209595,5.463358402252197,2.6822214126586914,6.66740083694458
14264402817,0,147.44918823242188,130.1393280029297,157.786376953125,108.5108413696289,168.65704345703125,100.13905334472656,180.90882873535156,95.24047088623047,0.3953503370285034,2.462090015411377,0.9641541838645935,4.15755033493042,1.707563877105713,5.513489246368408,2.6905055046081543,6.759923458099365
14289402818,0,148.2324981689453,130.24282836914062,157.56417846679688,108.63740539550781,168.27549743652344,100.19822692871094,180.57791137695312,95.13246154785156,0.4105420708656311,2.4570038318634033,0.9536560773849487,4.141806125640869,1.6879894733428955,5.501079559326172,2.6861612796783447,6.793354034423828
14314402818,0,148.69766235351562,128.33865356445312,155.48924255371094,107.71207427978516,165.8597412109375,99.53978729248047,178.57083129882812,94.70551300048828,0.43417567014694214,2.5535669326782227,0.909700334072113,4.259488105773926,1.624679446220398,5.642167091369629,2.6322031021118164,6.928616046905518
14339402819,0,151.5578155517578,128.15625,156.92335510253906,107.22539520263672,167.2041015625,98.55957794189453,180.11715698242188,93.42423248291016,0.495778352022171,2.5631606578826904,0.9703835844993591,4.323864459991455,1.744459867477417,5.865159511566162,2.874922275543213,7.366905689239502
14364402819,0,148.81365966796875,126.32032012939453,154.81298828125,106.05386352539062,164.30758666992188,97.90631866455078,175.85498046875,93.29682922363281,0.4528316557407379,2.6633102893829346,0.9305280447006226,4.4863762855529785,1.6563125848770142,6.0231428146362305,2.6556010246276855,7.413369178771973
14389402819,0,149.64987182617188,127.17076110839844,156.22286987304688,106.87555694580078,166.0093536376953,98.48974609375,177.41505432128906,93.7353286743164,0.4637639820575714,2.6160902976989746,0.9563803672790527,4.371249675750732,1.6957558393478394,5.881675720214844,2.686851978302002,7.255738735198975
14414402820,0,149.88638305664062,129.24668884277344,158.0091552734375,108.3421630859375,168.16880798339844,99.54456329345703,179.64657592773438,94.35728454589844,0.4518291652202606,2.506718158721924,0.9758738279342651,4.178703784942627,1.723469853401184,5.641119480133057,2.7300658226013184,7.042764186859131
14439402820,0,150.93849182128906,132.83631896972656,159.56307983398438,110.29231262207031,169.5760498046875,100.41387176513672,180.95196533203125,94.40774536132812,0.44560757279396057,2.335207939147949,0.974133312702179,3.94551944732666,1.729272484779358,5.456294059753418,2.7927658557891846,7.026002883911133
14464402820,0,150.46502685546875,134.24671936035156,159.33450317382812,110.95697784423828,169.3551025390625,100.6323471069336,180.7428741455078,94.40470123291016,0.4265217185020447,2.27323317527771,0.9505789279937744,3.8713784217834473,1.7069578170776367,5.411608695983887,2.782116174697876,7.027012348175049
14489402821,0,150.27236938476562,135.45504760742188,160.6001739501953,111.49435424804688,170.8004150390625,101.09599304199219,182.09854125976562,94.92996978759766,0.41481155157089233,2.2223284244537354,0.975518524646759,3.813260078430176,1.7384626865386963,5.318999767303467,2.7882564067840576,6.85687780380249
14514402821,0,149.26626586914062,135.4818115234375,159.73162841796875,111.58100128173828,169.8686065673828,101.17231750488281,181.00662231445312,95.00178527832031,0.3959064483642578,2.2212228775024414,0.9474499225616455,3.804037094116211,1.6961655616760254,5.304037570953369,2.7234489917755127,6.834220886230469
14539402822,0,149.1396484375,136.00465393066406,160.523193359375,111.46331787109375,171.22166442871094,101.00335693359375,182.63063049316406,94.84904479980469,0.39033442735671997,2.199810743331909,0.9739804267883301,3.8165736198425293,1.7611806392669678,5.33726692199707,2.825652837753296,6.882579326629639
14564402822,0,149.8209991455078,136.62747192382812,163.27908325195312,111.51399993896484,175.14395141601562,100.89433288574219,187.380126953125,94.6612548828125,0.3990323543548584,2.1747562885284424,1.0551565885543823,3.8111653327941895,1.9282526969909668,5.358914375305176,3.09676194190979,6.942929267883301
14589402822,0,149.85740661621094,136.8999786376953,164.56027221679688,111.44541931152344,176.4859619140625,100.86547088623047,188.28091430664062,94.755126953125,0.39801985025405884,2.163945198059082,1.0953766107559204,3.8184866905212402,1.9851256608963013,5.364672660827637,3.130770206451416,6.912637233734131
14614402823,0,149.2816619873047,136.38636779785156,162.99172973632812,110.83234405517578,174.65939331054688,100.46343994140625,186.34078979492188,94.60306549072266,0.39062702655792236,2.1843979358673096,1.0649334192276,3.885087490081787,1.9373244047164917,5.4460954666137695,3.050391674041748,6.9618330001831055
14639402823,0,149.43251037597656,136.75054931640625,163.49298095703125,110.8744888305664,175.41879272460938,100.34314727783203,187.47500610351562,94.38074493408203,0.3911832273006439,2.1698622703552246,1.0790174007415771,3.8804421424865723,1.9772111177444458,5.470907211303711,3.140585422515869,7.034962177276611
14664402823,0,149.96035766601562,136.6018524169922,166.11117553710938,110.88241577148438,179.38046264648438,100.75458526611328,192.5347137451172,95.04373931884766,0.40174001455307007,2.1757774353027344,1.1583764553070068,3.8795690536499023,2.111745595932007,5.386903285980225,3.309718608856201,6.82105016708374
14689402824,0,150.4151611328125,136.64646911621094,166.10000610351562,110.87786102294922,179.72299194335938,100.89885711669922,193.20266723632812,95.30006408691406,0.40977713465690613,2.173999786376953,1.1581727266311646,3.880070686340332,2.11521053314209,5.358012676239014,3.307187795639038,6.741610527038574
14714402824,0,151.2958526611328,135.9542999267578,164.21644592285156,110.48367309570312,177.10159301757812,100.45365905761719,190.27001953125,94.7164077758789,0.4304864704608917,2.201857566833496,1.1121923923492432,3.9239110946655273,2.039426565170288,5.448105335235596,3.2395894527435303,6.925101280212402
14739402825,0,151.35293579101562,135.10858154296875,162.59695434570312,110.65308380126953,174.55197143554688,100.5068588256836,187.29664611816406,94.63799285888672,0.4373244047164917,2.236725091934204,1.0578019618988037,3.9049601554870605,1.9299201965332031,5.437191486358643,3.095585823059082,6.950474739074707
14764402825,0,150.00045776367188,134.67459106445312,161.60174560546875,110.48539733886719,173.24732971191406,100.21437072753906,185.95065307617188,94.09480285644531,0.41484978795051575,2.2549831867218018,1.0318498611450195,3.923717498779297,1.8952792882919312,5.4977030754089355,3.09969425201416,7.131182670593262
14789402825,0,151.9344024658203,136.67306518554688,167.77886962890625,110.981689453125,180.61634826660156,100.48661804199219,192.91055297851562,94.2662124633789,0.43737074732780457,2.172940969467163,1.2059863805770874,3.8686704635620117,2.1828830242156982,5.441339015960693,3.4452407360076904,7.073205471038818
14814402826,0,150.6698455810547,135.17381286621094,165.39871215820312,110.53462219238281,178.410400390625,100.55457305908203,191.8326416015625,94.64898681640625,0.42409399151802063,2.2340025901794434,1.146980881690979,3.91819429397583,2.086388349533081,5.427437782287598,3.330770254135132,6.946906566619873
14839402826,0,150.94720458984375,135.42295837402344,166.0795440673828,110.60417175292969,178.96206665039062,100.46803283691406,192.16786193847656,94.43685913085938,0.4275963008403778,2.2236554622650146,1.1657572984695435,3.910414695739746,2.1156322956085205,5.445152282714844,3.379917860031128,7.016367435455322
14864402826,0,151.0817108154297,135.2328338623047,165.78829956054688,110.50669860839844,178.44522094726562,100.25508117675781,191.481689453125,94.1754379272461,0.43139585852622986,2.231544017791748,1.1597695350646973,3.92132568359375,2.109959602355957,5.489205837249756,3.3831937313079834,7.10379695892334
14889402827,0,150.00328063964844,134.9830780029297,163.23394775390625,110.20748138427734,175.30517578125,100.004150390625,188.1068878173828,94.0516357421875,0.4128708243370056,2.2419793605804443,1.0898420810699463,3.955167770385742,1.9963511228561401,5.541976451873779,3.2213218212127686,7.145925521850586
14914402827,0,148.23997497558594,134.25624084472656,161.59457397460938,109.62029266357422,173.57513427734375,99.73757934570312,186.3421630859375,94.07041931152344,0.3842180371284485,2.272824287414551,1.0553526878356934,4.023144721984863,1.9418247938156128,5.599081039428711,3.1240830421447754,7.13950252532959
14939402827,0,148.6893310546875,135.35145568847656,163.7313232421875,110.01239013671875,176.2711181640625,100.03145599365234,188.96493530273438,94.33341979980469,0.38595840334892273,2.226616621017456,1.1108990907669067,3.977519989013672,2.035130739212036,5.536187648773193,3.2260828018188477,7.050716876983643
14964402828,0,149.8384246826172,135.46070861816406,163.96946716308594,110.11990356445312,176.60467529296875,100.04715728759766,189.6548309326172,94.16966247558594,0.40669330954551697,2.222094774246216,1.115148901939392,3.9651737213134766,2.048046588897705,5.532864570617676,3.2866897583007812,7.105752468109131
14989402828,0,151.01600646972656,135.75755310058594,163.72181701660156,110.25267791748047,176.51048278808594,100.0845947265625,190.11338806152344,94.09569549560547,0.42662763595581055,2.2098867893218994,1.1036269664764404,3.950021743774414,2.0413527488708496,5.524955749511719,3.322218418121338,7.130878448486328
15014402829,0,152.2176971435547,136.13462829589844,164.38912963867188,110.13461303710938,177.75306701660156,100.11237335205078,191.9797821044922,94.23773193359375,0.44626301527023315,2.1945419311523438,1.127724289894104,3.963489532470703,2.0915727615356445,5.519101619720459,3.4001879692077637,7.082777500152588
15039402829,0,151.95614624023438,136.1949005126953,163.82882690429688,110.01557922363281,177.16131591796875,100.14183044433594,191.45606994628906,94.32523345947266,0.4410289227962494,2.192106008529663,1.1138368844985962,3.9771523475646973,2.064532995223999,5.512906074523926,3.359137535095215,7.0534491539001465
15064402829,0,151.84808349609375,136.68031311035156,163.9695587158203,110.12324523925781,176.68670654296875,100.16133880615234,189.92593383789062,94.31558990478516,0.43574458360671997,2.1726527214050293,1.1150540113449097,3.9647908210754395,2.043185234069824,5.508809566497803,3.2795543670654297,7.056670188903809
15089402830,0,152.72174072265625,137.1749725341797,164.7423095703125,110.17361450195312,177.72122192382812,100.04389953613281,191.08251953125,94.15434265136719,0.4482794404029846,2.1531271934509277,1.1375062465667725,3.959031581878662,2.0953376293182373,5.533553600311279,3.365122079849243,7.110942840576172
15114402830,0,151.4618377685547,136.73822021484375,161.474365234375,110.22689819335938,173.48472595214844,99.92085266113281,186.50140380859375,94.10905456542969,0.4283038377761841,2.17035174369812,1.0348894596099854,3.952955722808838,1.925251841545105,5.559703350067139,3.127135753631592,7.1263275146484375
15139402830,0,152.40853881835938,137.15765380859375,163.82778930664062,110.41114044189453,176.13291931152344,99.97918701171875,189.2530975341797,94.03872680664062,0.4427178204059601,2.153805732727051,1.1023344993591309,3.9320759773254395,2.033095359802246,5.547277450561523,3.2846734523773193,7.150345325469971
15164402831,0,153.17767333984375,137.3342742919922,166.97940063476562,110.60985565185547,180.34275817871094,100.16463470458984,194.5997314453125,94.01429748535156,0.4554336965084076,2.146901845932007,1.1931296586990356,3.909780502319336,2.1963579654693604,5.508118152618408,3.575347900390625,7.158723831176758
15189402831,0,152.7045135498047,137.484130859375,169.4499969482422,111.10599517822266,183.85763549804688,100.51702117919922,198.64402770996094,94.00411987304688,0.4458521902561188,2.14107346534729,1.252656102180481,3.855102062225342,2.31488299369812,5.435111045837402,3.7942163944244385,7.162220001220703
15214402832,0,151.08233642578125,137.05787658691406,169.87535095214844,111.12063598632812,184.54937744140625,100.71833038330078,199.47528076171875,94.23031616210938,0.4193054139614105,2.157722234725952,1.265036940574646,3.8535094261169434,2.327122688293457,5.3942084312438965,3.7998011112213135,7.085273265838623
15239402832,0,149.1869354248047,136.8551483154297,168.5272979736328,110.89160919189453,183.0899658203125,100.76708221435547,197.9029083251953,94.52786254882812,0.3860773742198944,2.165717601776123,1.231522560119629,3.8785576820373535,2.2632229328155518,5.3843889236450195,3.6671266555786133,6.986408233642578
15264402832,0,148.40365600585938,136.94076538085938,168.44259643554688,110.96996307373047,183.22726440429688,100.77381134033203,198.39073181152344,94.49388122558594,0.3713139593601227,2.16233491897583,1.2264777421951294,3.869955062866211,2.2683329582214355,5.383036136627197,3.698296308517456,6.9975666999816895
15289402833,0,148.7862548828125,137.22833251953125,167.1903839111328,110.71508026123047,181.15118408203125,100.28295135498047,195.69786071777344,93.97540283203125,0.3766089677810669,2.151038646697998,1.1963272094726562,3.898066520690918,2.220950126647949,5.483402252197266,3.6407322883605957,7.172101974487305
15314402833,0,148.1041259765625,137.1561737060547,165.92367553710938,110.30680847167969,179.68780517578125,100.0021743774414,193.93861389160156,93.7905044555664,0.36465340852737427,2.1538636684417725,1.1699979305267334,3.943875312805176,2.1814584732055664,5.542395114898682,3.576211452484131,7.236353397369385
15339402833,0,147.44764709472656,137.2794647216797,164.362060546875,110.50774383544922,178.1580047607422,100.28988647460938,193.2884521484375,94.22767639160156,0.352079838514328,2.149040460586548,1.1159662008285522,3.921208381652832,2.095365047454834,5.481960296630859,3.471306562423706,7.086162090301514
15364402834,0,147.17245483398438,137.19700622558594,164.39468383789062,110.55079650878906,178.49374389648438,100.56204986572266,194.22357177734375,94.65045928955078,0.34753674268722534,2.15226411819458,1.1157200336456299,3.9163827896118164,2.0892906188964844,5.425911903381348,3.455303907394409,6.946429252624512
15389402834,0,146.6890106201172,137.34349060058594,164.47055053710938,110.8248291015625,178.61279296875,100.8761215209961,194.27723693847656,94.95436096191406,0.3380139172077179,2.146542549133301,1.110154390335083,3.8859167098999023,2.0714385509490967,5.362546443939209,3.412320613861084,6.8491668701171875
15414402835,0,147.59201049804688,136.75868225097656,165.4107208251953,110.56295013427734,178.5581817626953,100.68205261230469,192.9947509765625,94.81573486328125,0.35754576325416565,2.169539451599121,1.146506428718567,3.915022373199463,2.0832042694091797,5.40153694152832,3.3666229248046875,6.893211841583252
15439402835,0,150.32107543945312,137.4461669921875,169.91221618652344,111.13670349121094,183.83067321777344,100.81028747558594,199.20458984375,94.4472885131836,0.40307098627090454,2.142547369003296,1.265630841255188,3.8517632484436035,2.2902133464813232,5.375714302062988,3.748821258544922,7.012921333312988
15464402835,0,148.77767944335938,136.7762451171875,168.07745361328125,110.46919250488281,181.67630004882812,100.51815032958984,196.53317260742188,94.43221282958984,0.3790809214115143,2.1688427925109863,1.2312257289886475,3.925539016723633,2.2243945598602295,5.434879779815674,3.610599994659424,7.017903804779053
15489402836,0,146.06488037109375,135.52926635742188,162.98312377929688,109.31709289550781,175.94590759277344,99.6771011352539,190.23023986816406,94.0784683227539,0.3360561728477478,2.2192649841308594,1.1079022884368896,4.059082508087158,2.047300338745117,5.612189769744873,3.3310654163360596,7.136754035949707
15514402836,0,143.20628356933594,134.8147430419922,158.10552978515625,108.26655578613281,170.50379943847656,98.69602966308594,184.25160217285156,93.33453369140625,0.2860962152481079,2.2490592002868652,0.9810487627983093,4.188249111175537,1.8816192150115967,5.833136558532715,3.1160354614257812,7.399560928344727
15539402836,0,142.44369506835938,134.56414794921875,156.2946319580078,108.2479476928711,168.1900177001953,98.5405044555664,181.52325439453125,93.12665557861328,0.2728371024131775,2.2596700191497803,0.9225104451179504,4.1906046867370605,1.789615273475647,5.869662284851074,2.9940731525421143,7.4763054847717285
15564402837,0,139.23599243164062,134.53488159179688,150.43299865722656,107.97871398925781,161.785888671875,98.09000396728516,174.57945251464844,92.6136245727539,0.21234387159347534,2.2609145641326904,0.7368724942207336,4.224956512451172,1.5304243564605713,5.977921485900879,2.670488119125366,7.672330379486084
15589402837,0,137.15304565429688,132.84327697753906,148.13522338867188,106.79939270019531,159.52369689941406,97.18821716308594,172.41598510742188,91.8975601196289,0.17778849601745605,2.334895133972168,0.6838099360466003,4.381692409515381,1.47907555103302,6.206263542175293,2.6380929946899414,7.962833881378174
15614402838,0,137.46221923828125,132.295166015625,148.3502960205078,106.33696746826172,159.3448944091797,96.91343688964844,171.61256408691406,91.77647399902344,0.18546465039253235,2.3597567081451416,0.7004214525222778,4.446088790893555,1.4869070053100586,6.279126167297363,2.606234073638916,8.0140380859375
15639402838,0,136.80722045898438,132.4420623779297,146.6143798828125,106.44796752929688,156.97279357910156,97.04562377929688,168.55569458007812,91.95513153076172,0.17220677435398102,2.3530495166778564,0.6386098265647888,4.430473327636719,1.3671280145645142,6.243875026702881,2.4018611907958984,7.938706874847412
15664402838,0,136.49440002441406,132.49415588378906,145.4518585205078,106.24250793457031,155.44520568847656,96.73435974121094,166.73460388183594,91.64559936523438,0.16594721376895905,2.3506789207458496,0.6023192405700684,4.459456920623779,1.3113434314727783,6.327483177185059,2.330153226852417,8.070090293884277
15689402839,0,138.44418334960938,133.26373291015625,147.25953674316406,107.15363311767578,157.11585998535156,97.36119079589844,168.186767578125,92.09036254882812,0.20147524774074554,2.3161256313323975,0.6474798917770386,4.333507537841797,1.3567837476730347,6.161205768585205,2.3639914989471436,7.882577419281006
15714402839,0,139.92921447753906,134.46617126464844,148.86972045898438,108.24539184570312,158.82858276367188,98.20521545410156,169.92041015625,92.81815338134766,0.2256927192211151,2.263841390609741,0.6804786324501038,4.190927982330322,1.3903254270553589,5.949880599975586,2.3797643184661865,7.593023300170898
15739402839,0,143.71287536621094,133.81521606445312,150.88218688964844,108.43997955322266,161.36558532714844,98.57965087890625,173.4856719970703,93.24341583251953,0.3004075884819031,2.291893482208252,0.7421129941940308,4.166412830352783,1.4835429191589355,5.8604278564453125,2.530468463897705,7.433014869689941
15764402840,0,145.40220642089844,134.23944091796875,153.74876403808594,109.09368896484375,164.23809814453125,99.20223236083984,176.10301208496094,93.72891998291016,0.33043745160102844,2.273545503616333,0.820364773273468,4.085937976837158,1.5743870735168457,5.717144966125488,2.6162831783294678,7.257996082305908
15789402840,0,146.251708984375,134.64051818847656,155.11038208007812,109.62010192871094,165.44839477539062,99.51591491699219,176.95497131347656,93.86031341552734,0.3443489968776703,2.25642728805542,0.8516600728034973,4.023166656494141,1.6084214448928833,5.647408485412598,2.6466166973114014,7.2119669914245605
15814402841,0,146.3056182861328,134.86964416503906,155.0810546875,109.72724914550781,164.98895263671875,99.3853759765625,175.96524047851562,93.57650756835938,0.34410741925239563,2.246746301651001,0.8483226299285889,4.0106048583984375,1.5962611436843872,5.676235198974609,2.627218008041382,7.31209135055542
15839402841,0,146.8155975341797,134.1885986328125,154.79380798339844,109.27384948730469,164.6841278076172,99.13904571533203,175.84901428222656,93.43267822265625,0.35756736993789673,2.2757315635681152,0.8495342135429382,4.064255714416504,1.5974756479263306,5.731386661529541,2.638439893722534,7.363845348358154
15864402841,0,145.96133422851562,133.70953369140625,153.90969848632812,108.7784652709961,163.74488830566406,98.82491302490234,174.93743896484375,93.26290893554688,0.343982994556427,2.296503782272339,0.8325675129890442,4.124386787414551,1.574803113937378,5.803188323974609,2.608839511871338,7.4258341789245605
15889402842,0,145.304931640625,133.6752166748047,153.50697326660156,108.70808410644531,163.14585876464844,98.71926879882812,174.12818908691406,93.12850952148438,0.3315964341163635,2.298004150390625,0.8211979866027832,4.133061408996582,1.5545340776443481,5.827714920043945,2.5801689624786377,7.475614070892334
15914402842,0,144.68051147460938,133.9324951171875,153.1786346435547,108.77809143066406,163.0077362060547,98.72196197509766,174.2057342529297,93.08440399169922,0.31830352544784546,2.2867963314056396,0.8090840578079224,4.124432563781738,1.5482687950134277,5.827087879180908,2.5899128913879395,7.492088794708252
15939402842,0,143.90469360351562,133.50479125976562,151.61605834960938,108.18276977539062,161.36444091796875,98.27407836914062,172.52023315429688,92.81201171875,0.3056095838546753,2.3054800033569336,0.7713585495948792,4.198873996734619,1.500745415687561,5.9332380294799805,2.5280985832214355,7.595382213592529
15964402843,0,143.51605224609375,133.300537109375,150.60169982910156,107.68251037597656,160.44161987304688,97.84517669677734,171.86192321777344,92.43309020996094,0.2991352379322052,2.3144946098327637,0.7485767602920532,4.263348579406738,1.483452558517456,6.0383381843566895,2.536905288696289,7.743652820587158
15989402843,0,144.01766967773438,133.7683868408203,152.05368041992188,108.35267639160156,162.14505004882812,98.42560577392578,173.8834991455078,92.91578674316406,0.3064670264720917,2.2939345836639404,0.7819802761077881,4.177379131317139,1.5270506143569946,5.896922588348389,2.5925848484039307,7.555713176727295
16014402844,0,144.14254760742188,133.8358154296875,152.49293518066406,108.49642181396484,162.763916015625,98.60120391845703,174.73260498046875,93.05831146240234,0.30851954221725464,2.29099702835083,0.7931241989135742,4.159350872039795,1.5444649457931519,5.855355739593506,2.6226906776428223,7.501867771148682
16039402844,0,144.01390075683594,134.18154907226562,153.38108825683594,108.88235473632812,163.95651245117188,98.96544647216797,176.3486328125,93.37269592285156,0.3043590486049652,2.2760345935821533,0.8132839798927307,4.111642360687256,1.5758707523345947,5.770860195159912,2.673471450805664,7.385634422302246
16064402844,0,143.88113403320312,134.3197784423828,154.1084442138672,109.0871810913086,165.01412963867188,99.18462371826172,177.82293701171875,93.59779357910156,0.30116620659828186,2.27009916305542,0.8319702744483948,4.086725234985352,1.609143853187561,5.721107006072998,2.726280927658081,7.304490566253662
16089402845,0,144.59751892089844,134.90118408203125,155.77635192871094,109.62478637695312,166.89686584472656,99.5727767944336,179.8394317626953,93.8274154663086,0.31184229254722595,2.2454190254211426,0.8724725246429443,4.022615909576416,1.6671886444091797,5.634937763214111,2.80678129196167,7.223440170288086
16114402845,0,144.0742645263672,134.7847900390625,155.55947875976562,109.58428955078125,166.70071411132812,99.58941650390625,179.60147094726562,93.89671325683594,0.30257102847099304,2.2503232955932617,0.8665932416915894,4.027381420135498,1.6577807664871216,5.631297588348389,2.785055160522461,7.199314117431641
16139402845,0,144.24293518066406,134.90432739257812,156.27377319335938,109.66973114013672,167.61062622070312,99.65209197998047,180.5955047607422,93.9640121459961,0.3051649332046509,2.245286703109741,0.8870373368263245,4.017339706420898,1.6929118633270264,5.6176276206970215,2.830007553100586,7.176029205322266
16164402846,0,144.12554931640625,135.12802124023438,157.02011108398438,109.75789642333984,168.5954132080078,99.66539001464844,181.81529235839844,93.90576171875,0.30188602209091187,2.2359132766723633,0.9083263874053955,4.007024765014648,1.7341665029525757,5.614735126495361,2.9033405780792236,7.196174621582031
16189402846,0,143.80909729003906,135.18618774414062,157.18724060058594,109.61092376708984,168.66973876953125,99.52468872070312,181.60145568847656,93.75891876220703,0.29568928480148315,2.2334868907928467,0.9171273708343506,4.0242462158203125,1.746222734451294,5.645481586456299,2.9113197326660156,7.247438430786133
16214402846,0,143.92593383789062,135.5040283203125,157.5921630859375,109.6653823852539,168.93917846679688,99.52083587646484,181.561279296875,93.71697998046875,0.29638367891311646,2.220306158065796,0.9285065531730652,4.017849445343018,1.7580374479293823,5.646327495574951,2.9147555828094482,7.262206554412842
16239402847,0,144.2849578857422,135.4198455810547,157.688232421875,109.62494659423828,169.05413818359375,99.48246765136719,181.70750427246094,93.66778564453125,0.30346745252609253,2.2237842082977295,0.9325219988822937,4.022597312927246,1.7654353380203247,5.654768466949463,2.9293487071990967,7.279603004455566
16264402847,0,144.80612182617188,135.35255432128906,158.26565551757812,109.50931549072266,169.71792602539062,99.42481231689453,182.36990356445312,93.62897491455078,0.3135118782520294,2.2265710830688477,0.9535898566246033,4.03623104095459,1.7977516651153564,5.6674981117248535,2.970798969268799,7.2933831214904785
16289402848,0,145.0502166748047,135.43145751953125,158.6502685546875,109.6407241821289,170.07972717285156,99.53433990478516,182.686279296875,93.70958709716797,0.31766971945762634,2.22330379486084,0.962336540222168,4.0207438468933105,1.8061294555664062,5.643362045288086,2.9769906997680664,7.2648162841796875
16314402848,0,146.25331115722656,135.86361694335938,159.64443969726562,109.96609497070312,170.98556518554688,99.73397064208984,183.4234161376953,93.81375122070312,0.3377837836742401,2.205552101135254,0.9850360155105591,3.9828577041625977,1.8317291736602783,5.599862098693848,3.002711534500122,7.22821569442749
16339402848,0,144.96087646484375,135.5496063232422,158.3818359375,109.66826629638672,169.5482940673828,99.49737548828125,181.87411499023438,93.65147399902344,0.31541770696640015,2.2184267044067383,0.9532109498977661,4.017511367797852,1.7857168912887573,5.651486396789551,2.9406497478485107,7.285388469696045
16364402849,0,145.4101104736328,135.67649841308594,158.7274627685547,109.89390563964844,169.88836669921875,99.67365264892578,182.23416137695312,93.76976776123047,0.32312679290771484,2.2132086753845215,0.9583142995834351,3.9912071228027344,1.788865089416504,5.612939357757568,2.944216728210449,7.243627071380615
16389402849,0,144.77801513671875,135.24842834472656,157.79714965820312,109.61564636230469,168.85354614257812,99.49498748779297,181.23825073242188,93.68159484863281,0.31350284814834595,2.2308952808380127,0.9361745715141296,4.023691177368164,1.756009578704834,5.652011871337891,2.901905059814453,7.274711608886719
16414402849,0,143.03500366210938,135.6414337158203,156.90411376953125,109.50081634521484,167.8153839111328,99.31329345703125,179.3719482421875,93.37506103515625,0.2791992425918579,2.214648723602295,0.9108977317810059,4.03723669052124,1.7227706909179688,5.6922712326049805,2.8403332233428955,7.384772777557373
16439402850,0,143.2424774169922,135.70465087890625,157.28427124023438,109.61756896972656,168.30072021484375,99.42302703857422,179.9700469970703,93.46577453613281,0.28277111053466797,2.2120537757873535,0.9200137257575989,4.023464679718018,1.736793041229248,5.667892932891846,2.8612592220306396,7.351874828338623
16464402850,0,142.50534057617188,135.4013214111328,156.14126586914062,109.37783813476562,166.9656982421875,99.19537353515625,178.5809326171875,93.23786163330078,0.2703835666179657,2.224550724029541,0.8897747993469238,4.051835536956787,1.693316102027893,5.718687057495117,2.814664840698242,7.435063362121582
16489402851,0,142.38772583007812,135.52813720703125,156.07537841796875,109.43431854248047,166.84268188476562,99.17728424072266,178.38677978515625,93.17391967773438,0.26765578985214233,2.219311475753784,0.8863521814346313,4.045118808746338,1.6890937089920044,5.72275972366333,2.8123281002044678,7.458724021911621
16514402851,0,142.47799682617188,135.77877807617188,155.95751953125,109.64643859863281,166.5044403076172,99.31494903564453,177.75411987304688,93.23492431640625,0.2682766914367676,2.2090182304382324,0.8776581883430481,4.020072937011719,1.6659464836120605,5.691901683807373,2.769038438796997,7.436147212982178
16539402851,0,142.48614501953125,135.8986358642578,156.36593627929688,109.82208251953125,166.93368530273438,99.4755630493164,178.13107299804688,93.37405395507812,0.26792415976524353,2.2041242122650146,0.8863440752029419,3.9995460510253906,1.6746712923049927,5.656290531158447,2.7718563079833984,7.385139465332031
16564402852,0,142.50315856933594,136.16714477539062,156.35296630859375,109.94345092773438,166.94131469726562,99.4481201171875,178.2127685546875,93.27951049804688,0.26711636781692505,2.1932272911071777,0.8831049203872681,3.985473155975342,1.6766738891601562,5.6623454093933105,2.7887089252471924,7.4197282791137695
16589402852,0,142.41928100585938,136.27149963378906,156.49085998535156,109.99124145507812,166.9952850341797,99.39498901367188,178.28976440429688,93.18315124511719,0.2651403546333313,2.189016819000244,0.8862836360931396,3.97995662689209,1.6822540760040283,5.674102783203125,2.805689811706543,7.455299377441406
16614402852,0,141.90728759765625,136.8426513671875,156.3189697265625,110.1661605834961,166.91229248046875,99.47323608398438,178.48239135742188,93.27818298339844,0.2534733712673187,2.1662120819091797,0.8768990635871887,3.9598827362060547,1.673892855644226,5.656803607940674,2.8038580417633057,7.420216083526611
16639402853,0,141.09144592285156,136.63433837890625,155.45472717285156,109.98414611816406,166.2642059326172,99.44369506835938,178.17855834960938,93.36134338378906,0.23937290906906128,2.174482822418213,0.8542115092277527,3.9807748794555664,1.6477857828140259,5.663322925567627,2.776132822036743,7.389771938323975
16664402853,0,141.47694396972656,136.51800537109375,155.47366333007812,110.07257080078125,165.97039794921875,99.46975708007812,177.59765625,93.33502960205078,0.24686592817306519,2.1791248321533203,0.8528153300285339,3.970600128173828,1.6335821151733398,5.6575703620910645,2.7473788261413574,7.399379730224609
16689402854,0,141.02297973632812,136.42236328125,154.68569946289062,109.87102508544922,165.4103546142578,99.31167602539062,177.34616088867188,93.26538848876953,0.23890453577041626,2.1829538345336914,0.8327644467353821,3.9938602447509766,1.6188033819198608,5.69263219833374,2.7423994541168213,7.42492151260376
16714402854,0,140.95602416992188,136.2351837158203,153.88015747070312,109.7070541381836,164.26480102539062,99.14067840576172,175.62490844726562,93.0890884399414,0.23836882412433624,2.1904804706573486,0.811138391494751,4.012967109680176,1.579120397567749,5.73101806640625,2.668867349624634,7.490335941314697
16739402854,0,140.831787109375,135.96734619140625,153.58566284179688,109.57090759277344,163.91363525390625,99.06991577148438,175.02685546875,93.08427429199219,0.23707157373428345,2.201327085494995,0.8048141598701477,4.028958320617676,1.5679171085357666,5.747045040130615,2.6359546184539795,7.492137432098389
16764402855,0,140.38153076171875,135.9740447998047,153.274169921875,109.40673065185547,163.87933349609375,98.93307495117188,175.32171630859375,93.04691314697266,0.22872896492481232,2.201054573059082,0.7985052466392517,4.048397064208984,1.574378252029419,5.7782769203186035,2.6571907997131348,7.506147384643555
16789402855,0,140.33834838867188,135.7618408203125,153.0980987548828,109.40391540527344,163.79742431640625,99.02061462402344,175.57806396484375,93.20984649658203,0.22868983447551727,2.2097113132476807,0.793002188205719,4.048731803894043,1.56569504737854,5.758260726928711,2.65106201171875,7.445412635803223
16814402855,0,140.1252899169922,136.06570434570312,152.6136016845703,109.67405700683594,163.18777465820312,99.12129211425781,174.88128662109375,93.20240020751953,0.22367486357688904,2.197333335876465,0.772117555141449,4.01683235168457,1.5333173274993896,5.735400676727295,2.613154649734497,7.448167324066162
16839402856,0,139.70376586914062,135.93687438964844,152.17347717285156,109.49690246582031,162.68173217773438,98.96781921386719,174.40188598632812,93.08248901367188,0.2163340449333191,2.2025668621063232,0.7618937492370605,4.0376996994018555,1.5198670625686646,5.770317077636719,2.6011438369750977,7.492805480957031
16864402856,0,140.045654296875,135.67103576660156,152.0043487548828,109.16999053955078,162.31820678710938,98.60126495361328,173.72463989257812,92.70975494384766,0.2235831767320633,2.213433027267456,0.7632171511650085,4.076729774475098,1.5246598720550537,5.85534143447876,2.609311819076538,7.634860515594482
16889402857,0,140.61724853515625,135.75782775878906,152.03717041015625,109.27212524414062,162.23965454101562,98.64906311035156,173.30413818359375,92.72673797607422,0.23387391865253448,2.2098755836486816,0.762166440486908,4.064462184906006,1.5184415578842163,5.84412145614624,2.5831973552703857,7.62827730178833
16914402857,0,140.85411071777344,136.17547607421875,152.30850219726562,109.52547454833984,162.48110961914062,98.73912811279297,173.43402099609375,92.73095703125,0.23671381175518036,2.1928906440734863,0.7655660510063171,4.034320831298828,1.5239988565444946,5.823089599609375,2.590075731277466,7.62664270401001
16939402857,0,141.1383819580078,136.21621704101562,152.49362182617188,109.79324340820312,162.50437927246094,98.95196533203125,173.391845703125,92.8770751953125,0.24179527163505554,2.1912455558776855,0.765930712223053,4.002902984619141,1.512984275817871,5.773946285247803,2.5695602893829346,7.570464611053467
16964402858,0,142.507568359375,136.5264434814453,154.38616943359375,110.25061798095703,164.57305908203125,99.38457489013672,175.71205139160156,93.2204360961914,0.2657097578048706,2.1787874698638916,0.8152457475662231,3.95025634765625,1.5783593654632568,5.676413059234619,2.6572012901306152,7.441497325897217
16989402858,0,142.48606872558594,136.57333374023438,154.3426971435547,110.27108001708984,164.08444213867188,99.42832946777344,174.65272521972656,93.25041198730469,0.2651233375072479,2.176914930343628,0.8134673833847046,3.947930335998535,1.55478835105896,5.666719913482666,2.5945396423339844,7.430436134338379
17014402858,0,142.04542541503906,136.51412963867188,154.2404022216797,110.27938842773438,164.06021118164062,99.58580017089844,174.6329345703125,93.4467544555664,0.257294625043869,2.1792798042297363,0.8101326823234558,3.946986675262451,1.544874906539917,5.632088661193848,2.5696964263916016,7.3587493896484375
17039402859,0,141.36245727539062,135.95266723632812,153.55889892578125,109.69402313232422,163.24325561523438,99.23780822753906,173.6676025390625,93.31008911132812,0.24693255126476288,2.2019243240356445,0.801346480846405,4.014492988586426,1.529165506362915,5.709155082702637,2.5326406955718994,7.408507347106934
17064402859,0,141.00344848632812,135.4675750732422,153.46290588378906,109.08518981933594,163.06674194335938,98.78900146484375,173.47598266601562,93.00668334960938,0.24213480949401855,2.221810817718506,0.8114431500434875,4.086966037750244,1.546997308731079,5.811504364013672,2.5584402084350586,7.5212883949279785
17089402860,0,141.12710571289062,135.33924865722656,153.7786102294922,108.9889907836914,163.51943969726562,98.75841522216797,174.23048400878906,93.0462875366211,0.24493266642093658,2.2271227836608887,0.8236404657363892,4.098635673522949,1.5687594413757324,5.818603992462158,2.5959935188293457,7.506382465362549
17114402860,0,141.1576385498047,135.64947509765625,153.69590759277344,109.06317138671875,163.46859741210938,98.75088500976562,174.27197265625,93.01649475097656,0.2443057894706726,2.21431827545166,0.8193548321723938,4.0896315574646,1.5669548511505127,5.820354461669922,2.602006435394287,7.517590045928955
17139402860,0,140.3339385986328,135.41677856445312,152.7456817626953,108.76226043701172,162.19586181640625,98.44464874267578,172.7662353515625,92.70907592773438,0.22985199093818665,2.2239110469818115,0.7955140471458435,4.126380920410156,1.528221845626831,5.892387866973877,2.5547034740448,7.6351237297058105
17164402861,0,139.28765869140625,135.07833862304688,151.71157836914062,108.49778747558594,160.917724609375,98.2255859375,171.19757080078125,92.51691436767578,0.21148240566253662,2.2379894256591797,0.7677937150001526,4.159180164337158,1.4833896160125732,5.944948196411133,2.4882724285125732,7.710381031036377
17189402861,0,139.2388458251953,135.4327392578125,151.84202575683594,108.6539306640625,160.94418334960938,98.26321411132812,171.04388427734375,92.50420379638672,0.20939141511917114,2.2232508659362793,0.7687289714813232,4.139758586883545,1.4824548959732056,5.935857772827148,2.480956792831421,7.715408802032471
17214402861,0,139.54830932617188,135.31410217285156,152.22445678710938,108.61443328857422,161.39370727539062,98.25894165039062,171.58941650390625,92.49687194824219,0.2155602127313614,2.228166341781616,0.7819020748138428,4.144655704498291,1.5029276609420776,5.936888694763184,2.513298749923706,7.718311786651611
17239402862,0,142.08993530273438,134.5676727294922,154.43344116210938,109.089599609375,164.02517700195312,98.74834442138672,174.87203979492188,92.89659881591797,0.2661397159099579,2.2595202922821045,0.8422716856002808,4.086432456970215,1.591694951057434,5.8209452629089355,2.6508727073669434,7.563017845153809
17264402862,0,140.95513916015625,135.3157958984375,154.13027954101562,109.33143615722656,163.46719360351562,98.85712432861328,173.80429077148438,92.83280944824219,0.2418135702610016,2.2280960083007812,0.8272181153297424,4.057369232177734,1.560694694519043,5.795748710632324,2.5984175205230713,7.587400436401367
17289402863,0,140.88958740234375,135.24758911132812,154.07852172851562,109.2275390625,163.10145568847656,98.77017974853516,173.07456970214844,92.7517318725586,0.24084945023059845,2.2309300899505615,0.8278836011886597,4.0698089599609375,1.5496174097061157,5.815871238708496,2.567012071609497,7.618607997894287
17314402863,0,140.348876953125,135.96453857421875,153.8345184326172,109.55738067626953,162.76475524902344,98.89403533935547,172.49868774414062,92.7822036743164,0.22815965116024017,2.2014412879943848,0.8129348158836365,4.030553817749023,1.5276849269866943,5.78724479675293,2.5304994583129883,7.6068501472473145
17339402863,0,140.56004333496094,135.46653747558594,154.08456420898438,109.23545837402344,163.27638244628906,98.8266372680664,173.34310913085938,92.82296752929688,0.2338820993900299,2.2218539714813232,0.8278993368148804,4.068858623504639,1.5540623664855957,5.802789688110352,2.5734713077545166,7.591175556182861
17364402864,0,141.11355590820312,135.4225311279297,154.61520385742188,109.45780944824219,164.02105712890625,99.11026763916016,174.33680725097656,93.07765197753906,0.24435855448246002,2.223673105239868,0.839726984500885,4.042331218719482,1.5702662467956543,5.737895488739014,2.5980918407440186,7.494616985321045
17389402864,0,141.24020385742188,135.39886474609375,154.36968994140625,109.53779602050781,163.51776123046875,99.15873718261719,173.53741455078125,93.09390258789062,0.24681062996387482,2.2246525287628174,0.8302080035209656,4.032865524291992,1.5455628633499146,5.7269415855407715,2.5513031482696533,7.488534927368164
17414402864,0,141.72836303710938,136.17758178710938,154.82522583007812,110.34728240966797,164.07447814941406,99.75349426269531,174.00900268554688,93.48987579345703,0.252805233001709,2.192805528640747,0.8267219662666321,3.9392905235290527,1.536147952079773,5.595641136169434,2.5302274227142334,7.3431806564331055
17439402865,0,141.96888732910156,136.6439666748047,154.92478942871094,110.61502075195312,164.23416137695312,99.92350769042969,174.14540100097656,93.60174560546875,0.2553786039352417,2.1740994453430176,0.8240370154380798,3.9092040061950684,1.5335532426834106,5.559136390686035,2.5245862007141113,7.3030805587768555
17464402865,0,141.19981384277344,136.67828369140625,154.43443298339844,110.66218566894531,163.8730926513672,100.03407287597656,173.72042846679688,93.71790313720703,0.24119038879871368,2.1727335453033447,0.808042585849762,3.903946876525879,1.5122835636138916,5.535633563995361,2.4879579544067383,7.261880874633789
17489402865,0,140.6702880859375,136.97628784179688,154.3246307373047,110.72592163085938,164.00047302246094,100.09326171875,173.9566650390625,93.75504302978516,0.23045292496681213,2.1609339714050293,0.8033618330955505,3.8968634605407715,1.514456033706665,5.523128032684326,2.4965436458587646,7.248800754547119
17514402866,0,140.23446655273438,137.00070190429688,153.7029266357422,110.63790130615234,163.14614868164062,99.89482879638672,172.74407958984375,93.56019592285156,0.2224424183368683,2.1599721908569336,0.7861758470535278,3.9066519737243652,1.4890341758728027,5.565262794494629,2.4526383876800537,7.317925930023193
17539402866,0,139.1851348876953,136.69473266601562,152.9098358154297,110.34773254394531,162.9348602294922,99.91365051269531,173.4661865234375,93.76801300048828,0.20432567596435547,2.17207932472229,0.7676828503608704,3.939239501953125,1.4790846109390259,5.5612406730651855,2.4684276580810547,7.244243621826172
17564402867,0,138.13803100585938,136.40029907226562,151.9622039794922,109.91960906982422,162.33901977539062,99.6473159790039,173.36447143554688,93.6870346069336,0.18604429066181183,2.1838386058807373,0.7468159198760986,3.9882307052612305,1.4678632020950317,5.618667125701904,2.4721016883850098,7.272786617279053
17589402867,0,137.04620361328125,136.35855102539062,150.4232177734375,109.66854095458984,161.18008422851562,99.3611068725586,172.89207458496094,93.47010040283203,0.16611573100090027,2.1855149269104004,0.7035092115402222,4.017478942871094,1.433159351348877,5.6816253662109375,2.471076726913452,7.35031270980835
17614402867,0,136.99807739257812,136.18756103515625,149.23289489746094,109.28350067138672,160.34886169433594,98.99772644042969,172.59439086914062,93.23017120361328,0.16567213833332062,2.1924023628234863,0.6730435490608215,4.0630998611450195,1.416062593460083,5.763481616973877,2.4824321269989014,7.437901496887207
17639402868,0,136.82696533203125,136.12391662597656,148.586181640625,109.20541381835938,159.73556518554688,99.01228332519531,171.91893005371094,93.3759765625,0.16268295049667358,2.1949753761291504,0.6539134979248047,4.07246732711792,1.3884669542312622,5.760159969329834,2.428154945373535,7.384438991546631
17664402868,0,137.54049682617188,135.24130249023438,148.59371948242188,108.63311767578125,159.5782928466797,98.7229232788086,171.68997192382812,93.23338317871094,0.17828746140003204,2.231191635131836,0.6643723249435425,4.142337799072266,1.3965462446212769,5.8268632888793945,2.431718111038208,7.436716079711914
17689402868,0,138.69656372070312,134.44515991210938,151.37464904785156,108.61782836914062,162.3755645751953,98.96078491210938,174.64585876464844,93.41800689697266,0.20243990421295166,2.264737844467163,0.7544025778770447,4.1442341804504395,1.506842851638794,5.7719268798828125,2.5738587379455566,7.369163513183594
17714402869,0,138.05502319335938,134.7903289794922,151.01910400390625,108.42887115478516,162.01419067382812,98.77299499511719,174.3043212890625,93.28465270996094,0.18925222754478455,2.250089645385742,0.7467811107635498,4.167805194854736,1.501460075378418,5.8152174949646,2.5710208415985107,7.417839527130127
17739402869,0,137.5187530517578,135.3457489013672,151.0370635986328,108.47357177734375,162.39434814453125,98.7152099609375,175.0372772216797,93.2109375,0.1775878518819809,2.226853370666504,0.7464478015899658,4.162207126617432,1.5215250253677368,5.82866096496582,2.6207945346832275,7.445009231567383
17764402870,0,136.86279296875,135.9600372314453,150.90829467773438,109.41615295410156,162.45208740234375,99.35425567626953,175.1029052734375,93.68501281738281,0.16376177966594696,2.2016241550445557,0.7235762476921082,4.047276973724365,1.4884741306304932,5.683148384094238,2.567075729370117,7.273502349853516
17789402870,0,136.7532501220703,135.70188903808594,150.99880981445312,109.22526550292969,162.73178100585938,99.44877624511719,175.41554260253906,93.88377380371094,0.16239313781261444,2.212167263031006,0.7301602363586426,4.07008171081543,1.495390772819519,5.662200450897217,2.5606436729431152,7.2038068771362305
17814402870,0,137.15289306640625,135.6337432861328,152.09054565429688,108.70622253417969,163.69187927246094,99.08883666992188,176.26463317871094,93.58499145507812,0.16998928785324097,2.2149646282196045,0.775635302066803,4.133290767669678,1.5571472644805908,5.742751121520996,2.642577886581421,7.309060096740723
17839402871,0,136.8740692138672,136.31781005859375,151.42086791992188,109.52037048339844,163.1234893798828,99.75231170654297,175.9967041015625,94.05634307861328,0.16305804252624512,2.187152624130249,0.7377114295959473,4.034924030303955,1.4957159757614136,5.5958967208862305,2.571748971939087,7.144314765930176
17864402871,0,136.3164520263672,136.92166137695312,152.5811004638672,110.4776611328125,164.60134887695312,100.48724365234375,177.81146240234375,94.59990692138672,0.1513906568288803,2.163088798522949,0.7549936175346375,3.924586772918701,1.5184389352798462,5.441210746765137,2.6047935485839844,6.962862014770508
17889402871,0,134.36842346191406,138.61050415039062,149.56356811523438,112.17791748046875,161.62380981445312,101.23918151855469,175.05113220214844,94.88368225097656,0.11298996210098267,2.098104238510132,0.6342840790748596,3.7415781021118164,1.3590402603149414,5.2909932136535645,2.429935932159424,6.871556758880615
17914402872,0,135.37562561035156,137.9119873046875,152.98680114746094,111.7395248413086,165.05657958984375,101.15403747558594,177.8797607421875,94.76485443115234,0.13224677741527557,2.1245784759521484,0.7430852055549622,3.787266731262207,1.5021636486053467,5.307613849639893,2.589465379714966,6.909512519836426
17939402872,0,134.63687133789062,138.13104248046875,151.4011688232422,111.6553955078125,163.79595947265625,101.19180297851562,177.02743530273438,95.06468200683594,0.1186065524816513,2.116215944290161,0.6974064111709595,3.7961502075195312,1.449184536933899,5.300229549407959,2.512131452560425,6.814493656158447
17964402873,0,133.61318969726562,138.0620574951172,146.6433868408203,110.9910888671875,157.38327026367188,100.8916244506836,170.03244018554688,94.9194107055664,0.10041724145412445,2.1188435554504395,0.5650801658630371,3.8676414489746094,1.2019290924072266,5.35945463180542,2.1673636436462402,6.8602213859558105
17989402873,0,133.2217254638672,138.58541870117188,144.58761596679688,112.16659545898438,155.50234985351562,101.87710571289062,168.7708740234375,95.73991394042969,0.09267990291118622,2.099045515060425,0.48805588483810425,3.7427453994750977,1.087882399559021,5.1694817543029785,2.029651641845703,6.609292030334473
18014402873,0,137.45254516601562,137.61102294921875,148.9265594482422,111.51830291748047,161.4075927734375,101.35260009765625,176.00103759765625,95.18604278564453,0.17026391625404358,2.1361591815948486,0.6258211135864258,3.8107070922851562,1.345083475112915,5.269003391265869,2.4466657638549805,6.776731014251709
18039402874,0,133.27130126953125,138.5684814453125,144.5215606689453,113.97026824951172,157.6087646484375,103.03845977783203,172.79930114746094,96.3365707397461,0.0935836210846901,2.0996813774108887,0.46522170305252075,3.564711093902588,1.1273812055587769,4.961090564727783,2.1755170822143555,6.437446594238281
18064402874,0,132.03842163085938,139.75624084472656,143.01380920410156,116.866455078125,156.0373077392578,103.97721099853516,170.52090454101562,96.20365142822266,0.07043897360563278,2.0558621883392334,0.39547568559646606,3.308784008026123,1.0362064838409424,4.803705215454102,2.0762147903442383,6.4749956130981445
18089402874,0,132.93218994140625,140.1518096923828,142.1720428466797,121.55164337158203,156.46885681152344,106.22235107421875,170.74281311035156,97.18924713134766,0.08552893251180649,2.0416078567504883,0.33800646662712097,2.9581122398376465,0.9831297397613525,4.4623188972473145,2.0053887367248535,6.205993175506592
18114402875,0,131.10440063476562,139.7532501220703,139.08030700683594,120.60216522216797,152.09246826171875,106.91087341308594,167.2938690185547,97.95901489257812,0.05414997786283493,2.0559706687927246,0.269430547952652,3.0237154960632324,0.815588653087616,4.366422653198242,1.7889047861099243,6.010104179382324
18139402875,0,131.3235626220703,140.02362060546875,140.15005493164062,121.92536163330078,154.80279541015625,106.68220520019531,170.4317626953125,97.55393981933594,0.05774238705635071,2.0462088584899902,0.2876124382019043,2.9329752922058105,0.9133222103118896,4.397849082946777,1.9623832702636719,6.111715316772461
18164402876,0,131.71713256835938,140.38705444335938,135.05636596679688,131.8401641845703,151.93043518066406,114.20372009277344,173.8701171875,99.89545440673828,0.06423693150281906,2.0332088470458984,0.13936026394367218,2.3807408809661865,0.6701167821884155,3.5427801609039307,1.943332314491272,5.565129280090332
18189402876,0,132.89202880859375,140.3814239501953,135.08071899414062,132.57955932617188,149.64947509765625,117.17718505859375,172.80499267578125,101.45066833496094,0.08454763889312744,2.0334091186523438,0.1381344199180603,2.3468008041381836,0.5663420557975769,3.2832746505737305,1.7979676723480225,5.250125885009766
18214402876,0,133.1436767578125,140.29624938964844,139.55972290039062,126.45909118652344,156.14849853515625,108.98954772949219,174.7980499267578,98.35014343261719,0.0890076756477356,2.0364439487457275,0.2508578300476074,2.6555042266845703,0.899346113204956,4.098567962646484,2.0989177227020264,5.9149556159973145
18239402877,0,132.46343994140625,140.35853576660156,140.03067016601562,124.64093780517578,156.84979248046875,106.45072174072266,174.67098999023438,97.16876983642578,0.07716628164052963,2.034224033355713,0.27009519934654236,2.761037826538086,0.9896804690361023,4.430087089538574,2.1914706230163574,6.211367607116699
18264402877,0,132.6043701171875,140.3120574951172,142.83132934570312,121.73011016845703,159.4554901123047,104.73002624511719,176.4570770263672,96.79911804199219,0.07965691387653351,2.0358800888061523,0.35246118903160095,2.946061134338379,1.1357970237731934,4.684016227722168,2.309253454208374,6.309915542602539
18289402877,0,132.7747039794922,140.14834594726562,147.25363159179688,118.03553009033203,163.11695861816406,103.4422378540039,179.63192749023438,96.16804504394531,0.0828021839261055,2.041731834411621,0.4942767322063446,3.214599132537842,1.3199397325515747,4.8922438621521,2.5248029232025146,6.485124588012695
18314402878,0,135.1818084716797,139.1702880859375,153.20938110351562,112.4740982055664,166.98388671875,100.670654296875,182.4697723388672,94.32112121582031,0.12635931372642517,2.0772855281829834,0.7360979914665222,3.711270809173584,1.6069344282150269,5.403843402862549,2.8839664459228516,7.0548224449157715
18339402878,0,132.08966064453125,139.92970275878906,151.9502716064453,116.02212524414062,167.66700744628906,102.51172637939453,183.92959594726562,95.42884063720703,0.07115054130554199,2.049591064453125,0.6429690718650818,3.3799171447753906,1.536431908607483,5.053640842437744,2.821249485015869,6.702356815338135
18364402879,0,132.7819366455078,139.8546142578125,149.58192443847656,115.5235595703125,165.256103515625,102.596923828125,182.16226196289062,96.12849426269531,0.0832865834236145,2.0523016452789307,0.5860253572463989,3.4232163429260254,1.4390313625335693,5.038454532623291,2.6528778076171875,6.496410369873047
18389402879,0,131.62994384765625,140.00135803222656,146.81031799316406,117.83281707763672,163.21798706054688,103.58828735351562,180.636962890625,96.67229461669922,0.06308600306510925,2.0470099449157715,0.4850318133831024,3.230586051940918,1.3176167011260986,4.867774963378906,2.5213427543640137,6.344406604766846
18414402879,0,129.72950744628906,140.2847137451172,138.34912109375,125.93171691894531,155.00379943847656,108.26353454589844,174.82562255859375,97.81365966796875,0.029932957142591476,2.036855697631836,0.2267826795578003,2.685382843017578,0.8800459504127502,4.188631057739258,2.143801689147949,6.046198844909668
18439402880,0,129.4381103515625,140.55877685546875,128.6145782470703,139.3660125732422,132.3800506591797,134.48318481445312,155.8328399658203,115.33370208740234,0.024790186434984207,2.0271143913269043,0.010781693272292614,2.0700881481170654,0.0828450545668602,2.2631161212921143,0.7590709328651428,3.439966917037964
18464402880,0,129.33145141601562,140.61744689941406,128.04052734375,140.1792449951172,128.47096252441406,139.03652954101562,139.24105834960938,130.46348571777344,0.02293197251856327,2.025038957595825,0.0007025004015304148,2.0406253337860107,0.008302816189825535,2.082228422164917,0.2272339016199112,2.446220636367798
18489402880,0,129.40211486816406,140.58164978027344,128.0480194091797,139.87417602539062,129.24923706054688,137.99884033203125,144.80165100097656,126.50918579101562,0.024161633104085922,2.0263047218322754,0.0008361089858226478,2.0515949726104736,0.02236964926123619,2.121256113052368,0.3642779588699341,2.652696132659912
18514402881,0,129.79315185546875,140.34812927246094,136.50758361816406,130.51988220214844,152.14952087402344,117.01386260986328,179.56268310546875,101.51327514648438,0.03100566565990448,2.0345945358276367,0.17181198298931122,2.4434778690338135,0.6340345144271851,3.2966389656066895,2.064755916595459,5.23814058303833
18539402881,0,131.3218231201172,139.91192626953125,146.9780731201172,120.91293334960938,164.38165283203125,107.79440307617188,186.07180786132812,98.44520568847656,0.057807087898254395,2.050232172012329,0.4585418999195099,3.001962900161743,1.2012072801589966,4.2487711906433105,2.595189094543457,5.8922553062438965
18564402882,0,133.22012329101562,139.2662353515625,150.763427734375,116.23184967041016,166.93936157226562,104.54041290283203,186.45291137695312,97.2326431274414,0.09171371906995773,2.0737521648406982,0.6082095503807068,3.361994981765747,1.4142180681228638,4.7136406898498535,2.7377514839172363,6.194631576538086
18589402882,0,135.29273986816406,138.69212341308594,151.9005889892578,114.51769256591797,166.6770782470703,103.71638488769531,184.3058624267578,97.2487564086914,0.1292310357093811,2.0950472354888916,0.6643387079238892,3.513664484024048,1.4411879777908325,4.846499443054199,2.635507583618164,6.190423488616943
18614402882,0,134.2529754638672,138.55271911621094,151.1489715576172,114.6629638671875,164.749267578125,104.45368194580078,180.69009399414062,98.28811645507812,0.11103799194097519,2.100273370742798,0.641255795955658,3.500338315963745,1.338244080543518,4.727306842803955,2.3687551021575928,5.929855823516846
18639402883,0,139.35833740234375,136.56980895996094,152.5517120361328,111.50445556640625,164.9748992919922,102.3202133178711,179.66990661621094,97.34795379638672,0.20789112150669098,2.177055597305298,0.7344908118247986,3.812182903289795,1.4412038326263428,5.088088035583496,2.409047842025757,6.164632320404053
18664402883,0,136.80877685546875,136.05508422851562,148.4822235107422,110.82186889648438,160.32798767089844,101.68997192382812,175.06430053710938,96.87496948242188,0.16252216696739197,2.1977639198303223,0.6235213279724121,3.8862438201904297,1.286825180053711,5.204586029052734,2.2360405921936035,6.289454936981201
18689402883,0,135.33058166503906,136.72434997558594,148.51939392089844,111.65171813964844,159.91015625,102.18778991699219,173.71835327148438,97.07321166992188,0.13385093212127686,2.1709024906158447,0.6115798950195312,3.796539306640625,1.2492467164993286,5.112161636352539,2.1549203395843506,6.236564636230469
18714402884,0,134.86099243164062,137.21302795410156,148.5485076904297,112.68840026855469,159.49514770507812,103.01522064208984,172.63613891601562,97.63019561767578,0.1243378221988678,2.151637315750122,0.5968432426452637,3.689617156982422,1.2001054286956787,4.965107440948486,2.0581893920898438,6.092341423034668
18739402884,0,132.4761505126953,138.53118896484375,148.70065307617188,114.62688446044922,160.5763702392578,103.68338775634766,174.23875427246094,97.40965270996094,0.07951151579618454,2.1010823249816895,0.5739196538925171,3.5036394596099854,1.2151271104812622,4.851963043212891,2.1505918502807617,6.148691654205322
18764402884,0,135.16476440429688,138.29933166503906,152.5583038330078,113.52937316894531,164.72679138183594,102.33644104003906,178.3614501953125,96.11708068847656,0.12771543860435486,2.1098289489746094,0.698865532875061,3.606802463531494,1.4307674169540405,5.0851521492004395,2.4678804874420166,6.499673843383789
18789402885,0,131.4802703857422,139.3315887451172,150.9136962890625,115.7115478515625,163.8870849609375,103.45484924316406,177.80555725097656,96.6138916015625,0.06108643487095833,2.0713510513305664,0.6195117831230164,3.4067740440368652,1.3483455181121826,4.890121936798096,2.3913776874542236,6.360409736633301
18814402885,0,128.91836547851562,140.47410583496094,129.2937774658203,137.53575134277344,137.3637237548828,129.78892517089844,166.7972412109375,109.85505676269531,0.015850385650992393,2.0301156044006348,0.023330925032496452,2.1390719413757324,0.19149376451969147,2.4794442653656006,1.2112326622009277,3.995713710784912
18839402886,0,129.09732055664062,140.51036071777344,128.23583984375,138.7289276123047,133.2955322265625,133.33119201660156,161.71034240722656,113.57906341552734,0.0189290102571249,2.028829574584961,0.004176896531134844,2.0936710834503174,0.10204197466373444,2.313138008117676,0.9581623673439026,3.6020140647888184
18864402886,0,129.97500610351562,140.6385040283203,127.75121307373047,140.3081817626953,127.11891174316406,139.81564331054688,132.72503662109375,135.1558837890625,0.03400566428899765,2.0242950916290283,-0.0043043289333581924,2.0360183715820312,-0.015354658477008343,2.0537109375,0.08841826766729355,2.234750509262085
18889402886,0,129.18299865722656,140.45376586914062,130.02676391601562,136.6765594482422,139.07640075683594,126.73470306396484,166.58871459960938,106.18793487548828,0.020423848181962967,2.0308375358581543,0.0370345301926136,2.172801971435547,0.23915888369083405,2.6401185989379883,1.333945631980896,4.467214107513428
18914402887,0,129.99765014648438,139.4058380126953,145.93150329589844,117.39269256591797,161.11968994140625,103.87890625,178.3879852294922,96.19702911376953,0.035024553537368774,2.0686287879943848,0.4668543338775635,3.2657880783081055,1.2278165817260742,4.819752216339111,2.46102237701416,6.476876735687256
18939402887,0,133.130126953125,138.4918212890625,148.5708465576172,112.96625518798828,162.27456665039062,101.50054168701172,178.63916015625,95.32832336425781,0.09118229895830154,2.1025633811950684,0.5934396386146545,3.661879539489746,1.3730698823928833,5.240574359893799,2.5653913021087646,6.732959747314453
18964402887,0,134.43035888671875,137.38079833984375,149.42831420898438,110.59432983398438,162.04971313476562,100.4185791015625,177.4217529296875,94.92289733886719,0.1162346601486206,2.145089626312256,0.6561681628227234,3.9115138053894043,1.4159948825836182,5.455323696136475,2.547999143600464,6.859116554260254
18989402888,0,138.14491271972656,135.98304748535156,149.29420471191406,110.153564453125,162.0216827392578,100.59150695800781,178.24208068847656,95.39051055908203,0.18738466501235962,2.2006888389587402,0.6595944166183472,3.96132230758667,1.4062721729278564,5.419909477233887,2.538508176803589,6.713995933532715
19014402888,0,135.78724670410156,137.1397247314453,148.81155395507812,109.99671173095703,160.62777709960938,99.7690658569336,175.23184204101562,94.3492431640625,0.1412826031446457,2.154508590698242,0.6473053097724915,3.9793262481689453,1.3885990381240845,5.592278957366943,2.4975991249084473,7.0454421043396
19039402889,0,131.4120635986328,140.29441833496094,142.0676727294922,125.0938720703125,157.6974334716797,108.87691497802734,177.83294677734375,96.00164031982422,0.05904491990804672,2.0365092754364014,0.31313276290893555,2.7340714931488037,0.9517326951026917,4.112307548522949,2.4537272453308105,6.532858848571777
19064402889,0,130.2877655029297,140.5598602294922,128.60667419433594,139.90188598632812,128.7945098876953,138.8929443359375,134.0863037109375,134.4627227783203,0.03943594545125961,2.027076005935669,0.010559037327766418,2.0505945682525635,0.014036850072443485,2.0875566005706787,0.11515514552593231,2.263988733291626
19089402889,0,130.7892303466797,140.36521911621094,132.49180603027344,135.63790893554688,140.3750457763672,127.29790496826172,163.57244873046875,110.09886932373047,0.048216961324214935,2.0339860916137695,0.08341722190380096,2.2147934436798096,0.26447755098342896,2.6091554164886475,1.1034491062164307,3.967583179473877
19114402890,0,141.71795654296875,136.85025024414062,158.47616577148438,113.42259216308594,175.05197143554688,102.58248138427734,193.944091796875,95.94269561767578,0.24999332427978516,2.1659111976623535,0.8695082068443298,3.617131233215332,1.8182591199874878,5.041023254394531,3.255018472671509,6.5499267578125
19139402890,0,144.0321502685547,133.3395233154297,156.72384643554688,111.17658233642578,172.5030517578125,101.89349365234375,191.11936950683594,95.90778350830078,0.3088887333869934,2.312769651412964,0.8664962649345398,3.8474349975585938,1.7593965530395508,5.166428089141846,3.1201391220092773,6.560075759887695
19164402890,0,148.31597900390625,133.64894104003906,159.73927307128906,110.78587341308594,177.34603881835938,101.49543762207031,198.28512573242188,95.76985168457031,0.38945990800857544,2.299154043197632,0.9671059846878052,3.89022159576416,1.9771887063980103,5.241550445556641,3.494520425796509,6.6004638671875
19189402891,0,153.55203247070312,136.5519256591797,164.697021484375,112.08651733398438,179.57989501953125,101.47994232177734,196.8310546875,95.4336929321289,0.4678071439266205,2.177769422531128,1.0818901062011719,3.751021385192871,2.0677807331085205,5.244515419006348,3.4713175296783447,6.7008867263793945
19214402891,0,152.2351531982422,138.1818084716797,167.67018127441406,112.37456512451172,182.39407348632812,101.17940521240234,198.21200561523438,95.0848617553711,0.43277066946029663,2.114285945892334,1.161199927330017,3.7214064598083496,2.203057050704956,5.302651405334473,3.5944690704345703,6.8081865310668945
19239402892,0,147.2264862060547,135.77511596679688,161.78732299804688,111.00137329101562,177.10386657714844,100.90504455566406,194.2545166015625,95.29885864257812,0.3562864363193512,2.209167957305908,1.0238220691680908,3.86651611328125,2.007671594619751,5.356780052185059,3.360713243484497,6.741980075836182
19264402892,0,142.14956665039062,135.90435791015625,161.4427032470703,111.0708999633789,177.78753662109375,101.01409912109375,195.79556274414062,95.33868408203125,0.261675626039505,2.2038910388946533,1.0115761756896973,3.85892391204834,2.027973175048828,5.335142612457275,3.433013677597046,6.729793071746826
19289402892,0,140.806884765625,138.3529815673828,160.24075317382812,111.67454528808594,176.63491821289062,100.85674285888672,193.8879852294922,94.72527313232422,0.22810441255569458,2.107799530029297,0.9603816270828247,3.7941246032714844,1.9918265342712402,5.3664164543151855,3.42647647857666,6.922243595123291
19314402893,0,142.51080322265625,138.63424682617188,164.17628479003906,111.88119506835938,180.16058349609375,100.6624755859375,195.9263916015625,94.45246887207031,0.25736209750175476,2.0972142219543457,1.0720287561416626,3.7723922729492188,2.150697946548462,5.4054999351501465,3.5754036903381348,7.011211395263672
19339402893,0,144.57293701171875,138.84091186523438,163.76797485351562,111.93851470947266,177.424072265625,100.34021759033203,190.58322143554688,93.73834228515625,0.2930270731449127,2.0894930362701416,1.0584079027175903,3.766404151916504,2.06103777885437,5.4715142250061035,3.402374744415283,7.2546772956848145
19364402893,0,147.94544982910156,137.62254333496094,164.0026092529297,111.24901580810547,177.4277801513672,100.12449645996094,191.36663818359375,93.75611877441406,0.3592042028903961,2.135713815689087,1.084066390991211,3.839596748352051,2.0770022869110107,5.516550064086914,3.442150831222534,7.248422622680664
19389402894,0,142.6888885498047,133.26156616210938,157.69229125976562,108.39979553222656,170.3317108154297,98.73877716064453,184.04290771484375,93.2723617553711,0.28336843848228455,2.3162217140197754,0.9640407562255859,4.171453952789307,1.8710048198699951,5.823171138763428,3.1135482788085938,7.422356605529785
19414402894,0,141.6312255859375,133.41033935546875,155.3894500732422,108.5279541015625,168.3209686279297,98.83518981933594,182.5609130859375,93.49222564697266,0.2623276710510254,2.3096413612365723,0.8861528038978577,4.155415058135986,1.7757301330566406,5.8008131980896,3.000204563140869,7.342333793640137
19439402895,0,140.05255126953125,129.8730010986328,149.54014587402344,105.64144134521484,162.67913818359375,96.86565399169922,178.58961486816406,92.18083953857422,0.24612382054328918,2.4752612113952637,0.756701648235321,4.5462799072265625,1.6482347249984741,6.291961193084717,2.9625983238220215,7.845444202423096
19464402895,0,139.46495056152344,133.2566375732422,152.6662139892578,108.03251647949219,166.1997528076172,98.40463256835938,181.52256774902344,93.21070098876953,0.2211921513080597,2.3164403438568115,0.8090187311172485,4.218050956726074,1.7097439765930176,5.901924133300781,2.9821712970733643,7.445096492767334
19489402895,0,138.55760192871094,133.44003295898438,148.40863037109375,107.32132720947266,160.92098999023438,97.48292541503906,175.74417114257812,92.19734191894531,0.2030787616968155,2.3083317279815674,0.6828534603118896,4.311034679412842,1.526772141456604,6.129862308502197,2.7936809062957764,7.838707447052002
19514402896,0,137.71258544921875,133.95526123046875,147.55770874023438,107.38758087158203,159.59225463867188,97.44454193115234,173.7386932373047,92.10554504394531,0.18527093529701233,2.285808801651001,0.6531572341918945,4.3022141456604,1.4673599004745483,6.139712810516357,2.6885526180267334,7.876323223114014
19539402896,0,136.9012451171875,134.16775512695312,150.5380096435547,108.7269058227539,163.7255859375,98.8971176147461,178.7187042236328,93.36412048339844,0.16921396553516388,2.2766284942626953,0.725240170955658,4.130737781524658,1.5697274208068848,5.78653621673584,2.8056516647338867,7.388759136199951
19564402896,0,137.6346435546875,132.551025390625,148.97613525390625,108.13973236083984,161.0147705078125,98.48663330078125,175.16094970703125,93.0849609375,0.18804629147052765,2.348095178604126,0.6859480142593384,4.204350471496582,1.473099708557129,5.882413864135742,2.6433849334716797,7.491880893707275
19589402897,0,134.2784881591797,133.1951446533203,146.35044860839844,108.01703643798828,158.28590393066406,98.32501220703125,171.78359985351562,92.94557189941406,0.12125196307897568,2.3191699981689453,0.6021287441253662,4.220035552978516,1.3596359491348267,5.920984745025635,2.470414638519287,7.544399261474609
19614402897,0,130.683349609375,125.33955383300781,140.5836181640625,102.4508285522461,152.1886749267578,94.66560363769531,165.97988891601562,90.80387878417969,0.05945364758372307,2.7196359634399414,0.4883790910243988,5.064547061920166,1.2612333297729492,6.9415202140808105,2.387024402618408,8.449237823486328
19639402898,0,133.34628295898438,121.00760650634766,141.962646484375,100.84748077392578,153.2560577392578,93.73838806152344,166.65992736816406,90.22148132324219,0.12892557680606842,2.9953911304473877,0.5720189809799194,5.36826753616333,1.3730579614639282,7.2546610832214355,2.507425308227539,8.732078552246094
19664402898,0,132.6986541748047,130.56515502929688,145.61947631835938,106.4884033203125,159.35716247558594,97.37682342529297,174.96580505371094,92.67941284179688,0.09481670707464218,2.441279888153076,0.6037686467170715,4.42480993270874,1.4603271484375,6.157164096832275,2.684072256088257,7.6466498374938965
19689402898,0,133.81373596191406,133.02801513671875,147.87112426757812,107.5418930053711,161.7970733642578,97.78570556640625,176.96243286132812,92.62599182128906,0.11258400231599808,2.3266162872314453,0.6607429385185242,4.281798839569092,1.548997402191162,6.053187370300293,2.8054258823394775,7.667490482330322
19714402899,0,132.9654541015625,131.981689453125,146.0101776123047,106.91171264648438,159.84088134765625,97.50396728515625,175.21853637695312,92.59025573730469,0.09783425182104111,2.3741798400878906,0.6096737384796143,4.366308689117432,1.475461721420288,6.12447452545166,2.710200548171997,7.681492328643799
19739402899,0,135.00912475585938,132.48092651367188,148.0778350830078,107.01585388183594,162.41659545898438,97.56494140625,178.00225830078125,92.63839721679688,0.1369607001543045,2.351280450820923,0.6776458621025085,4.352132797241211,1.5910130739212036,6.108913421630859,2.863283157348633,7.6626410484313965
19764402899,0,135.4755859375,131.53329467773438,149.9674835205078,107.25263214111328,164.6290283203125,98.08590698242188,180.73072814941406,93.25991821289062,0.1484007090330124,2.3950743675231934,0.7364434599876404,4.320214748382568,1.6594727039337158,5.978923320770264,2.9312498569488525,7.426935195922852
19789402900,0,143.36302185058594,134.62979125976562,158.0225830078125,108.8830795288086,172.96566772460938,98.89633178710938,188.49392700195312,93.6324234008789,0.28989872336387634,2.2568821907043457,0.9619921445846558,4.11155366897583,1.9757802486419678,5.786716938018799,3.304892063140869,7.292157173156738
19814402900,0,136.19912719726562,131.7848358154297,149.89881896972656,107.097900390625,164.87188720703125,97.99947357177734,181.13531494140625,93.18423461914062,0.16207918524742126,2.383314371109009,0.7373781204223633,4.341024398803711,1.676028847694397,6.000129699707031,2.9642930030822754,7.454897403717041
19839402901,0,138.93557739257812,133.7679443359375,151.52609252929688,108.06967163085938,166.0100860595703,98.35897064208984,181.40585327148438,93.23371124267578,0.20923253893852234,2.2939538955688477,0.7708293795585632,4.213293552398682,1.7042019367218018,5.912841320037842,2.972443103790283,7.436594486236572
19864402901,0,137.305908203125,133.92083740234375,151.72994995117188,108.2939682006836,165.96319580078125,98.44210052490234,180.508544921875,93.3102035522461,0.17761212587356567,2.287302017211914,0.7727037072181702,4.184783458709717,1.6967483758926392,5.892994403839111,2.912010908126831,7.408465385437012
19889402901,0,139.57249450683594,135.07908630371094,153.180908203125,108.597900390625,167.12612915039062,98.2701644897461,181.07864379882812,92.99327850341797,0.21681642532348633,2.2379579544067383,0.8131410479545593,4.146708965301514,1.760170340538025,5.934181213378906,2.988065719604492,7.526345729827881
19914402902,0,138.77474975585938,133.3251495361328,150.81521606445312,107.58444213867188,165.40365600585938,97.80091857910156,180.55722045898438,92.94304656982422,0.20764391124248505,2.3134052753448486,0.757731020450592,4.276200771331787,1.7132847309112549,6.04938268661499,2.965808868408203,7.5453572273254395
19939402902,0,140.2908935546875,132.59230041503906,152.1192169189453,107.86402893066406,166.0352325439453,98.1410903930664,180.2907257080078,93.19221496582031,0.23972684144973755,2.3462233543395996,0.7947943210601807,4.23974609375,1.7195429801940918,5.965457439422607,2.916076898574829,7.451939582824707
19964402902,0,138.7287139892578,134.56582641601562,151.66024780273438,108.62657928466797,165.51344299316406,98.29254150390625,179.40167236328125,92.99324035644531,0.2026567906141281,2.259598731994629,0.7634376287460327,4.143148422241211,1.686184287071228,5.928791046142578,2.8936660289764404,7.526360511779785
19989402903,0,139.72491455078125,135.73716735839844,151.95347595214844,108.88786315917969,166.0072021484375,98.17681884765625,180.09835815429688,92.8161849975586,0.21740403771400452,2.210721492767334,0.7674245834350586,4.110968589782715,1.715930461883545,5.956768989562988,2.957832098007202,7.59377908706665
20014402903,0,140.9206085205078,135.4014434814453,151.42263793945312,109.2059097290039,163.28814697265625,98.45616912841797,175.0155029296875,92.74610137939453,0.2408432513475418,2.22454571723938,0.7440026998519897,4.072407245635986,1.5763494968414307,5.889647960662842,2.6782755851745605,7.620784282684326
20039402903,0,146.4379119873047,135.84051513671875,155.43768310546875,109.41500854492188,167.36785888671875,98.44025421142578,178.76974487304688,92.6126937866211,0.3413233458995819,2.2064950466156006,0.8666669726371765,4.047412872314453,1.7596518993377686,5.893433570861816,2.9108572006225586,7.672695636749268
20064402904,0,143.48068237304688,135.11073303222656,153.8108367919922,109.58494567871094,166.10523986816406,98.77214813232422,177.7628936767578,92.77995300292969,0.28989285230636597,2.236635208129883,0.8115938901901245,4.027304172515869,1.6821012496948242,5.8154144287109375,2.830164670944214,7.607717037200928
20089402904,0,145.46456909179688,135.90823364257812,156.49795532226562,110.15811920166016,168.9638214111328,99.12687683105469,180.57431030273438,92.95545196533203,0.3229621648788452,2.203732967376709,0.8826273083686829,3.960801601409912,1.7846426963806152,5.734137058258057,2.965017080307007,7.540654182434082
20114402905,0,147.92637634277344,136.03504943847656,161.71133422851562,110.61185455322266,176.30526733398438,100.10871887207031,189.65896606445312,94.21105194091797,0.36775726079940796,2.1985766887664795,1.0318248271942139,3.909557342529297,2.030972719192505,5.519871234893799,3.280785083770752,7.091765880584717
20139402905,0,142.080810546875,134.86590576171875,157.8553466796875,110.33797454833984,172.90057373046875,99.89222717285156,187.10006713867188,94.14769744873047,0.2647055983543396,2.246903657913208,0.9203300476074219,3.9403438568115234,1.9024767875671387,5.56581974029541,3.153625011444092,7.113195896148682
20164402905,0,145.46556091308594,135.38307189941406,160.4915771484375,110.10700988769531,174.22512817382812,99.5869140625,186.47439575195312,93.82890319824219,0.32565659284591675,2.225306510925293,1.0076658725738525,3.9666504859924316,1.9802755117416382,5.631844997406006,3.1658072471618652,7.2229204177856445
20189402906,0,149.07073974609375,135.86251831054688,162.00726318359375,110.3595199584961,174.70413208007812,99.85281372070312,185.5873260498047,94.06106567382812,0.38992801308631897,2.205597162246704,1.0477294921875,3.937905788421631,1.9816951751708984,5.57426118850708,3.0849709510803223,7.142699718475342
20214402906,0,148.28720092773438,135.6694793701172,161.3929901123047,110.45941925048828,173.63186645507812,99.76103210449219,184.24444580078125,93.78353881835938,0.3765662908554077,2.2134969234466553,1.0261319875717163,3.926638126373291,1.9425995349884033,5.594013214111328,3.0514190196990967,7.238795280456543
20239402906,0,147.95423889160156,135.9755859375,161.09259033203125,110.47480010986328,172.82997131347656,99.41866302490234,182.65977478027344,93.2231216430664,0.36861374974250793,2.2009918689727783,1.0164943933486938,3.92490816116333,1.9322923421859741,5.668858528137207,3.0437517166137695,7.440505027770996
20264402907,0,148.95323181152344,136.27183532714844,161.53184509277344,110.31818389892578,172.48313903808594,99.37600708007812,181.49993896484375,93.22473907470703,0.3852840065956116,2.1890032291412354,1.0341967344284058,3.9425854682922363,1.92033052444458,5.678315162658691,2.9789388179779053,7.439907550811768
20289402907,0,148.86871337890625,136.71702575683594,162.55368041992188,110.1383056640625,173.90548706054688,99.17767333984375,182.85000610351562,93.09030151367188,0.3810901939868927,2.1711933612823486,1.0707387924194336,3.963067054748535,1.9961949586868286,5.722672462463379,3.073580026626587,7.489881992340088
20314402908,0,148.61346435546875,137.3604278564453,161.5770721435547,110.6103515625,173.00604248046875,99.52880096435547,182.05487060546875,93.40310668945312,0.3727234899997711,2.1458828449249268,1.0277552604675293,3.909724712371826,1.932120442390442,5.644578456878662,2.984754800796509,7.374571800231934
20339402908,0,148.50830078125,137.16151428222656,162.39381408691406,110.738525390625,174.05874633789062,99.614013671875,183.46963500976562,93.44547271728516,0.37195390462875366,2.1536543369293213,1.049271583557129,3.89546537399292,1.9712116718292236,5.6259260177612305,3.0568230152130127,7.359212875366211
20364402908,0,147.72621154785156,137.084228515625,161.31207275390625,110.38113403320312,172.70184326171875,99.55887603759766,182.01104736328125,93.72815704345703,0.3581942021846771,2.156686782836914,1.025733470916748,3.9354634284973145,1.9169666767120361,5.63798189163208,2.9377198219299316,7.258265495300293
20389402909,0,148.70306396484375,136.49314880371094,164.32481384277344,110.37091064453125,177.61273193359375,100.11161041259766,188.5350341796875,94.76581573486328,0.3793776035308838,2.1801187992095947,1.1187986135482788,3.936617851257324,2.0857298374176025,5.519262313842773,3.1424925327301025,6.909204483032227
20414402909,0,146.07455444335938,135.74209594726562,159.41610717773438,109.49271392822266,170.18873596191406,98.90687561035156,178.90664672851562,93.2998275756836,0.3351134955883026,2.210519552230835,0.9902758002281189,4.038195610046387,1.8530359268188477,5.784292221069336,2.8245487213134766,7.412269592285156
20439402909,0,144.7081298828125,135.74403381347656,161.42562866210938,109.73853302001953,173.04879760742188,99.22329711914062,181.93719482421875,93.39486694335938,0.3097696900367737,2.210440158843994,1.0467554330825806,4.009285926818848,1.9556589126586914,5.712411403656006,2.9794039726257324,7.377565860748291
20464402910,0,144.83689880371094,135.99154663085938,159.40802001953125,109.7921142578125,168.9070281982422,98.61221313476562,175.85159301757812,92.44198608398438,0.3109496831893921,2.200343132019043,0.9821774959564209,4.003034591674805,1.8166345357894897,5.8527679443359375,2.7664570808410645,7.740108966827393
20489402910,0,143.2191925048828,136.09136962890625,156.31846618652344,109.33023834228516,165.5662841796875,98.08030700683594,172.41339111328125,92.01707458496094,0.2806355357170105,2.1962931156158447,0.8965192437171936,4.057512283325195,1.7023003101348877,5.980292320251465,2.6221888065338135,7.912902355194092
20514402911,0,141.22499084472656,135.6292266845703,153.78729248046875,108.95580291748047,163.87411499023438,97.97588348388672,172.4853515625,92.12953186035156,0.24563449621200562,2.2151501178741455,0.8246577382087708,4.102675437927246,1.632155418395996,6.005941390991211,2.611764430999756,7.866461277008057
20539402911,0,142.8430633544922,136.1809539794922,155.34835815429688,109.81365203857422,165.34320068359375,98.55223846435547,173.91905212402344,92.47721099853516,0.2733178734779358,2.19266939163208,0.8547385931015015,4.0005269050598145,1.6621149778366089,5.866891384124756,2.6501638889312744,7.7261061668396
20564402911,0,143.76220703125,135.86659240722656,155.1156463623047,109.0664291381836,163.62875366210938,97.65471649169922,170.62057495117188,91.5518798828125,0.291671484708786,2.2054309844970703,0.8645495176315308,4.089237213134766,1.6412851810455322,6.086136341094971,2.5762112140655518,8.11069107055664
20589402912,0,145.46176147460938,135.83786010742188,155.98822021484375,108.96014404296875,164.25360107421875,97.68376922607422,170.9912872314453,91.69769287109375,0.32326626777648926,2.206603527069092,0.8949366211891174,4.102146625518799,1.6681804656982422,6.078799724578857,2.5793821811676025,8.047689437866211
20614402912,0,145.7397003173828,135.52235412597656,157.6438446044922,108.74781036376953,165.77713012695312,97.53828430175781,171.83474731445312,91.45227813720703,0.33004283905029297,2.219550132751465,0.9533529877662659,4.1281609535217285,1.7481869459152222,6.1157073974609375,2.663168430328369,8.154267311096191
20639402912,0,146.55296325683594,136.17306518554688,158.22576904296875,108.87480926513672,166.57090759277344,97.21372985839844,173.00836181640625,91.0360336303711,0.3416733741760254,2.1929879188537598,0.9687198400497437,4.112565517425537,1.8078957796096802,6.199578285217285,2.7942633628845215,8.341316223144531
20664402913,0,142.4869842529297,134.33140563964844,147.44427490234375,108.366943359375,153.30397033691406,96.58427429199219,158.3287353515625,90.29965209960938,0.2746766209602356,2.2696011066436768,0.6318814754486084,4.175583839416504,1.2164154052734375,6.368553638458252,1.9586738348007202,8.693069458007812
20689402913,0,143.82730102539062,134.0260009765625,148.51336669921875,107.87901306152344,154.24832153320312,96.06546783447266,159.08070373535156,89.79509735107422,0.3015669286251068,2.282745599746704,0.6756893396377563,4.2378082275390625,1.2890146970748901,6.514471054077148,2.0641491413116455,8.950889587402344
20714402914,0,141.50201416015625,131.28993225097656,146.09808349609375,105.776123046875,151.89096069335938,95.10105895996094,156.71282958984375,89.46675109863281,0.2691338062286377,2.4065473079681396,0.633247435092926,4.526556968688965,1.2222284078598022,6.8031325340271,1.9427392482757568,9.12667179107666
20739402914,0,138.68667602539062,127.56570434570312,144.0388641357422,103.69624328613281,149.755859375,94.19845581054688,154.5153045654297,89.23883056640625,0.2272932082414627,2.5946526527404785,0.5980209708213806,4.849833011627197,1.158254861831665,7.0960164070129395,1.8177720308303833,9.252626419067383
20764402914,0,138.55538940429688,127.26882934570312,144.6156463623047,103.4244613647461,149.9304656982422,94.04789733886719,153.87100219726562,89.17414855957031,0.2257068008184433,2.610738515853882,0.6248849034309387,4.895237445831299,1.1755235195159912,7.147204875946045,1.780281662940979,9.288981437683105
20789402915,0,137.92149353027344,127.29276275634766,143.4736785888672,103.00335693359375,148.10540771484375,93.5578384399414,151.29937744140625,88.77400970458984,0.21206030249595642,2.6094350814819336,0.5898417830467224,4.967160701751709,1.1021947860717773,7.318769931793213,1.641564965248108,9.520108222961426
20814402915,0,139.947998046875,128.42526245117188,146.006103515625,103.27708435058594,150.2176513671875,93.63646697998047,152.66397094726562,88.70874786376953,0.25024890899658203,2.5490334033966064,0.6803683638572693,4.9201884269714355,1.213563323020935,7.290719032287598,1.7444950342178345,9.558855056762695
20839402915,0,139.5612335205078,131.86373901367188,146.12322998046875,105.48245239257812,149.77882385253906,94.83091735839844,151.33741760253906,89.31318664550781,0.22823958098888397,2.379645586013794,0.6396891474723816,4.569766998291016,1.1273576021194458,6.888361930847168,1.5930390357971191,9.21117115020752
20864402916,0,137.63478088378906,129.87940979003906,144.978271484375,103.62735748291016,148.0093536376953,93.66144561767578,149.119384765625,88.65528869628906,0.19672900438308716,2.474942684173584,0.6344263553619385,4.861267566680908,1.0916823148727417,7.281850814819336,1.4985792636871338,9.5908203125
20889402916,0,136.26771545410156,123.8277587890625,140.5271759033203,100.09230041503906,142.64772033691406,91.29168701171875,143.2706298828125,86.87144470214844,0.18852707743644714,2.8106343746185303,0.5270071625709534,5.5233306884765625,0.8973264694213867,8.22547721862793,1.2135409116744995,10.789229393005371
20914402917,0,135.54522705078125,127.34575653076172,139.93991088867188,102.46574401855469,142.31341552734375,92.93882751464844,143.09207153320312,88.14871978759766,0.16111597418785095,2.606553554534912,0.46316948533058167,5.0618720054626465,0.8078701496124268,7.5469584465026855,1.1044890880584717,9.90422248840332
20939402917,0,135.66917419433594,126.56710052490234,139.5508270263672,101.87718963623047,141.66299438476562,92.49999237060547,142.48834228515625,87.76405334472656,0.16609951853752136,2.649456262588501,0.45690298080444336,5.169466018676758,0.7876673340797424,7.717075824737549,1.0861791372299194,10.155661582946777
20964402917,0,138.73899841308594,129.83950805664062,143.93280029296875,104.68846130371094,146.21066284179688,94.44575500488281,146.85379028320312,89.10772705078125,0.21942687034606934,2.476925849914551,0.5760342478752136,4.690481185913086,0.958831250667572,7.013428211212158,1.3024379014968872,9.32659912109375
20989402918,0,134.51580810546875,129.58349609375,140.22727966308594,103.50642395019531,142.86297607421875,93.45198822021484,143.66415405273438,88.38275146484375,0.133727565407753,2.4897167682647705,0.45864996314048767,4.881462097167969,0.8188208341598511,7.356856822967529,1.1299799680709839,9.757023811340332
21014402918,0,133.93032836914062,125.10887908935547,138.67776489257812,100.44428253173828,141.47738647460938,91.45018005371094,142.75732421875,87.00965881347656,0.13196605443954468,2.7331857681274414,0.4436454474925995,5.450033187866211,0.818903386592865,8.155190467834473,1.1619499921798706,10.686195373535156
21039402918,0,135.165771484375,122.7593002319336,139.13694763183594,98.96388244628906,141.7796173095703,90.39936828613281,143.10186767578125,86.1987075805664,0.166839137673378,2.8782167434692383,0.48812875151634216,5.7712178230285645,0.8850847482681274,8.64378833770752,1.2569918632507324,11.319375991821289
21064402919,0,134.23121643066406,120.95367431640625,137.93373107910156,97.81977844238281,140.44276428222656,89.57048797607422,141.7880096435547,85.497802734375,0.150431290268898,2.999131917953491,0.45468491315841675,6.044671535491943,0.8369194865226746,9.070425033569336,1.2072275876998901,11.927931785583496
21089402919,0,133.11410522460938,120.47645568847656,137.0540313720703,97.11307525634766,139.4849853515625,89.00424194335938,140.873779296875,85.01748657226562,0.12467788904905319,3.0325939655303955,0.4260815382003784,6.226029872894287,0.7982222437858582,9.385793685913086,1.1687713861465454,12.382805824279785
21114402920,0,133.0850067138672,119.8719482421875,136.96002197265625,96.7055892944336,139.12428283691406,88.71590423583984,140.18075561523438,84.78886413574219,0.12553392350673676,3.075939416885376,0.42861220240592957,6.335318088531494,0.7864892482757568,9.55459213256836,1.1256227493286133,12.611318588256836
21139402920,0,132.6915740966797,119.98617553710938,136.46705627441406,96.84343719482422,138.43783569335938,88.81015014648438,139.38351440429688,84.83081817626953,0.11554551124572754,3.0676651000976562,0.40278324484825134,6.297945499420166,0.7338199615478516,9.498781204223633,1.048510193824768,12.568775177001953
21164402920,0,132.54019165039062,118.36494445800781,136.2060546875,96.38172912597656,138.22442626953125,88.53988647460938,139.23976135253906,84.61815643310547,0.11572710424661636,3.188918113708496,0.39775949716567993,6.4247822761535645,0.7305620312690735,9.660529136657715,1.0527174472808838,12.787345886230469
21189402921,0,132.06951904296875,117.98725891113281,135.3458709716797,96.02986907958984,136.95494079589844,88.22721862792969,137.62489318847656,84.3317642211914,0.104581817984581,3.218393087387085,0.36127886176109314,6.524714946746826,0.6521826982498169,9.854375839233398,0.9224042892456055,13.093607902526855
21214402921,0,131.61569213867188,117.62998962402344,134.56715393066406,95.88291931152344,136.01220703125,88.10235595703125,136.6416473388672,84.23088836669922,0.09364653378725052,3.2467243671417236,0.3249678611755371,6.567322254180908,0.5880488157272339,9.933891296386719,0.8350052237510681,13.204898834228516
21239402921,0,130.510498046875,116.61825561523438,132.46302795410156,95.3775634765625,133.3948516845703,87.81873321533203,133.81459045410156,84.03890991210938,0.0664963647723198,3.3294148445129395,0.2256217896938324,6.717936038970947,0.4030495584011078,10.119173049926758,0.5707982182502747,13.421849250793457
21264402922,0,129.8653106689453,115.71890258789062,131.15472412109375,95.19798278808594,131.810302734375,87.75161743164062,132.12680053710938,83.96843719482422,0.05042345076799393,3.4061338901519775,0.16071699559688568,6.773036956787109,0.28588077425956726,10.163993835449219,0.40749916434288025,13.503235816955566
21289402922,0,129.544921875,116.35022735595703,130.74256896972656,95.34608459472656,131.324462890625,87.80213165283203,131.58560180664062,84.03883361816406,0.04116814583539963,3.3519535064697266,0.1388334482908249,6.727532863616943,0.24863167107105255,10.13022518157959,0.3519883453845978,13.421936988830566
21314402922,0,129.45730590820312,116.29219818115234,130.69996643066406,95.36442565917969,131.3352813720703,87.83240509033203,131.6522216796875,84.07347869873047,0.03888428956270218,3.3568692207336426,0.1365695595741272,6.721938133239746,0.24896380305290222,10.110089302062988,0.3574993908405304,13.38227367401123
21339402923,0,129.26138305664062,115.19818878173828,130.18667602539062,95.10453796386719,130.71035766601562,87.74974060058594,131.0112762451172,83.9918441772461,0.034508977085351944,3.4520130157470703,0.11185046285390854,6.8020477294921875,0.20337794721126556,10.165253639221191,0.2967667579650879,13.47609806060791
21364402923,0,129.16455078125,115.63269805908203,130.0078125,95.22954559326172,130.54965209960938,87.79969024658203,130.9030303955078,84.05147552490234,0.03154256194829941,3.4136533737182617,0.10214875638484955,6.763290882110596,0.19071416556835175,10.131851196289062,0.28468331694602966,13.407438278198242
21389402924,0,128.70806884765625,115.6352310180664,129.208740234375,95.27294158935547,129.5093994140625,87.84574890136719,129.71380615234375,84.06791687011719,0.019177362322807312,3.4134321212768555,0.0613807737827301,6.74993371963501,0.11257502436637878,10.101239204406738,0.16783404350280762,13.388627052307129
21414402924,0,128.72044372558594,115.47200012207031,129.21559143066406,95.23860931396484,129.51219177246094,87.83594512939453,129.68218994140625,84.04499053955078,0.019585788249969482,3.427750825881958,0.06181987375020981,6.760496616363525,0.11285311728715897,10.10774040222168,0.1650514006614685,13.414871215820312
21439402924,0,128.66351318359375,115.94772338867188,129.14108276367188,95.40022277832031,129.3496551513672,87.92616271972656,129.40760803222656,84.11614227294922,0.017842832952737808,3.3863165378570557,0.057629890739917755,6.711042881011963,0.10015261173248291,10.048215866088867,0.13729919493198395,13.333744049072266
21464402925,0,128.56393432617188,116.07461547851562,128.8141326904297,95.43273162841797,128.97244262695312,87.93417358398438,129.05841064453125,84.12108612060547,0.015121351927518845,3.375415563583374,0.04106037691235542,6.701178073883057,0.07212487608194351,10.042963981628418,0.10319610685110092,13.328143119812012
21489402925,0,128.52032470703125,115.96455383300781,128.78041076660156,95.39080047607422,128.99822998046875,87.91059112548828,129.14556884765625,84.10900115966797,0.013986931182444096,3.384866952896118,0.03943018242716789,6.713907241821289,0.07414723187685013,10.058442115783691,0.11180558800697327,13.341843605041504
21514402925,0,128.5306396484375,115.97880554199219,128.6500244140625,95.38678741455078,128.89608764648438,87.920654296875,129.11209106445312,84.10726928710938,0.014259586110711098,3.3836405277252197,0.032848060131073,6.715128421783447,0.0665181577205658,10.051831245422363,0.10855373740196228,13.343809127807617
21539402926,0,128.51083374023438,116.52967834472656,128.68373107910156,95.54127502441406,128.96829223632812,87.98079681396484,129.187255859375,84.15265655517578,0.01355753280222416,3.3368334770202637,0.03432463854551315,6.668436050415039,0.07160753011703491,10.012496948242188,0.1154579222202301,13.292479515075684
21564402926,0,128.43138122558594,116.34693908691406,128.49441528320312,95.49800109863281,128.69056701660156,87.95621490478516,128.869140625,84.10928344726562,0.011496039107441902,3.352231740951538,0.02486632578074932,6.681453227996826,0.05114775523543358,10.028538703918457,0.08482468128204346,13.341522216796875
21589402927,0,128.34686279296875,116.6656723022461,128.34762573242188,95.57205200195312,128.51431274414062,87.97858428955078,128.6800079345703,84.1290283203125,0.00917771365493536,3.325455904006958,0.01742870733141899,6.659206867218018,0.0380399227142334,10.013938903808594,0.06625804305076599,13.319153785705566
21614402927,0,128.29640197753906,116.99130249023438,128.28111267089844,95.67587280273438,128.46937561035156,88.02880096435547,128.6739501953125,84.18213653564453,0.007785798516124487,3.298492431640625,0.014032176695764065,6.628251552581787,0.03460748866200447,9.98131275177002,0.06538151949644089,13.259344100952148
21639402927,0,128.00173950195312,117.53916931152344,127.80199432373047,95.78689575195312,128.0138397216797,88.06180572509766,128.29660034179688,84.21995544433594,4.514300235314295e-05,3.2539970874786377,-0.009837630204856396,6.595448017120361,0.0010183185804635286,9.959980964660645,0.02868485637009144,13.217071533203125
21664402928,0,127.78118133544922,117.93685150146484,127.59064483642578,95.83270263671875,127.86519622802734,88.05109405517578,128.21510314941406,84.19342041015625,-0.005629551596939564,3.2223639488220215,-0.020299140363931656,6.582002639770508,-0.009925401769578457,9.96689510345459,0.020848358049988747,13.2467041015625
21689402928,0,127.88605499267578,118.33829498291016,127.55632781982422,95.95038604736328,127.85845184326172,88.09527587890625,128.2147979736328,84.23329162597656,-0.002906068693846464,3.1909821033477783,-0.021892748773097992,6.547695159912109,-0.010393370874226093,9.938437461853027,0.020750926807522774,13.202226638793945
21714402928,0,127.87193298339844,117.65644836425781,127.69747161865234,95.73861694335938,128.00001525878906,88.02762603759766,128.33689880371094,84.18679809570312,-0.003315017558634281,3.2446110248565674,-0.015061261132359505,6.60967493057251,1.1251269143031095e-06,9.982073783874512,0.03267085552215576,13.254119873046875
21739402929,0,127.8801040649414,118.11030578613281,127.83818054199219,95.7938461303711,128.10403442382812,88.02994537353516,128.39706420898438,84.20775604248047,-0.0030729614663869143,3.20873761177063,-0.008037421852350235,6.593404769897461,0.007670005317777395,9.980571746826172,0.0384393036365509,13.230677604675293
21764402929,0,127.95439910888672,118.08995056152344,127.99993133544922,95.78382110595703,128.25413513183594,88.03559875488281,128.53097534179688,84.21114349365234,-0.0011692778207361698,3.2103312015533447,-3.411941634112736e-06,6.5963521003723145,0.018729673698544502,9.976912498474121,0.05138882249593735,13.226898193359375
21789402930,0,127.7886734008789,118.86564636230469,127.91439819335938,96.01377868652344,128.17213439941406,88.1290283203125,128.43658447265625,84.24200439453125,-0.005329054780304432,3.1505749225616455,-0.004212821368128061,6.529354572296143,0.01261275913566351,9.916802406311035,0.04214697331190109,13.192544937133789
21814402930,0,127.64447021484375,118.96018981933594,127.99021911621094,96.08380126953125,128.2058563232422,88.19090270996094,128.43312072753906,84.26154327392578,-0.008947398513555527,3.1434266567230225,-0.00047995851491577923,6.509207725524902,0.015026014298200607,9.877376556396484,0.04174596071243286,13.17088508605957
21839402930,0,127.73214721679688,118.94866943359375,128.02069091796875,96.00694274902344,128.31654357910156,88.12371826171875,128.64796447753906,84.20362091064453,-0.006742539815604687,3.144296169281006,0.0010185762075707316,6.531327724456787,0.023201655596494675,9.92020034790039,0.06274991482496262,13.235297203063965
21864402931,0,127.93653869628906,118.26210021972656,128.37339782714844,95.89179992675781,128.70082092285156,88.10038757324219,129.06942749023438,84.23420715332031,-0.0016211915062740445,3.19689679145813,0.01847028359770775,6.564732551574707,0.05144241452217102,9.935154914855957,0.10330614447593689,13.201208114624023
21889402931,0,128.0408935546875,117.59349060058594,128.3804931640625,95.80934143066406,128.64256286621094,88.09892272949219,128.9070587158203,84.23902893066406,0.001059992122463882,3.249643564224243,0.018886441364884377,6.588853359222412,0.04717038944363594,9.936095237731934,0.0875868871808052,13.195850372314453
21914402931,0,128.15863037109375,117.72756958007812,128.350830078125,95.8231430053711,128.57461547851562,88.09889221191406,128.7808837890625,84.24415588378906,0.00409976439550519,3.2389423847198486,0.017403973266482353,6.584804534912109,0.04218246787786484,9.936115264892578,0.07537168264389038,13.190156936645508
21939402932,0,128.1835174560547,117.59937286376953,128.27389526367188,95.87830352783203,128.4813690185547,88.13088989257812,128.67579650878906,84.26093292236328,0.004756299313157797,3.2491729259490967,0.013556004501879215,6.568668842315674,0.03526715561747551,9.91561222076416,0.0651392936706543,13.171560287475586
21964402932,0,128.29623413085938,117.22480010986328,128.58816528320312,95.68461608886719,128.82913208007812,87.99054718017578,129.0030517578125,84.16902923583984,0.007741214241832495,3.2793970108032227,0.029348349198698997,6.625657081604004,0.06127891317009926,10.006148338317871,0.09741324931383133,13.274056434631348
21989402933,0,128.5000457763672,116.45291137695312,128.62429809570312,95.50847625732422,128.82701110839844,87.9775619506836,129.0022735595703,84.17768859863281,0.013294138945639133,3.3432867527008057,0.03138471394777298,6.678297996520996,0.06117183342576027,10.014605522155762,0.09726845473051071,13.26433277130127
22014402933,0,128.6338348388672,116.074951171875,128.85342407226562,95.44126892089844,129.0746307373047,87.97313690185547,129.25111389160156,84.16242218017578,0.016995536163449287,3.3753867149353027,0.04302634298801422,6.698591709136963,0.07950962334871292,10.01749038696289,0.12157028168439865,13.281485557556152
22039402933,0,128.4840545654297,116.08241271972656,128.7565155029297,95.42022705078125,128.9964599609375,87.95561218261719,129.19000244140625,84.13719940185547,0.012977159582078457,3.3747479915618896,0.03817485272884369,6.7049689292907715,0.07380691170692444,10.028932571411133,0.11587240546941757,13.309917449951172
22064402934,0,128.58045959472656,115.96688842773438,128.82041931152344,95.4208755493164,129.0657501220703,87.96903228759766,129.28260803222656,84.12740325927734,0.0156025979667902,3.3846662044525146,0.041398387402296066,6.704772472381592,0.07887282222509384,10.020167350769043,0.12499043345451355,13.320991516113281
22089402934,0,128.55247497558594,115.65738677978516,128.8887176513672,95.36429595947266,129.16876220703125,87.9522705078125,129.3940887451172,84.09725189208984,0.014955658465623856,3.411496877670288,0.04495331645011902,6.721977710723877,0.0865873247385025,10.03111743927002,0.13619285821914673,13.35519027709961
22114402934,0,128.671142578125,115.46424865722656,129.18040466308594,95.32781982421875,129.49093627929688,87.94023132324219,129.6888427734375,84.08995819091797,0.01824875734746456,3.428433656692505,0.059800855815410614,6.733113765716553,0.11053889244794846,10.038994789123535,0.16508783400058746,13.36348819732666
22139402935,0,128.7873077392578,115.73640441894531,129.50245666503906,95.31380462646484,129.82891845703125,87.9064712524414,129.975830078125,84.07591247558594,0.02127414382994175,3.4046106338500977,0.076162189245224,6.737401485443115,0.13588488101959229,10.061150550842285,0.19336606562137604,13.379496574401855
22164402935,0,128.7156219482422,116.0501708984375,129.377685546875,95.3163070678711,129.6299285888672,87.87921142578125,129.7101287841797,84.04557037353516,0.01919935829937458,3.3775107860565186,0.06982983648777008,6.736636161804199,0.12130824476480484,10.079110145568848,0.16778460144996643,13.414207458496094
22189402936,0,128.5676727294922,116.5814208984375,129.1009979248047,95.57868957519531,129.225830078125,88.032958984375,129.18299865722656,84.16661071777344,0.015048554167151451,3.332496404647827,0.05518454685807228,6.657219886779785,0.09035813063383102,9.978620529174805,0.11491197347640991,13.276775360107422
22214402936,0,128.36941528320312,116.98743438720703,129.0652618408203,95.63056182861328,129.21142578125,88.0505599975586,129.2143096923828,84.16693878173828,0.009704525582492352,3.2988104820251465,0.05327616631984711,6.641727924346924,0.08919844031333923,9.967239379882812,0.11795022338628769,13.276406288146973
22239402936,0,128.38232421875,117.1217041015625,129.2471923828125,95.62129211425781,129.45326232910156,88.00059509277344,129.48622131347656,84.1307373046875,0.010013754479587078,3.2878036499023438,0.06239940598607063,6.644491672515869,0.10733924061059952,9.999612808227539,0.14479278028011322,13.317220687866211
22264402937,0,128.44175720214844,116.81732940673828,129.39146423339844,95.58422088623047,129.6623077392578,88.00926208496094,129.7353515625,84.14141845703125,0.011648991145193577,3.312849283218384,0.06972703337669373,6.655564785003662,0.12271304428577423,9.993983268737793,0.16891518235206604,13.305152893066406
22289402937,0,128.42430114746094,117.83377838134766,129.5751190185547,95.91771697998047,129.87908935546875,88.1519775390625,129.93057250976562,84.20325469970703,0.01094054989516735,3.2305097579956055,0.077829509973526,6.557185173034668,0.1374903917312622,9.902143478393555,0.18696533143520355,13.235706329345703
22314402937,0,128.61631774902344,116.27410888671875,129.65838623046875,95.47422790527344,130.00341796875,87.96747589111328,130.09434509277344,84.12422180175781,0.016451498493552208,3.3584039211273193,0.08349202573299408,6.688624382019043,0.14828115701675415,10.021183967590332,0.20414794981479645,13.324592590332031
22339402938,0,128.59255981445312,115.87745666503906,130.06361389160156,95.41358184814453,130.56642150878906,87.9932632446289,130.7595977783203,84.20711517333984,0.015960313379764557,3.3923799991607666,0.10416246205568314,6.7069854736328125,0.18964505195617676,10.004380226135254,0.2671673595905304,13.23139476776123
22364402938,0,128.6431884765625,116.36600494384766,130.09957885742188,95.52610778808594,130.61578369140625,88.00718688964844,130.78707885742188,84.19569396972656,0.017133202403783798,3.350619077682495,0.1054709181189537,6.672992706298828,0.19312454760074615,9.995330810546875,0.2700805962085724,13.244159698486328
22389402939,0,128.7112274169922,116.09857177734375,129.86468505859375,95.42384338378906,130.33470153808594,87.95442199707031,130.51229858398438,84.12635040283203,0.019060514867305756,3.3733646869659424,0.09408015012741089,6.7038726806640625,0.1729421764612198,10.029709815979004,0.24484531581401825,13.322183609008789
22414402939,0,128.51345825195312,117.18069458007812,129.66090393066406,95.74528503417969,130.0609130859375,88.1080322265625,130.15943908691406,84.2553939819336,0.013430830091238022,3.2829885482788086,0.08266425132751465,6.607706546783447,0.15120558440685272,9.93025016784668,0.2082400918006897,13.177695274353027
22439402939,0,128.2055206298828,117.1430435180664,129.2108154296875,95.747802734375,129.58160400390625,88.10163879394531,129.75698852539062,84.198974609375,0.005380408372730017,3.2860605716705322,0.06025667488574982,6.606963634490967,0.11608559638261795,9.934351921081543,0.17021438479423523,13.240490913391113
22464402940,0,128.33102416992188,116.52877044677734,129.00860595703125,95.60022735595703,129.2464141845703,88.01966857910156,129.31594848632812,84.1176986694336,0.00878556352108717,3.336909532546997,0.05050751194357872,6.6507792472839355,0.0919516459107399,9.987231254577637,0.1283421665430069,13.331979751586914
22489402940,0,128.49354553222656,116.43672943115234,129.17140197753906,95.56836700439453,129.447998046875,88.0084457397461,129.5980224609375,84.1324234008789,0.013126102276146412,3.3446497917175293,0.0587390698492527,6.6603102684021,0.10689797252416611,9.994513511657715,0.15566319227218628,13.315313339233398
22514402940,0,128.42544555664062,116.06951141357422,129.0233917236328,95.50279235839844,129.2559051513672,88.02410888671875,129.37046813964844,84.15266418457031,0.011409232392907143,3.3758528232574463,0.0514603927731514,6.680009365081787,0.09262614697217941,9.984353065490723,0.13327482342720032,13.292470932006836
22539402941,0,128.3748321533203,117.09135437011719,129.01626586914062,95.64661407470703,129.2229461669922,88.04489135742188,129.27391052246094,84.17213439941406,0.009824132546782494,3.290286064147949,0.050791263580322266,6.636948108673096,0.09007851779460907,9.970902442932129,0.12368665635585785,13.27056884765625
22564402941,0,128.5691680908203,117.01132202148438,129.0776824951172,95.58667755126953,129.25473022460938,87.98167419433594,129.27685546875,84.14376831054688,0.014944088645279408,3.2968475818634033,0.05399762839078903,6.654829502105713,0.09278520941734314,10.01192569732666,0.12426216155290604,13.30250072479248
22589402941,0,128.61842346191406,116.58731842041016,129.01150512695312,95.60919189453125,129.12770080566406,88.04788208007812,129.07135009765625,84.17808532714844,0.016391746699810028,3.332002639770508,0.05063346028327942,6.648101806640625,0.0830475464463234,9.968969345092773,0.1039687916636467,13.263887405395508
22614402942,0,128.608642578125,115.94591522216797,128.92388916015625,95.4050521850586,128.96910095214844,87.962158203125,128.82339477539062,84.15946960449219,0.0163679551333189,3.386472225189209,0.04665099456906319,6.709575653076172,0.07175102084875107,10.02465534210205,0.08002839982509613,13.284808158874512
22639402942,0,128.60704040527344,116.61559295654297,128.88783264160156,95.65768432617188,128.9468994140625,88.08365631103516,128.8245391845703,84.2333984375,0.01607983559370041,3.3296375274658203,0.044351622462272644,6.633655071258545,0.06957763433456421,9.945905685424805,0.07965532690286636,13.202107429504395
22664402943,0,128.68556213378906,115.53653717041016,129.0214080810547,95.40424346923828,129.1017303466797,87.97309112548828,128.97665405273438,84.17256164550781,0.018609879538416862,3.42207670211792,0.05157691240310669,6.709821701049805,0.08151490241289139,10.017520904541016,0.09482206404209137,13.270089149475098
22689402943,0,128.91641235351562,115.18914794921875,129.4925079345703,95.29712677001953,129.72296142578125,87.89631652832031,129.70440673828125,84.12720489501953,0.025076499208807945,3.452819347381592,0.07571204006671906,6.74251127243042,0.12809427082538605,10.06783390045166,0.16609753668308258,13.321216583251953
22714402943,0,129.02728271484375,116.24925231933594,130.05569458007812,95.8292236328125,130.63050842285156,88.23307800292969,130.87913513183594,84.45660400390625,0.02743687853217125,3.3605153560638428,0.10195284336805344,6.583022117614746,0.19150911271572113,9.850674629211426,0.27315741777420044,12.958375930786133
22739402944,0,129.09388732910156,116.59918975830078,129.25318908691406,95.7779312133789,129.45193481445312,88.12264251708984,129.45301818847656,84.32167053222656,0.028986532241106033,3.3310091495513916,0.062286391854286194,6.598085403442383,0.10642938315868378,9.920888900756836,0.13936448097229004,13.10466194152832
22764402944,0,129.00827026367188,116.71614837646484,129.1586151123047,95.82130432128906,129.3961181640625,88.16590118408203,129.4390869140625,84.38157653808594,0.026647914201021194,3.3212506771087646,0.05748100206255913,6.585343837738037,0.10206407308578491,9.893270492553711,0.13736045360565186,13.039321899414062
22789402944,0,128.9662322998047,116.7532730102539,129.06951904296875,95.74484252929688,129.278564453125,88.08464050292969,129.3448028564453,84.28968811035156,0.02551569603383541,3.3181636333465576,0.05323163792490959,6.607836723327637,0.09394246339797974,9.945273399353027,0.12932080030441284,13.139805793762207
22814402945,0,128.97152709960938,116.32623291015625,129.03765869140625,95.67595672607422,129.27455139160156,88.0941162109375,129.36705017089844,84.2724609375,0.025902681052684784,3.3539843559265137,0.051796168088912964,6.6282267570495605,0.09359245747327805,9.93918228149414,0.13164472579956055,13.1588134765625
22839402945,0,128.7659454345703,115.353515625,128.7904052734375,95.364013671875,128.8727569580078,87.96920776367188,128.8588409423828,84.1689224243164,0.020879695191979408,3.4382121562957764,0.0399809405207634,6.7220635414123535,0.06458929926156998,10.020052909851074,0.08340868353843689,13.274176597595215
22864402946,0,128.8697052001953,115.7159423828125,129.0406494140625,95.43914031982422,129.17855834960938,87.9892807006836,129.1855010986328,84.1968994140625,0.02351163513958454,3.4063913822174072,0.052470285445451736,6.6992363929748535,0.0871109589934349,10.006972312927246,0.11486908793449402,13.24281120300293
22889402946,0,128.9110870361328,115.77198028564453,129.1643829345703,95.43976593017578,129.38189697265625,87.99671936035156,129.45909118652344,84.21578216552734,0.024598821997642517,3.4015183448791504,0.05870744585990906,6.699046611785889,0.10209286212921143,10.002132415771484,0.1411600410938263,13.221722602844238
22914402946,0,128.8417510986328,116.51319122314453,129.0443878173828,95.69981384277344,129.17991638183594,88.13477325439453,129.2039337158203,84.32765197753906,0.02234835736453533,3.3382174968719482,0.05207958444952965,6.621151924133301,0.08642492443323135,9.913128852844238,0.11541781574487686,13.09811019897461
22939402947,0,128.88841247558594,116.67649841308594,129.05430603027344,95.72736358642578,129.16346740722656,88.12698364257812,129.17864990234375,84.29597473144531,0.023500990122556686,3.3245530128479004,0.05251312255859375,6.612999439239502,0.08526124805212021,9.918109893798828,0.11328501999378204,13.13288402557373
22964402947,0,128.69107055664062,116.52249145507812,128.9899139404297,95.60411071777344,129.09231567382812,88.0719223022461,129.07745361328125,84.25643920898438,0.018343979492783546,3.3374364376068115,0.04956332594156265,6.649619102478027,0.08032134175300598,9.953459739685059,0.10389266908168793,13.176536560058594
22989402947,0,128.6136932373047,116.11907958984375,128.8705596923828,95.4907455444336,129.00494384765625,88.0390625,129.02944946289062,84.24198913574219,0.016439005732536316,3.371610641479492,0.0437978096306324,6.683640480041504,0.07404801994562149,9.974671363830566,0.09938107430934906,13.192562103271484
23014402948,0,128.6026153564453,115.67115020751953,128.77520751953125,95.31674194335938,128.9015655517578,87.96704864501953,128.92857360839844,84.20855712890625,0.016307830810546875,3.4102954864501953,0.03929169476032257,6.736502647399902,0.06673034280538559,10.021463394165039,0.08988818526268005,13.22978401184082
23039402948,0,128.61582946777344,116.27703857421875,128.94802856445312,95.53376007080078,129.1505126953125,88.11540222167969,129.23892211914062,84.34803009033203,0.016437379643321037,3.3581554889678955,0.047608088701963425,6.6706929206848145,0.08437249809503555,9.925525665283203,0.1185760498046875,13.075833320617676
23064402949,0,128.48614501953125,115.42233276367188,128.54054260253906,95.28939056396484,128.62722778320312,87.99125671386719,128.65167236328125,84.24917602539062,0.013231324031949043,3.432129144668579,0.027429785579442978,6.7448835372924805,0.04635465517640114,10.00568675994873,0.06287428736686707,13.184586524963379
23089402949,0,128.52659606933594,114.80858612060547,128.58958435058594,95.08512878417969,128.67202758789062,87.86265563964844,128.693115234375,84.12566375732422,0.014537756331264973,3.4870705604553223,0.030183130875229836,6.808103084564209,0.05006818100810051,10.090045928955078,0.06755392253398895,13.322959899902344
23114402949,0,128.30799865722656,114.8756332397461,128.24139404296875,95.17485046386719,128.27674865722656,87.91435241699219,128.28514099121094,84.14558410644531,0.008489632979035378,3.480992078781128,0.012310061603784561,6.780196666717529,0.02055167406797409,10.055971145629883,0.027745457366108894,13.30045223236084
23139402950,0,128.12893676757812,114.74686431884766,127.9742431640625,95.11456298828125,128.0093994140625,87.88033294677734,128.04391479492188,84.11390686035156,0.0035647014155983925,3.492682933807373,-0.001316914102062583,6.798924446105957,0.0006995066069066525,10.078370094299316,0.00428427429869771,13.336277961730957
23164402950,0,128.083740234375,114.29476165771484,128.01071166992188,95.00936889648438,128.00099182128906,87.88557434082031,127.97038269042969,84.13894653320312,0.0023399051278829575,3.5342931747436523,0.0005501778796315193,6.831836700439453,7.37872178433463e-05,10.074912071228027,-0.0028834687545895576,13.307943344116211
23189402950,0,128.27430725097656,114.2655029296875,128.46629333496094,95.01331329345703,128.5100860595703,87.8958511352539,128.48602294921875,84.14785766601562,0.0076701152138412,3.5370166301727295,0.023945873603224754,6.830596923828125,0.0379236675798893,10.068140983581543,0.047283295542001724,13.29788875579834
23214402951,0,128.3755645751953,114.35538482666016,128.58555603027344,95.05630493164062,128.65126037597656,87.94782257080078,128.6664276123047,84.23178100585938,0.010479162447154522,3.5286617279052734,0.03001438081264496,6.817114353179932,0.0482618473470211,10.034027099609375,0.06438933312892914,13.203906059265137
23239402951,0,128.52088928222656,114.33479309082031,128.6990966796875,95.10682678222656,128.7427215576172,88.00617980957031,128.72537231445312,84.30018615722656,0.014541145414113998,3.5305728912353516,0.035755887627601624,6.801334381103516,0.054838936775922775,9.99598503112793,0.06969472765922546,13.128250122070312
23264402952,0,128.2892303466797,115.92555236816406,128.62710571289062,95.96537780761719,128.63050842285156,88.61849212646484,128.54872131347656,84.79515075683594,0.0077817500568926334,3.388227701187134,0.03092481568455696,6.543349266052246,0.04483838379383087,9.612942695617676,0.05068238824605942,12.604927062988281
23289402952,0,128.4270782470703,115.76917266845703,128.67401123046875,95.95785522460938,128.5980987548828,88.63064575195312,128.42645263671875,84.83555603027344,0.011531604453921318,3.4017622470855713,0.03324832767248154,6.545529365539551,0.04250249266624451,9.605624198913574,0.03926509991288185,12.563987731933594
23314402952,0,128.4801788330078,114.59822845458984,128.7302703857422,95.56307983398438,128.7071533203125,88.50920867919922,128.601318359375,84.83248901367188,0.013321775943040848,3.506265640258789,0.03662707656621933,6.661894798278809,0.050621844828128815,9.67922306060791,0.055378880351781845,12.567086219787598
23339402953,0,128.5974578857422,114.8727035522461,129.2954864501953,95.84081268310547,129.41751098632812,88.74242401123047,129.3998260498047,85.02586364746094,0.016469372436404228,3.481257200241089,0.06421884149312973,6.579627513885498,0.10005959123373032,9.538823127746582,0.1270042359828949,12.374585151672363
23364402953,0,128.7831268310547,116.48837280273438,129.6103973388672,96.7623062133789,129.73133850097656,89.25090026855469,129.63299560546875,85.31201171875,0.02080349251627922,3.3403029441833496,0.07685862481594086,6.319890975952148,0.11860987544059753,9.24587345123291,0.14497461915016174,12.09998893737793
23389402953,0,128.8660125732422,115.18865966796875,129.27838134765625,96.03105163574219,129.36328125,88.7616195678711,129.2858123779297,84.95255279541016,0.023697640746831894,3.4528632164001465,0.06286925077438354,6.524374008178711,0.0961214154958725,9.52744197845459,0.1173202246427536,12.44688892364502
23414402954,0,128.8385772705078,115.2903823852539,128.85415649414062,95.88069152832031,128.7625274658203,88.57466888427734,128.58851623535156,84.75032043457031,0.02289297990500927,3.443809747695923,0.04227086901664734,6.567971706390381,0.054370246827602386,9.639416694641113,0.05454914644360542,12.650651931762695
23439402954,0,128.6603240966797,115.59638214111328,128.69668579101562,96.197021484375,128.63011169433594,88.8333969116211,128.4716033935547,84.96644592285156,0.01790017820894718,3.41683030128479,0.034027159214019775,6.476879119873047,0.044238097965717316,9.485111236572266,0.04298397898674011,12.433123588562012
23464402955,0,128.5771942138672,115.96046447753906,128.8125,96.85546875,128.69142150878906,89.51304626464844,128.41531372070312,85.5871353149414,0.015517092309892178,3.385219097137451,0.038632430136203766,6.294703483581543,0.04665861651301384,9.10148811340332,0.03612426668405533,11.846879005432129
23489402955,0,128.672607421875,117.63650512695312,129.30728149414062,98.14627838134766,129.1687469482422,90.51625061035156,128.77685546875,86.38138580322266,0.017418066039681435,3.246203660964966,0.05908943712711334,5.964193820953369,0.07459643483161926,8.586700439453125,0.06383960694074631,11.170513153076172
23514402955,0,128.33506774902344,116.85564422607422,129.47689819335938,97.52467346191406,129.60450744628906,90.02696990966797,129.3828582763672,86.06421661376953,0.008828078396618366,3.309677839279175,0.06838187575340271,6.119182109832764,0.10518883913755417,8.83061408996582,0.11620178073644638,11.431445121765137
23539402956,0,127.64568328857422,121.45772552490234,128.37965393066406,101.30143737792969,128.606201171875,93.24565887451172,128.57460021972656,88.75154113769531,-0.008466582745313644,2.964489459991455,0.015312624163925648,5.278902053833008,0.033720750361680984,7.432188034057617,0.040537938475608826,9.533414840698242
23564402956,0,128.45115661621094,126.07086181640625,129.42498779296875,103.4654769897461,129.7906494140625,94.4580307006836,129.76791381835938,89.43604278564453,0.00986085832118988,2.677443027496338,0.053521402180194855,4.888335227966309,0.09423007071018219,7.00937557220459,0.11982952058315277,9.143449783325195
23589402956,0,128.70401000976562,131.3922119140625,129.06451416015625,105.53439331054688,129.26063537597656,95.42776489257812,129.10011291503906,89.82377624511719,0.014008767902851105,2.4017138481140137,0.03751557320356369,4.562069416046143,0.06359299272298813,6.702682971954346,0.07294376939535141,8.935844421386719
23614402957,0,129.19387817382812,133.48858642578125,128.90061950683594,106.80618286132812,128.984375,96.03160095214844,128.9065399169922,90.10289001464844,0.02294648252427578,2.3061931133270264,0.03057986870408058,4.3807597160339355,0.048409268260002136,6.5242156982421875,0.059182003140449524,8.791902542114258
23639402957,0,127.56839752197266,130.66873168945312,127.94548797607422,105.17390441894531,128.26287841796875,95.3516616821289,128.4170684814453,89.8492660522461,-0.008694165386259556,2.4362637996673584,-0.0019419871969148517,4.61599063873291,0.013304170221090317,6.725831031799316,0.0276145301759243,8.92251205444336
23664402958,0,127.80026245117188,125.07881164550781,128.2588653564453,102.49629211425781,128.32183837890625,93.80777740478516,128.1837158203125,88.98904418945312,-0.004447225481271744,2.7349605560302734,0.010031769052147865,5.056400775909424,0.01744122989475727,7.230305194854736,0.01277992408722639,9.394547462463379
23689402958,0,127.78608703613281,123.669921875,127.4095458984375,100.96670532226562,127.36809539794922,92.33214569091797,127.27525329589844,87.66386413574219,-0.004892715252935886,2.820441961288452,-0.024090047925710678,5.3445258140563965,-0.036729831248521805,7.784083843231201,-0.054681196808815,10.223176956176758
23714402958,0,129.00320434570312,126.42245483398438,129.30374145507812,102.5078125,129.84486389160156,93.28125762939453,130.1742706298828,88.27350616455078,0.02178521826863289,2.6575613021850586,0.05050461366772652,5.054340362548828,0.10245134681463242,7.419086456298828,0.1579003483057022,9.82520866394043
23739402959,0,129.37802124023438,129.0133819580078,129.0662078857422,104.3238525390625,129.37086486816406,94.79946899414062,129.49916076660156,89.5377197265625,0.028564706444740295,2.518612861633301,0.03898247703909874,4.74790096282959,0.07105924189090729,6.8984150886535645,0.10102427005767822,9.088120460510254
23764402959,0,130.061279296875,131.91275024414062,129.72349548339844,105.35655212402344,130.0193634033203,95.24492645263672,130.0966033935547,89.77969360351562,0.040660079568624496,2.3773717880249023,0.06106321141123772,4.58852481842041,0.10266844183206558,6.758551120758057,0.1393614411354065,8.958991050720215
23789402959,0,130.068359375,132.61817932128906,131.51853942871094,105.58966827392578,132.09396362304688,95.43255615234375,132.07296752929688,89.93895721435547,0.04032494127750397,2.345050811767578,0.12379620969295502,4.553904056549072,0.2064785659313202,6.701231002807617,0.268326997756958,8.875901222229004
23814402960,0,128.44375610351562,135.17910766601562,128.76927185058594,106.95525360107422,129.29310607910156,95.63514709472656,129.50711059570312,89.57334899902344,0.00830082967877388,2.2337818145751953,0.026008663699030876,4.3603715896606445,0.06465862691402435,6.640361785888672,0.10135408490896225,9.068883895874023
23839402960,0,128.1822052001953,136.53662109375,128.6331329345703,108.63248443603516,129.24136352539062,96.7447280883789,129.466796875,90.34737396240234,0.003336608177050948,2.1783809661865234,0.02042580582201481,4.142416477203369,0.05928802117705345,6.32466459274292,0.09448149055242538,8.669418334960938
23864402960,0,127.95581817626953,132.7708740234375,128.48414611816406,104.80512237548828,128.93043518066406,94.17053985595703,129.09642028808594,88.43592834472656,-0.0008592089870944619,2.338153600692749,0.017441565170884132,4.6723785400390625,0.04959758371114731,7.10545539855957,0.07883761078119278,9.724162101745605
23889402961,0,127.78730773925781,126.3038330078125,128.16372680664062,101.02581787109375,128.57855224609375,92.04554748535156,128.7957000732422,87.30393981933594,-0.004628836642950773,2.6642403602600098,0.006666317116469145,5.332827091217041,0.03410949558019638,7.901094913482666,0.061446450650691986,10.473016738891602
23914402961,0,127.98197937011719,128.0262451171875,128.0853729248047,102.12007141113281,128.43899536132812,92.79290771484375,128.6465606689453,87.85253143310547,-0.00038012737059034407,2.5700366497039795,0.003349768463522196,5.1245551109313965,0.024951424449682236,7.602728366851807,0.048201579600572586,10.096745491027832
23939402962,0,127.73463439941406,125.90185546875,127.55632781982422,100.92384338378906,127.76632690429688,91.94389343261719,127.92012786865234,87.2000503540039,-0.005818238481879234,2.687091827392578,-0.01812829077243805,5.353038787841797,-0.013846799731254578,7.943405628204346,-0.006210132502019405,10.547331809997559
23964402962,0,128.0520477294922,122.06674194335938,127.91163635253906,99.64686584472656,128.07464599609375,91.26406860351562,128.14161682128906,86.82179260253906,0.0012285790871828794,2.9235634803771973,-0.003777272766456008,5.618764877319336,0.004579405765980482,8.237842559814453,0.01129184104502201,10.826712608337402
23989402962,0,127.85446166992188,119.96450805664062,128.08937072753906,98.65347290039062,128.2883758544922,90.56449127197266,128.33346557617188,86.28385162353516,-0.003585981437936425,3.0692317485809326,0.0039627086371183395,5.843088626861572,0.01835804618895054,8.563347816467285,0.02759029157459736,11.249518394470215
24014402963,0,128.71658325195312,116.55908966064453,128.6274871826172,96.08271789550781,128.6959686279297,88.48847961425781,128.64967346191406,84.53881072998047,0.01900557242333889,3.334366798400879,0.030792860314249992,6.509519100189209,0.04988381639122963,9.69189453125,0.06123354285955429,12.870795249938965
24039402963,0,128.499755859375,116.38664245605469,128.33580017089844,96.2327880859375,128.41458129882812,88.68622589111328,128.4549560546875,84.74544525146484,0.013306266628205776,3.3488752841949463,0.016376767307519913,6.466729164123535,0.029363123700022697,9.572297096252441,0.04218568280339241,12.655644416809082
24064402963,0,128.42437744140625,116.7767333984375,128.32803344726562,96.23573303222656,128.40435791015625,88.66895294189453,128.43507385253906,84.75005340576172,0.011200837790966034,3.3162155151367188,0.015996044501662254,6.46589469909668,0.028668716549873352,9.582630157470703,0.0403275340795517,12.65092658996582
24089402964,0,128.49075317382812,117.37215423583984,128.46435546875,96.52497100830078,128.60072326660156,88.85118865966797,128.68280029296875,84.85623168945312,0.012782752513885498,3.2674474716186523,0.02237652614712715,6.384920597076416,0.042130302637815475,9.474674224853516,0.062766894698143,12.54313850402832
24114402964,0,128.65206909179688,119.65242767333984,128.4623260498047,98.11425018310547,128.65501403808594,90.09683990478516,128.8040313720703,85.865966796875,0.016171831637620926,3.091952085494995,0.02092287875711918,5.971999645233154,0.04277583584189415,8.794975280761719,0.06852886080741882,11.600605964660645
24139402965,0,128.69776916503906,119.05818176269531,128.62001037597656,97.86013793945312,128.85153198242188,89.87728118896484,128.97434997558594,85.67882537841797,0.017523758113384247,3.136047840118408,0.028334708884358406,6.034613132476807,0.056292444467544556,8.907902717590332,0.0841815322637558,11.764787673950195
24164402965,0,128.4126434326172,118.59908294677734,128.31979370117188,97.53425598144531,128.566162109375,89.53469848632812,128.73643493652344,85.34935760498047,0.01046521682292223,3.1708855628967285,0.014801214449107647,6.116735458374023,0.038158658891916275,9.089755058288574,0.06519655138254166,12.065018653869629
24189402965,0,127.81657409667969,119.34990692138672,127.75255584716797,98.56375885009766,128.07003784179688,90.54490661621094,128.37686157226562,86.28157043457031,-0.004578172694891691,3.114262104034424,-0.011008757166564465,5.86417293548584,0.004463327582925558,8.57281494140625,0.031185775995254517,11.25137996673584
24214402966,0,127.67691802978516,118.8686294555664,127.52391052246094,98.65541076660156,127.9164047241211,90.80171203613281,128.35348510742188,86.59099578857422,-0.008146688342094421,3.1503489017486572,-0.02110832743346691,5.842634677886963,-0.005254543386399746,8.450258255004883,0.028631018474698067,11.004293441772461
24239402966,0,127.39671325683594,121.89694213867188,127.4864730834961,99.8338851928711,128.2288055419922,91.57852172851562,129.08534240722656,87.18991088867188,-0.014288954436779022,2.934873342514038,-0.021804191172122955,5.578323841094971,0.013811387121677399,8.099109649658203,0.08444271981716156,10.55463981628418
24264402966,0,128.01187133789062,120.50066375732422,127.6310806274414,99.68896484375,128.03887939453125,91.63904571533203,128.59347534179688,87.29398345947266,0.0002892694901674986,3.0308806896209717,-0.015746185556054115,5.60961389541626,0.002339643891900778,8.072916984558105,0.04585986211895943,10.480095863342285
24289402967,0,127.81497955322266,121.79479217529297,128.2346649169922,99.20214080810547,129.49110412597656,90.97410583496094,130.85914611816406,86.73906707763672,-0.004391232971101999,2.9417147636413574,0.010195199400186539,5.717165470123291,0.092874675989151,8.369847297668457,0.22925405204296112,10.889724731445312
24314402967,0,127.6427001953125,123.23685455322266,127.22645568847656,100.46290588378906,128.8229217529297,91.78814697265625,130.68157958984375,87.33378601074219,-0.008241400122642517,2.8476622104644775,-0.032118599861860275,5.446205139160156,0.049147795885801315,8.009074211120605,0.2066769003868103,10.45185375213623
24339402968,0,126.91361236572266,122.96737670898438,126.84549713134766,101.03094482421875,128.39529418945312,92.56598663330078,130.21670532226562,88.13511657714844,-0.025190871208906174,2.864833354949951,-0.04699854925274849,5.331814289093018,0.022715458646416664,7.691029071807861,0.16236278414726257,9.912909507751465
24364402968,0,124.9505386352539,124.9909896850586,126.30936431884766,102.30721282958984,128.7671661376953,93.2830810546875,131.25885009765625,88.52725982666016,-0.06800983846187592,2.7401561737060547,-0.06592569500207901,5.090442180633545,0.04259960353374481,7.418416500091553,0.2330312430858612,9.668214797973633
24389402968,0,123.96842956542969,124.43771362304688,125.5346450805664,102.6130599975586,128.3479766845703,93.68525695800781,131.23956298828125,88.9001235961914,-0.09086176007986069,2.7732882499694824,-0.09517510235309601,5.035588264465332,0.01896427571773529,7.273416042327881,0.2265411913394928,9.44608211517334
24414402969,0,123.68279266357422,123.20506286621094,123.59756469726562,101.75630187988281,125.38642120361328,93.12113189697266,127.57861328125,88.51031494140625,-0.0996415838599205,2.8496782779693604,-0.17484961450099945,5.1920928955078125,-0.1462409645318985,7.478365421295166,-0.030163109302520752,9.678547859191895
24439402969,0,125.03997802734375,123.69189453125,125.1454849243164,102.86880493164062,126.45655822753906,94.37324523925781,127.98235321044922,89.78905487060547,-0.06767420470714569,2.81907320022583,-0.10928566008806229,4.990555286407471,-0.08152896165847778,7.037454128265381,-0.0011723667848855257,8.954066276550293
24464402969,0,125.2257080078125,123.76895141601562,125.77982330322266,103.06358337402344,127.93363952636719,94.52195739746094,130.15835571289062,89.89136505126953,-0.06333348900079727,2.814281463623047,-0.08446691930294037,4.956754684448242,-0.003482201835140586,6.988344669342041,0.14257067441940308,8.900575637817383
24489402970,0,126.23792266845703,125.26881408691406,127.54996490478516,105.7228775024414,129.74681091308594,97.01949310302734,131.59274291992188,91.89530944824219,-0.039093323051929474,2.72377872467041,-0.015771478414535522,4.534335613250732,0.08251217752695084,6.250813961029053,0.21341554820537567,7.963779926300049
24514402970,0,126.96385955810547,124.72750854492188,127.39378356933594,105.20975494384766,129.2684783935547,96.50379943847656,130.92160034179688,91.47251892089844,-0.02322373166680336,2.755847692489624,-0.021573105826973915,4.6105756759643555,0.06117870286107063,6.390782833099365,0.1773165613412857,8.145376205444336
24539402971,0,128.1499481201172,129.14927673339844,126.49960327148438,107.9477310180664,128.32923889160156,98.30052185058594,130.1953887939453,92.6763916015625,0.0031008513178676367,2.5116727352142334,-0.0493270643055439,4.22894287109375,0.014794401824474335,5.926870346069336,0.1254837065935135,7.647825717926025
24564402971,0,131.1747589111328,133.13601684570312,128.75511169433594,111.40170288085938,130.3124542236328,101.00454711914062,131.9180145263672,94.67089080810547,0.06137114763259888,2.3217995166778564,0.02264888398349285,3.823167324066162,0.09422317147254944,5.337031364440918,0.20424343645572662,6.939808368682861
24589402971,0,133.89321899414062,136.62872314453125,133.26934814453125,117.65311431884766,134.03993225097656,106.99384307861328,134.79669189453125,99.26822662353516,0.10776497423648834,2.17470645904541,0.13640715181827545,3.2448770999908447,0.20398163795471191,4.355122089385986,0.2945719063282013,5.702340126037598
24614402972,0,133.97032165527344,137.6551055908203,134.24346923828125,119.68827056884766,134.92649841308594,108.58378601074219,135.35684204101562,99.96720123291016,0.10746817290782928,2.134456157684326,0.15472663938999176,3.089327573776245,0.2237565517425537,4.148462772369385,0.31088021397590637,5.549826622009277
24639402972,0,134.34739685058594,132.08587646484375,133.4707489013672,109.37008666992188,134.26467895507812,99.56719970703125,134.7277374267578,93.38639831542969,0.12484578788280487,2.3693695068359375,0.17301084101200104,4.052759170532227,0.26856958866119385,5.6361589431762695,0.3717765808105469,7.380646228790283
24664402972,0,132.58961486816406,139.75099182128906,133.824951171875,125.92449951171875,135.62461853027344,112.05046844482422,137.38597106933594,99.47871398925781,0.08005920052528381,2.0560524463653564,0.1276605874300003,2.685795783996582,0.22498895227909088,3.754757881164551,0.40367648005485535,5.6555962562561035
24689402973,0,131.56520080566406,140.209228515625,131.79788208007812,133.21116638183594,133.31167602539062,122.6724853515625,136.31954956054688,107.00688934326172,0.06177198141813278,2.0395524501800537,0.07332658767700195,2.318458080291748,0.12388251721858978,2.883833169937134,0.28086456656455994,4.353349685668945
24714402973,0,133.39706420898438,138.7320556640625,136.19528198242188,116.27295684814453,138.09561157226562,103.1217269897461,139.02259826660156,94.09343719482422,0.09558147937059402,2.0935540199279785,0.21876409649848938,3.35850191116333,0.3833712935447693,4.946746349334717,0.5896188616752625,7.131648063659668
24739402974,0,130.93287658691406,140.41207885742188,129.8175811767578,137.54933166503906,130.2598419189453,132.37612915039062,133.3317108154297,118.27827453613281,0.050665419548749924,2.0323188304901123,0.032769981771707535,2.1385459899902344,0.0442347377538681,2.356055974960327,0.13615703582763672,3.1956396102905273
24764402974,0,130.99725341796875,140.43153381347656,129.48011779785156,137.64205932617188,129.79830932617188,132.45005798339844,133.09884643554688,117.0634994506836,0.05176280811429024,2.0316274166107178,0.026648007333278656,2.1349599361419678,0.03515752777457237,2.3526854515075684,0.13372039794921875,3.2925667762756348
24789402974,0,131.65274047851562,137.96766662597656,132.87924194335938,114.09156799316406,134.5032958984375,102.42866516113281,135.89686584472656,93.05296325683594,0.06543926149606705,2.1224477291107178,0.13699600100517273,3.553285598754883,0.25258132815361023,5.0685272216796875,0.4432942867279053,7.503874778747559
24814402975,0,130.81590270996094,139.0345916748047,129.15379333496094,122.9524154663086,129.8331298828125,113.4201889038086,131.44354248046875,101.30291748046875,0.04964429512619972,2.0823004245758057,0.02676171250641346,2.8657920360565186,0.052303627133369446,3.6173644065856934,0.13888177275657654,5.278615474700928
24839402975,0,132.2364044189453,125.9759521484375,132.89111328125,103.45144653320312,134.09201049804688,94.88617706298828,134.5370635986328,90.2371826171875,0.0927572175860405,2.682853937149048,0.1837882399559021,4.8906941413879395,0.31458500027656555,6.870763778686523,0.42361918091773987,8.72421646118164
24864402975,0,133.1432647705078,135.07205200195312,133.19940185546875,109.80840301513672,134.83152770996094,99.08404541015625,136.35006713867188,92.2605209350586,0.09637236595153809,2.2382521629333496,0.1625233143568039,4.001137733459473,0.298095166683197,5.743837833404541,0.4870684742927551,7.813016414642334
24889402976,0,134.75376892089844,135.67355346679688,136.00799560546875,108.63751220703125,137.33985900878906,97.06820678710938,138.04269409179688,90.43013000488281,0.1253538578748703,2.213329553604126,0.258314311504364,4.1417927742004395,0.4403192400932312,6.237889289855957,0.6439801454544067,8.628693580627441
24914402976,0,131.9888916015625,137.93716430664062,133.34036254882812,111.81981658935547,135.78892517089844,100.12913513183594,138.1111602783203,92.12418365478516,0.07149449735879898,2.123614549636841,0.1584974080324173,3.7788238525390625,0.3272440731525421,5.5155744552612305,0.5937907099723816,7.868658542633057
24939402977,0,129.3969268798828,140.57382202148438,128.20620727539062,140.07737731933594,127.82600402832031,139.67196655273438,128.3284454345703,138.0388641357422,0.02407498098909855,2.0265817642211914,0.0035797429736703634,2.0442774295806885,-0.0030386524740606546,2.0589206218719482,0.005877792835235596,2.1197280883789062
24964402977,0,128.31736755371094,140.44952392578125,128.18824768066406,139.28875732421875,128.12158203125,138.9221649169922,128.4414825439453,137.4412841796875,0.00547952251508832,2.0309882164001465,0.0033062659204006195,2.0729241371154785,0.002147089224308729,2.086470603942871,0.007972827181220055,2.1427371501922607
24989402977,0,129.47048950195312,137.94203186035156,129.88040161132812,116.14781951904297,131.43841552734375,106.20161437988281,133.8809356689453,94.76400756835938,0.02635422721505165,2.1234283447265625,0.0503375418484211,3.3691554069519043,0.11881257593631744,4.465267181396484,0.30531513690948486,6.909784317016602
25014402978,0,129.90875244140625,132.07894897460938,130.7102813720703,105.22720336914062,133.01858520507812,95.94856262207031,135.3511199951172,90.2090835571289,0.03754723072052002,2.3696887493133545,0.09639871120452881,4.607944488525391,0.24765807390213013,6.548224925994873,0.47710731625556946,8.738296508789062
25039402978,0,129.57769775390625,137.05841064453125,128.61500549316406,114.19953155517578,129.32687377929688,102.99603271484375,130.35098266601562,95.34147644042969,0.028659658506512642,2.1577014923095703,0.017223523929715157,3.5431716442108154,0.050591107457876205,4.968429088592529,0.11903419345617294,6.728940010070801
25064402978,0,129.97276306152344,140.48736572265625,128.9160919189453,139.47946166992188,128.43832397460938,137.55442810058594,129.07740783691406,130.69960021972656,0.03404200077056885,2.0296449661254883,0.01604420132935047,2.0659353733062744,0.007902123965322971,2.1383485794067383,0.02169180102646351,2.43477201461792
25089402979,0,130.0717315673828,140.56939697265625,128.9274444580078,140.1565399169922,128.2955780029297,139.62705993652344,128.51368713378906,137.34454345703125,0.03570703789591789,2.026738405227661,0.016081664711236954,2.041438341140747,0.005165379494428635,2.0605533123016357,0.009290519170463085,2.1465015411376953
25114402979,0,130.73992919921875,139.59539794921875,127.84957122802734,124.04029846191406,127.82878112792969,110.44561004638672,129.6075439453125,99.42091369628906,0.0479041151702404,2.0617058277130127,-0.003416188061237335,2.7975218296051025,-0.005263268016278744,3.928192138671875,0.06928377598524094,5.668360233306885
25139402979,0,130.84991455078125,139.1292266845703,127.03718566894531,121.85552978515625,127.40512084960938,109.64614868164062,129.75860595703125,100.34101867675781,0.050173088908195496,2.078800916671753,-0.022823374718427658,2.937643527984619,-0.018674923107028008,4.020106315612793,0.07333371788263321,5.471347808837891
25164402980,0,130.19677734375,140.07432556152344,127.21075439453125,129.39877319335938,126.63988494873047,116.71160888671875,128.30787658691406,102.47360229492188,0.03813759610056877,2.044386863708496,-0.016250256448984146,2.499016523361206,-0.035950589925050735,3.3216285705566406,0.011939977295696735,5.060462951660156
25189402980,0,128.21302795410156,140.67788696289062,128.39373779296875,140.5111083984375,128.37596130371094,140.45521545410156,128.35455322265625,140.4180908203125,0.003665813012048602,2.022904872894287,0.006791985593736172,2.0288031101226807,0.006490635685622692,2.0307860374450684,0.006124365609139204,2.032104969024658
25214402981,0,128.39283752441406,140.72601318359375,128.4918670654297,140.56924438476562,128.42132568359375,140.5135498046875,128.3807373046875,140.478271484375,0.006755266338586807,2.0212082862854004,0.008477523922920227,2.0267438888549805,0.007267618086189032,2.028716564178467,0.006570876110345125,2.029967784881592
25239402981,0,129.19366455078125,140.59088134765625,128.7594757080078,140.33065795898438,128.5328369140625,140.18702697753906,128.63522338867188,139.94287109375,0.02056679129600525,2.0259783267974854,0.013135570101439953,2.035217046737671,0.009235133416950703,2.040346622467041,0.011049260385334492,2.0491161346435547
25264402981,0,129.52761840820312,140.60525512695312,128.93479919433594,140.34652709960938,128.6370391845703,140.1945037841797,128.78689575195312,139.9021453857422,0.026315288618206978,2.025470018386841,0.016164137050509453,2.034651756286621,0.011039958335459232,2.040079116821289,0.013695704750716686,2.0505852699279785
25289402982,0,129.92251586914062,140.51422119140625,128.94288635253906,139.95472717285156,128.46456909179688,139.02676391601562,129.27691650390625,135.22250366210938,0.03316193446516991,2.0286927223205566,0.016397979110479355,2.0486888885498047,0.008191296830773354,2.082590103149414,0.02386939525604248,2.231973886489868
25314402982,0,130.83645629882812,140.23597717285156,128.662841796875,134.03614807128906,128.64645385742188,123.20540618896484,131.49403381347656,108.63101959228516,0.049126219004392624,2.0385961532592773,0.012627451680600643,2.2823069095611572,0.014920120127499104,2.849656581878662,0.11272721737623215,4.1425981521606445
25339402982,0,131.33663940429688,140.4283905029297,130.64183044433594,136.1994171142578,133.28955078125,122.57539367675781,138.3983917236328,104.13382720947266,0.05762667953968048,2.0317389965057373,0.048632264137268066,2.1919236183166504,0.12360332161188126,2.890137195587158,0.38243213295936584,4.778343200683594
25364402983,0,132.01974487304688,140.5125274658203,130.85653686523438,138.4361572265625,133.11141967773438,128.48666381835938,139.54415893554688,108.20549011230469,0.06933925300836563,2.0287528038024902,0.05081430450081825,2.1046600341796875,0.10694149136543274,2.545827627182007,0.37682396173477173,4.195987701416016
25389402983,0,130.77685546875,140.4957275390625,129.34634399414062,138.6509246826172,129.0464324951172,130.23153686523438,130.9026336669922,110.16560363769531,0.047911569476127625,2.029348373413086,0.02387264184653759,2.0965893268585205,0.021237511187791824,2.4575579166412354,0.08988159149885178,3.959946632385254
25414402984,0,130.21888732910156,140.35128784179688,128.62892150878906,133.3249053955078,128.90994262695312,118.29335021972656,130.81369018554688,102.11367797851562,0.038365352898836136,2.034482002258301,0.012120210565626621,2.313416004180908,0.02322983182966709,3.1944684982299805,0.11042391508817673,5.125728130340576
25439402984,0,130.46804809570312,140.55528259277344,128.72389221191406,138.58209228515625,129.56434631347656,128.18446350097656,133.7181396484375,104.62164306640625,0.04254645109176636,2.027238130569458,0.012848935090005398,2.099170446395874,0.03290541097521782,2.5616726875305176,0.2071569859981537,4.7009077072143555
25464402984,0,130.194580078125,140.59567260742188,128.51710510253906,139.8737030029297,128.4160919189453,136.5826873779297,132.2099609375,118.066650390625,0.037809886038303375,2.025808811187744,0.009003843180835247,2.051612138748169,0.007614191621541977,2.176541805267334,0.10800456255674362,3.2121574878692627
25489402985,0,131.34678649902344,140.51800537109375,130.7663116455078,136.54026794433594,134.06227111816406,121.46153259277344,137.50108337402344,101.95977020263672,0.05772633105516434,2.0285584926605225,0.05065484717488289,2.1782352924346924,0.1448499709367752,2.9642302989959717,0.37478768825531006,5.154114723205566
25514402985,0,131.11924743652344,140.52655029296875,131.2156524658203,137.61891174316406,135.7344970703125,123.35006713867188,139.62596130371094,103.07257843017578,0.05379496142268181,2.0282557010650635,0.05791495367884636,2.1358540058135986,0.17800888419151306,2.8405017852783203,0.44218313694000244,4.955203533172607
25539402985,0,131.51446533203125,140.57090759277344,130.77525329589844,139.4357147216797,133.99093627929688,131.2136993408203,140.66592407226562,108.75193786621094,0.060571737587451935,2.0266849994659424,0.04863661155104637,2.067534923553467,0.11957025527954102,2.4101603031158447,0.40729331970214844,4.127652168273926
25564402986,0,130.5627899169922,140.53041076660156,131.82496643066406,137.52255249023438,137.06314086914062,122.74590301513672,140.05418395996094,103.89970397949219,0.04419572651386261,2.028118848800659,0.06899021565914154,2.1395835876464844,0.21107089519500732,2.879082202911377,0.4465826153755188,4.816349029541016
25589402986,0,130.28305053710938,140.5491943359375,131.4617156982422,138.11813354492188,136.38253784179688,124.36260223388672,139.78121948242188,105.40180206298828,0.03936079144477844,2.027453660964966,0.06187588721513748,2.1167073249816895,0.18919295072555542,2.7778403759002686,0.4168415069580078,4.581766605377197
25614402987,0,129.2177734375,140.5384521484375,132.71109008789062,137.75816345214844,137.87779235839844,123.11518859863281,139.55740356445312,104.62002563476562,0.020998237654566765,2.027833938598633,0.0846685990691185,2.130484104156494,0.22838130593299866,2.8553922176361084,0.41872286796569824,4.701160907745361
25639402987,0,130.44712829589844,140.5049285888672,134.92115783691406,134.7665557861328,138.74192810058594,115.74038696289062,138.41397094726562,100.4078140258789,0.04221682250499725,2.029021978378296,0.13031700253486633,2.2510931491851807,0.290235310792923,3.404264211654663,0.4332406222820282,5.457542896270752
25664402987,0,131.5597686767578,140.43911743164062,138.13758850097656,130.8882293701172,140.53150939941406,110.42401123046875,139.47715759277344,97.50149536132812,0.061470676213502884,2.031357765197754,0.2034495770931244,2.425691843032837,0.38543519377708435,3.9306254386901855,0.5318869352340698,6.1251068115234375
25689402988,0,131.83973693847656,140.4893035888672,136.95413208007812,133.71859741210938,140.86888122558594,112.56473541259766,140.5901336669922,98.28252410888672,0.06625662744045258,2.029576301574707,0.17145812511444092,2.296107530593872,0.37492361664772034,3.702085018157959,0.5661270618438721,5.9312028884887695
25714402988,0,130.63912963867188,140.47308349609375,135.19081115722656,132.950927734375,139.12240600585938,111.90107727050781,139.8689422607422,98.61627197265625,0.04555032402276993,2.030151844024658,0.13942742347717285,2.3300647735595703,0.3294312357902527,3.770313262939453,0.5270058512687683,5.851814270019531
25739402988,0,131.35980224609375,140.4432373046875,136.7626495361328,131.39630126953125,141.0509796142578,109.96240234375,141.87171936035156,97.20917510986328,0.05801413580775261,2.0312116146087646,0.17435191571712494,2.4015212059020996,0.40629369020462036,3.9832839965820312,0.6503127813339233,6.200771331787109
25764402989,0,133.54736328125,140.3881378173828,138.42300415039062,127.69026184082031,140.86883544921875,106.00736999511719,142.1895294189453,94.8076400756836,0.0958642065525055,2.033170461654663,0.22118937969207764,2.5879547595977783,0.4472155272960663,4.493056774139404,0.7352555394172668,6.895800590515137
25789402989,0,133.59530639648438,140.26730346679688,138.1354217529297,121.71952056884766,140.4518280029297,102.85829162597656,142.03231811523438,93.58292388916016,0.09686385840177536,2.0374770164489746,0.24091596901416779,2.9467740058898926,0.4768829941749573,4.992391109466553,0.7683688998222351,7.309798240661621
25814402990,0,135.7820281982422,140.1020965576172,139.8234100341797,118.06635284423828,141.89501953125,100.99349975585938,142.75848388671875,92.40420532226562,0.13504637777805328,2.0433900356292725,0.30332595109939575,3.2121806144714355,0.5663816332817078,5.339217185974121,0.854816198348999,7.755181789398193
25839402990,0,135.88363647460938,139.89083862304688,137.67083740234375,115.3748550415039,139.84512329101562,99.88426971435547,141.0159149169922,91.98368835449219,0.1372353583574295,2.0509932041168213,0.26349762082099915,3.436323881149292,0.5020315051078796,5.567522048950195,0.7697499394416809,7.926790714263916
25864402990,0,137.47756958007812,139.5855712890625,138.74362182617188,113.4907455444336,140.78469848632812,99.13169860839844,141.94503784179688,91.7635498046875,0.1657271534204483,2.0620639324188232,0.30602023005485535,3.610532760620117,0.5568832755088806,5.7330474853515625,0.8338834643363953,8.019539833068848
25889402991,0,135.2325439453125,139.1922607421875,136.5736541748047,111.76628112792969,139.148681640625,98.44737243652344,140.69281005859375,91.59294891357422,0.1272103488445282,2.0764753818511963,0.25480130314826965,3.784449577331543,0.4981861412525177,5.891740322113037,0.7656117081642151,8.092850685119629
25914402991,0,132.6649932861328,138.5492401123047,134.1957244873047,110.34839630126953,137.252685546875,97.65620422363281,139.35183715820312,91.1009521484375,0.08284352719783783,2.1004040241241455,0.19093939661979675,3.939164161682129,0.426212340593338,6.085760116577148,0.7023631930351257,8.311607360839844
25939402991,0,131.43017578125,138.3372039794922,132.65670776367188,110.19584655761719,135.49734497070312,97.58293151855469,137.4275665283203,90.97337341308594,0.06110965460538864,2.108396053314209,0.14408324658870697,3.9564943313598633,0.34634411334991455,6.104336261749268,0.5872265696525574,8.370185852050781
25964402992,0,131.07191467285156,137.80340576171875,131.73158264160156,109.67713165283203,134.47772216796875,97.44383239746094,136.5826873779297,90.98992156982422,0.05517107620835304,2.12874436378479,0.11704850941896439,4.016471862792969,0.30087801814079285,6.139894962310791,0.5341346859931946,8.362543106079102
25989402992,0,132.95123291015625,137.67144775390625,134.72103881835938,109.8853759765625,137.4254608154297,97.63256072998047,139.3915557861328,91.14549255371094,0.08910199254751205,2.1338255405426025,0.20965991914272308,3.9921956062316895,0.4345715343952179,6.091742992401123,0.7031810283660889,8.291340827941895
26014402993,0,133.09939575195312,136.9769744873047,135.8474884033203,109.5504150390625,138.31126403808594,97.74208068847656,139.7827911376953,91.3421859741211,0.09274914115667343,2.160907030105591,0.24698270857334137,4.031375408172607,0.47338980436325073,6.064123630523682,0.7199349403381348,8.202957153320312
26039402993,0,134.90150451660156,136.6436767578125,137.56883239746094,109.106201171875,139.9493408203125,97.53668975830078,141.19932556152344,91.29206085205078,0.12617355585098267,2.1741108894348145,0.3047635853290558,4.084425449371338,0.5530061721801758,6.116114139556885,0.8085814714431763,8.225310325622559
26064402993,0,136.17068481445312,136.795654296875,138.94174194335938,109.35050964355469,140.969970703125,97.68092346191406,141.80169677734375,91.34564208984375,0.14902640879154205,2.1680731773376465,0.346210777759552,4.055092811584473,0.5968689918518066,6.079517364501953,0.8431404829025269,8.201419830322266
26089402994,0,134.669677734375,136.15560913085938,138.0919952392578,108.30168151855469,139.83541870117188,97.0115966796875,140.38136291503906,90.95906066894531,0.12286292761564255,2.1936936378479004,0.3285495936870575,4.183809280395508,0.5592330694198608,6.252913475036621,0.7717955708503723,8.376806259155273
26114402994,0,133.40968322753906,135.51651000976562,137.01026916503906,107.78579711914062,138.64559936523438,96.67906188964844,139.0352325439453,90.7105484008789,0.10065511614084244,2.2197909355163574,0.2975621819496155,4.249889373779297,0.5097909569740295,6.342557430267334,0.6970205903053284,8.493378639221191
26139402994,0,134.67112731933594,135.60447692871094,139.1534881591797,107.99057006835938,140.9160919189453,96.91278839111328,141.19039916992188,90.97941589355469,0.12395446002483368,2.216167688369751,0.36624574661254883,4.223433017730713,0.6127162575721741,6.279299736022949,0.8213452696800232,8.367393493652344
26164402995,0,134.6698760986328,135.24639892578125,137.81422424316406,107.61254119873047,139.53192138671875,96.67225646972656,139.97967529296875,90.84660339355469,0.12463287264108658,2.2309796810150146,0.325689435005188,4.272511005401611,0.5523869395256042,6.344417095184326,0.7512121796607971,8.429177284240723
26189402995,0,134.09072875976562,134.44717407226562,136.765869140625,106.97298431396484,138.57376098632812,96.3184814453125,139.11940002441406,90.65499114990234,0.1152675598859787,2.2646520137786865,0.29621899127960205,4.35795783996582,0.5138586759567261,6.442532062530518,0.7044285535812378,8.519865036010742
26214402996,0,133.4113311767578,133.01828002929688,135.09727478027344,106.0443115234375,136.69638061523438,95.83753204345703,137.21868896484375,90.41078186035156,0.10480808466672897,2.3270514011383057,0.24637560546398163,4.4877471923828125,0.4311494827270508,6.580587863922119,0.5917626619338989,8.638182640075684
26239402996,0,133.2997589111328,131.826171875,133.65428161621094,105.35023498535156,134.96826171875,95.46044921875,135.48223876953125,90.1799545288086,0.1046924963593483,2.3813912868499756,0.20036837458610535,4.589469909667969,0.3510255515575409,6.6927876472473145,0.48639532923698425,8.752938270568848
26264402996,0,133.14764404296875,130.66891479492188,132.8749237060547,104.88722229003906,133.93829345703125,95.22389221191406,134.38577270507812,90.03903198242188,0.1036933958530426,2.4362547397613525,0.17518272995948792,4.65971565246582,0.30218803882598877,6.765034198760986,0.4183606803417206,8.824441909790039
26289402997,0,133.65452575683594,129.6886444091797,132.4552764892578,104.38517761230469,133.18865966796875,95.01014709472656,133.4692840576172,89.9658203125,0.11583944410085678,2.4844493865966797,0.16258446872234344,4.738152980804443,0.26649338006973267,6.831591606140137,0.359777569770813,8.862031936645508
26314402997,0,133.34310913085938,129.2408447265625,131.918701171875,104.18304443359375,132.67672729492188,94.94346618652344,133.02462768554688,89.98505401611328,0.11031604558229446,2.5070149898529053,0.14390161633491516,4.7704243659973145,0.2408982515335083,6.852609157562256,0.33017393946647644,8.852127075195312
26339402997,0,133.54885864257812,128.78753662109375,131.67739868164062,104.09691619873047,132.19810485839844,94.98297119140625,132.40370178222656,90.04566955566406,0.11547854542732239,2.5302202701568604,0.13540291786193848,4.784298419952393,0.21587270498275757,6.840142726898193,0.28840020298957825,8.821048736572266
26364402998,0,134.0227508544922,128.78211975097656,131.97813415527344,104.03181457519531,132.4639129638672,94.97450256347656,132.6532745361328,90.06636047363281,0.12535277009010315,2.5304996967315674,0.1467738002538681,4.794835090637207,0.22962556779384613,6.842811584472656,0.30439579486846924,8.8104887008667
26389402998,0,134.2820281982422,128.7350616455078,132.2852020263672,104.02793884277344,132.68499755859375,94.99110412597656,132.792236328125,90.083740234375,0.13085760176181793,2.532930374145508,0.1581222414970398,4.795463562011719,0.24082422256469727,6.837581634521484,0.3131847679615021,8.801636695861816
26414402998,0,134.59262084960938,129.55941772460938,132.84539794921875,104.51602935791016,133.119873046875,95.28114318847656,133.07180786132812,90.24453735351562,0.13536062836647034,2.4909255504608154,0.1761094182729721,4.717475891113281,0.2598995566368103,6.747414588928223,0.32853421568870544,8.720538139343262
26439402999,0,134.33090209960938,130.01246643066406,132.92173767089844,104.96625518798828,133.21763610839844,95.56556701660156,133.12298583984375,90.38900756835938,0.12897184491157532,2.468348741531372,0.1764409989118576,4.647585391998291,0.2616655230522156,6.661149024963379,0.32924219965934753,8.648883819580078
26464402999,0,134.51611328125,130.2375946044922,132.93406677246094,105.25348663330078,133.05072021484375,95.74172973632812,132.8474578857422,90.47589111328125,0.13223177194595337,2.4572606086730957,0.17535513639450073,4.6039862632751465,0.2514152228832245,6.608756065368652,0.3100696802139282,8.606331825256348
26489403000,0,134.70726013183594,130.73159790039062,133.3372039794922,105.8282241821289,133.55770874023438,96.23155212402344,133.38096618652344,90.83183288574219,0.13496588170528412,2.433227777481079,0.18645979464054108,4.5189690589904785,0.27105987071990967,6.4670796394348145,0.3376901149749756,8.436102867126465
26514403000,0,134.75035095214844,131.79835510253906,133.6263427734375,106.54232025146484,133.91879272460938,96.64854431152344,133.75563049316406,91.08270263671875,0.1334097981452942,2.3826849460601807,0.1924975961446762,4.41727876663208,0.28378698229789734,6.350905418395996,0.35645413398742676,8.319938659667969
26539403000,0,134.58705139160156,131.36473083496094,133.42617797851562,106.01558685302734,133.71604919433594,96.21044921875,133.56570434570312,90.71253204345703,0.13113337755203247,2.4030110836029053,0.1885240226984024,4.491874694824219,0.27902543544769287,6.473065376281738,0.3515104651451111,8.492436408996582
26564403001,0,135.30551147460938,131.58901977539062,134.39320373535156,105.98983001708984,134.4905242919922,96.22160339355469,134.11056518554688,90.75641632080078,0.14488886296749115,2.392460584640503,0.22229014337062836,4.495582103729248,0.3166850507259369,6.469900131225586,0.3850190043449402,8.471631050109863
26589403001,0,135.9872283935547,131.1257781982422,134.69305419921875,105.69576263427734,134.75741577148438,96.05038452148438,134.38092041015625,90.63890075683594,0.15965035557746887,2.414339303970337,0.2347468137741089,4.53830623626709,0.33205440640449524,6.518807888031006,0.40458863973617554,8.527565002441406
26614403001,0,136.00123596191406,131.2075653076172,133.93011474609375,105.69749450683594,133.7484588623047,96.0198974609375,133.25965881347656,90.56790924072266,0.15970942378044128,2.410451650619507,0.20797736942768097,4.538052082061768,0.2828335464000702,6.527589321136475,0.33476895093917847,8.561697959899902
26639403002,0,136.49278259277344,132.0825958251953,133.78152465820312,105.99457550048828,133.39540100097656,96.052001953125,132.7312469482422,90.47341918945312,0.16705210506916046,2.369520664215088,0.20099414885044098,4.494898319244385,0.2651081681251526,6.5183424949646,0.3026767373085022,8.607537269592285
26664403002,0,135.69374084472656,132.64273071289062,133.72479248046875,106.20284271240234,133.45872497558594,96.05238342285156,132.81149291992188,90.37550354003906,0.1499372124671936,2.3439393043518066,0.19780996441841125,4.465092182159424,0.2682154178619385,6.518232822418213,0.30945050716400146,8.655533790588379
26689403003,0,135.285400390625,132.680908203125,133.93858337402344,106.04671478271484,133.96804809570312,95.96884155273438,133.4657745361328,90.3646011352539,0.14189007878303528,2.3422133922576904,0.20613810420036316,4.487401962280273,0.29426315426826477,6.5423455238342285,0.3517392575740814,8.660909652709961
