ts,agent_id,throttle,steer,brake
1976645063,0,0.8999999761581421,0.003395821200683713,0.0
2001645063,0,0.8999999761581421,0.002599471714347601,0.0
2026645064,0,0.8999999761581421,0.0037392277736216784,0.0
2051645064,0,0.8999999761581421,0.0021865174639970064,0.0
2076645065,0,0.8999999761581421,0.0034292142372578382,0.0
2101645065,0,0.8999999761581421,0.003808080218732357,0.0
2126645065,0,0.8999999761581421,0.0028131245635449886,0.0
2151645066,0,0.8999999761581421,0.0039059314876794815,0.0
2176645066,0,0.8999999761581421,0.003375672036781907,0.0
2201645066,0,0.8999999761581421,0.0031398136634379625,0.0
2226645067,0,0.8999999761581421,0.0026510320603847504,0.0
2251645067,0,0.8999999761581421,0.002894045552238822,0.0
2276645068,0,0.8999999761581421,0.002601607469841838,0.0
2301645068,0,0.8999999761581421,0.0025672682095319033,0.0
2326645068,0,0.8999999761581421,0.0024631614796817303,0.0
2351645069,0,0.8999999761581421,0.0024747338611632586,0.0
2376645069,0,0.8999999761581421,0.0024282524827867746,0.0
2401645069,0,0.8999999761581421,0.0024128626100718975,0.0
2426645070,0,0.8999999761581421,0.002557141240686178,0.0
2451645070,0,0.8999999761581421,0.0023346785455942154,0.0
2476645071,0,0.8999999761581421,0.002234953222796321,0.0
2501645071,0,0.8999999761581421,0.002317671896889806,0.0
2526645071,0,0.8999999761581421,0.0023233916144818068,0.0
2551645072,0,0.8999999761581421,0.002431565662845969,0.0
2576645072,0,0.8999999761581421,0.00243536289781332,0.0
2601645072,0,0.8999999761581421,0.0024072490632534027,0.0
2626645073,0,0.8999999761581421,0.0024380756076425314,0.0
2651645073,0,0.8999999761581421,0.002286883071064949,0.0
2676645074,0,0.8999999761581421,0.0025710980407893658,0.0
2701645074,0,0.8999999761581421,0.0024644825607538223,0.0
2726645074,0,0.8999999761581421,0.0026206416077911854,0.0
2751645075,0,0.8999999761581421,0.0026470753364264965,0.0
2776645075,0,0.8999999761581421,0.002704836893826723,0.0
2801645075,0,0.8999999761581421,0.0026433190796524286,0.0
2826645076,0,0.8999999761581421,0.0026387039106339216,0.0
2851645076,0,0.8999999761581421,0.00285137421451509,0.0
2876645077,0,0.8999999761581421,0.0027344506233930588,0.0
2901645077,0,0.8999999761581421,0.0028065983206033707,0.0
2926645077,0,0.8999999761581421,0.0028660688549280167,0.0
2951645078,0,0.8999999761581421,0.0028066697996109724,0.0
2976645078,0,0.8999999761581421,0.0028204640839248896,0.0
3001645078,0,0.8999999761581421,0.002620355226099491,0.0
3026645079,0,0.8999999761581421,0.002764772390946746,0.0
3051645079,0,0.8999999761581421,0.002645143074914813,0.0
3076645080,0,0.8999999761581421,0.002666565589606762,0.0
3101645080,0,0.8999999761581421,0.002683608327060938,0.0
3126645080,0,0.8999999761581421,0.0026755884755402803,0.0
3151645081,0,0.8999999761581421,0.0026176031678915024,0.0
3176645081,0,0.8999999761581421,0.002574422163888812,0.0
3201645081,0,0.8999999761581421,0.0025673529598861933,0.0
3226645082,0,0.8999999761581421,0.002461406635120511,0.0
3251645082,0,0.8999999761581421,0.0025294709485024214,0.0
3276645082,0,0.8999999761581421,0.0024650765117257833,0.0
3301645083,0,0.8999999761581421,0.0025138810742646456,0.0
3326645083,0,0.8999999761581421,0.002600617241114378,0.0
3351645084,0,0.8999999761581421,0.0024454838130623102,0.0
3376645084,0,0.8999999761581421,0.0025820236187428236,0.0
3401645084,0,0.8999999761581421,0.002420096891000867,0.0
3426645085,0,0.8999999761581421,0.0025027308147400618,0.0
3451645085,0,0.8999999761581421,0.002399211982265115,0.0
3476645085,0,0.8999999761581421,0.0024376902729272842,0.0
3501645086,0,0.8999999761581421,0.0024990595411509275,0.0
3526645086,0,0.8999999761581421,0.002546250354498625,0.0
3551645087,0,0.8999999761581421,0.0025487833190709352,0.0
3576645087,0,0.8999999761581421,0.002460047835484147,0.0
3601645087,0,0.8999999761581421,0.0024369475431740284,0.0
3626645088,0,0.8999999761581421,0.0024082877207547426,0.0
3651645088,0,0.8999999761581421,0.002398076467216015,0.0
3676645088,0,0.8999999761581421,0.002365109510719776,0.0
3701645089,0,0.8999999761581421,0.0023921499960124493,0.0
3726645089,0,0.8999999761581421,0.002544939750805497,0.0
3751645090,0,0.8999999761581421,0.002444920362904668,0.0
3776645090,0,0.8999999761581421,0.0024530510418117046,0.0
3801645090,0,0.8999999761581421,0.0023632810916751623,0.0
3826645091,0,0.8999999761581421,0.002391139743849635,0.0
3851645091,0,0.8999999761581421,0.002356786746531725,0.0
3876645091,0,0.8999999761581421,0.002291774610057473,0.0
3901645092,0,0.8999999761581421,0.0024394348729401827,0.0
3926645092,0,0.8999999761581421,0.0024795138742774725,0.0
3951645093,0,0.8999999761581421,0.00249481201171875,0.0
3976645093,0,0.8999999761581421,0.0024786414578557014,0.0
4001645093,0,0.8999999761581421,0.0023601390421390533,0.0
4026645094,0,0.8999999761581421,0.002388601191341877,0.0
4051645094,0,0.8999999761581421,0.0023396997712552547,0.0
4076645094,0,0.8999999761581421,0.002361402614042163,0.0
4101645095,0,0.8999999761581421,0.0023822560906410217,0.0
4126645095,0,0.8999999761581421,0.0025334737729281187,0.0
4151645096,0,0.8999999761581421,0.0024479469284415245,0.0
4176645096,0,0.8999999761581421,0.002500333124771714,0.0
4201645096,0,0.8999999761581421,0.0023907639551907778,0.0
4226645097,0,0.8999999761581421,0.002342263935133815,0.0
4251645097,0,0.8999999761581421,0.0023964629508554935,0.0
4276645097,0,0.8999999761581421,0.0023594575468450785,0.0
4301645098,0,0.8999999761581421,0.00244925613515079,0.0
4326645098,0,0.8999999761581421,0.002562264446169138,0.0
4351645098,0,0.8999999761581421,0.0024549977388232946,0.0
4376645099,0,0.8999999761581421,0.002466547768563032,0.0
4401645099,0,0.8999999761581421,0.002495132153853774,0.0
4426645100,0,0.8999999761581421,0.0025848380755633116,0.0
4451645100,0,0.8999999761581421,0.002647561952471733,0.0
4476645100,0,0.8999999761581421,0.0023809983395040035,0.0
4501645101,0,0.8999999761581421,0.001938666682690382,0.0
4526645101,0,0.8999999761581421,0.0017370764398947358,0.0
4551645101,0,0.8999999761581421,0.0020521117839962244,0.0
4576645102,0,0.8999999761581421,0.0021149965468794107,0.0
4601645102,0,0.8999999761581421,0.002216652501374483,0.0
4626645103,0,0.8999999761581421,0.002273279009386897,0.0
4651645103,0,0.8999999761581421,0.002402908867225051,0.0
4676645103,0,0.8999999761581421,0.0021525584161281586,0.0
4701645104,0,0.8999999761581421,0.002292939927428961,0.0
4726645104,0,0.8999999761581421,0.0025713585782796144,0.0
4751645104,0,0.8999999761581421,0.002619630889967084,0.0
4776645105,0,0.8999999761581421,0.0026980997063219547,0.0
4801645105,0,0.8999999761581421,0.003009340027347207,0.0
4826645106,0,0.8999999761581421,0.0031297975219786167,0.0
4851645106,0,0.8999999761581421,0.0029964097775518894,0.0
4876645106,0,0.8999999761581421,0.0027396059595048428,0.0
4901645107,0,0.8999999761581421,0.002395930700004101,0.0
4926645107,0,0.8999999761581421,0.0026586754247546196,0.0
4951645107,0,0.8999999761581421,0.0023694622796028852,0.0
4976645108,0,0.8999999761581421,0.001357860048301518,0.0
5001645108,0,0.8999999761581421,0.0004684741434175521,0.0
5026645109,0,0.8999999761581421,0.0005720197805203497,0.0
5051645109,0,0.8999999761581421,0.0007215255172923207,0.0
5076645109,0,0.8999999761581421,0.0010704969754442573,0.0
5101645110,0,0.8999999761581421,0.0007692785002291203,0.0
5126645110,0,0.8999999761581421,-8.701376646058634e-05,0.0
5151645110,0,0.8999999761581421,-0.00033483863808214664,0.0
5176645111,0,0.8999999761581421,-0.00041686921031214297,0.0
5201645111,0,0.8999999761581421,-0.00010096869664266706,0.0
5226645112,0,0.8999999761581421,-0.0007010278641246259,0.0
5251645112,0,0.8999999761581421,-0.00023899259394966066,0.0
5276645112,0,0.8999999761581421,0.00039416737854480743,0.0
5301645113,0,0.8999999761581421,0.0005570901557803154,0.0
5326645113,0,0.8999999761581421,0.0009236308396793902,0.0
5351645113,0,0.8999999761581421,0.0014929014723747969,0.0
5376645114,0,0.8999999761581421,0.0013926755636930466,0.0
5401645114,0,0.8999999761581421,0.0016933191800490022,0.0
5426645115,0,0.8999999761581421,0.0009113322012126446,0.0
5451645115,0,0.8999999761581421,0.0006956106517463923,0.0
5476645115,0,0.8999999761581421,0.0015671256696805358,0.0
5501645116,0,0.8999999761581421,0.001277544186450541,0.0
5526645116,0,0.8999999761581421,0.0014853626489639282,0.0
5551645116,0,0.8999999761581421,0.0020582759752869606,0.0
5576645117,0,0.8999999761581421,0.001687008305452764,0.0
5601645117,0,0.8999999761581421,0.002159720053896308,0.0
5626645117,0,0.8999999761581421,0.0014623805182054639,0.0
5651645118,0,0.8999999761581421,0.001488200039602816,0.0
5676645118,0,0.8999999761581421,0.0008686520741321146,0.0
5701645119,0,0.8999999761581421,0.001259835553355515,0.0
5726645119,0,0.8999999761581421,0.0017333668656647205,0.0
5751645119,0,0.8999999761581421,0.002183248521760106,0.0
5776645120,0,0.8999999761581421,0.0020708278752863407,0.0
5801645120,0,0.8999999761581421,0.0017354785231873393,0.0
5826645120,0,0.8999999761581421,0.0013539355713874102,0.0
5851645121,0,0.8999999761581421,0.0011252594413235784,0.0
5876645121,0,0.8999999761581421,0.0011886137071996927,0.0
5901645122,0,0.8999999761581421,0.001027129590511322,0.0
5926645122,0,0.8999999761581421,0.0009197603794746101,0.0
5951645122,0,0.8999999761581421,0.0010422697523608804,0.0
5976645123,0,0.8999999761581421,0.0007576885400339961,0.0
6001645123,0,0.8999999761581421,0.00010480782657396048,0.0
6026645123,0,0.8999999761581421,-0.0004478896444197744,0.0
6051645124,0,0.8999999761581421,-0.0016076985048130155,0.0
6076645124,0,0.8999999761581421,-0.0010314738610759377,0.0
6101645125,0,0.8999999761581421,-0.0012369700707495213,0.0
6126645125,0,0.8999999761581421,-0.0005750521086156368,0.0
6151645125,0,0.8999999761581421,-0.0008172164671123028,0.0
6176645126,0,0.8999999761581421,-0.001415175385773182,0.0
6201645126,0,0.8999999761581421,-0.0013842943590134382,0.0
6226645126,0,0.8999999761581421,-0.0011468641459941864,0.0
6251645127,0,0.8999999761581421,-0.001054322230629623,0.0
6276645127,0,0.8999999761581421,-0.00044657057151198387,0.0
6301645128,0,0.8999999761581421,-9.737430809764192e-05,0.0
6326645128,0,0.8999999761581421,0.0008039844105951488,0.0
6351645128,0,0.8999999761581421,0.0007205621805042028,0.0
6376645129,0,0.8999999761581421,0.000320782681228593,0.0
6401645129,0,0.8999999761581421,0.0006813796935603023,0.0
6426645129,0,0.8999999761581421,0.0017021286766976118,0.0
6451645130,0,0.8999999761581421,0.0028322958387434483,0.0
6476645130,0,0.8999999761581421,0.002582921413704753,0.0
6501645131,0,0.8999999761581421,0.002367488807067275,0.0
6526645131,0,0.8999999761581421,0.00262071518227458,0.0
6551645131,0,0.8999999761581421,0.0022900414187461138,0.0
6576645132,0,0.8566791415214539,0.00213717482984066,0.0
6601645132,0,0.7862746715545654,0.0012342820409685373,0.0
6626645132,0,0.7538537383079529,0.0012472637463361025,0.0
6651645133,0,0.713832676410675,0.0009360105614177883,0.0
6676645133,0,0.6627155542373657,0.00026465559494681656,0.0
6701645134,0,0.6231181621551514,-0.00031339185079559684,0.0
6726645134,0,0.5744897127151489,-0.0005110048805363476,0.0
6751645134,0,0.5165270566940308,-0.0014210749650374055,0.0
6776645135,0,0.5024932622909546,-0.00040269229793921113,0.0
6801645135,0,0.4522724151611328,-0.0005170396179892123,0.0
6826645135,0,0.42443782091140747,-0.000840631197206676,0.0
6851645136,0,0.38169509172439575,-0.0018324486445635557,0.0
6876645136,0,0.392839640378952,-0.0031881360337138176,0.0
6901645136,0,0.37816372513771057,-0.00548603804782033,0.0
6926645137,0,0.35522353649139404,-0.006433635484427214,0.0
6951645137,0,0.32393333315849304,-0.0040803877636790276,0.0
6976645138,0,0.31613439321517944,-0.0022627036087214947,0.0
7001645138,0,0.30754026770591736,-0.004393524955958128,0.0
7026645138,0,0.29378795623779297,-0.00544137554243207,0.0
7051645139,0,0.2869814932346344,-0.006586506497114897,0.0
7076645139,0,0.27650266885757446,-0.0038386217784136534,0.0
7101645139,0,0.2715646028518677,-0.003574392991140485,0.0
7126645140,0,0.28183987736701965,-0.0033324407413601875,0.0
7151645140,0,0.2802557647228241,-0.0040190257132053375,0.0
7176645141,0,0.27922987937927246,-0.005091256927698851,0.0
7201645141,0,0.2732154428958893,-0.0017841877415776253,0.0
7226645141,0,0.28425511717796326,-0.0007923119119368494,0.0
7251645142,0,0.29264044761657715,-0.0007004914223216474,0.0
7276645142,0,0.2878131866455078,2.9684284527320415e-05,0.0
7301645142,0,0.3052605986595154,-0.0008934015640988946,0.0
7326645143,0,0.34268587827682495,-0.0020236896816641092,0.0
7351645143,0,0.3582953214645386,-0.0021348525770008564,0.0
7376645144,0,0.3679410219192505,-0.0034234330523759127,0.0
7401645144,0,0.3650951087474823,-0.0005995454848743975,0.0
7426645144,0,0.35157960653305054,-0.0005192309617996216,0.0
7451645145,0,0.3379563093185425,-0.0004858655156567693,0.0
7476645145,0,0.3192664682865143,-0.000558450527023524,0.0
7501645145,0,0.3046441078186035,-0.00012750824680551887,0.0
7526645146,0,0.3467530906200409,-0.0013745727483183146,0.0
7551645146,0,0.3791423439979553,-0.0010965284891426563,0.0
7576645147,0,0.3754238784313202,-0.0005486591253429651,0.0
7601645147,0,0.38935256004333496,-0.0015861336141824722,0.0
7626645147,0,0.40927422046661377,-0.0027573416009545326,0.0
7651645148,0,0.41290631890296936,-0.003132014535367489,0.0
7676645148,0,0.3957037031650543,-0.002215297892689705,0.0
7701645148,0,0.4239794909954071,-0.003775425488129258,0.0
7726645149,0,0.4259707033634186,-0.0007378596346825361,0.0
7751645149,0,0.4426118731498718,-0.00218534329906106,0.0
7776645150,0,0.4690249562263489,-0.004434874746948481,0.0
7801645150,0,0.4774494469165802,-0.004874927923083305,0.0
7826645150,0,0.49489906430244446,-0.004631286486983299,0.0
7851645151,0,0.5080825686454773,-0.004142523743212223,0.0
7876645151,0,0.5341944694519043,-0.002710758475586772,0.0
7901645151,0,0.5400040149688721,-0.002629658440127969,0.0
7926645152,0,0.5574471950531006,-0.0019930789712816477,0.0
7951645152,0,0.5764657258987427,-0.0038963481783866882,0.0
7976645153,0,0.41991207003593445,0.00020156599930487573,0.0
8001645153,0,0.24131247401237488,0.0021468920167535543,0.0
8026645153,0,0.37128889560699463,0.0037293885834515095,0.0
8051645154,0,0.09765889495611191,0.0058774701319634914,0.0
8076645154,0,0.1250765025615692,0.00996371079236269,0.0
8101645154,0,0.13262702524662018,0.00735256914049387,0.0
8126645155,0,0.12270370125770569,0.011501041240990162,0.0
8151645155,0,0.4547698199748993,0.0069227879866957664,0.0
8176645155,0,0.591123104095459,0.001743548084050417,0.0
8201645156,0,0.6024699211120605,0.0017327606910839677,0.0
8226645156,0,0.5777590870857239,0.002384941326454282,0.0
8251645157,0,0.5459813475608826,0.003571135923266411,0.0
8276645157,0,0.5925319790840149,0.0011795508908107877,0.0
8301645157,0,0.5642828345298767,0.002618802711367607,0.0
8326645158,0,0.6352018117904663,0.0008926431182771921,0.0
8351645158,0,0.6195815205574036,0.0013401941396296024,0.0
8376645158,0,0.643309473991394,0.00043264267151243985,0.0
8401645159,0,0.647034764289856,1.574500674905721e-05,0.0
8426645159,0,0.6592645645141602,-0.0008914947975426912,0.0
8451645160,0,0.6169847249984741,-0.0023429086431860924,0.0
8476645160,0,0.5968431234359741,-0.0036900965496897697,0.0
8501645160,0,0.611106812953949,-0.0025968607515096664,0.0
8526645161,0,0.6103172898292542,-0.002977562602609396,0.0
8551645161,0,0.577623724937439,-0.0023238195572048426,0.0
8576645161,0,0.5870411992073059,-0.003972248639911413,0.0
8601645162,0,0.5433188080787659,-0.006280922330915928,0.0
8626645162,0,0.5733908414840698,-0.00506047997623682,0.0
8651645163,0,0.5505067110061646,-0.004274994134902954,0.0
8676645163,0,0.5337426662445068,-0.0024942783638834953,0.0
8701645163,0,0.5228169560432434,-0.002360264305025339,0.0
8726645164,0,0.4928062856197357,-0.0017778911860659719,0.0
8751645164,0,0.4725910723209381,-0.0010439432226121426,0.0
8776645164,0,0.4682343900203705,-0.0018000607378780842,0.0
8801645165,0,0.3764511048793793,0.002511026570573449,0.0
8826645165,0,0.42058026790618896,0.0033132792450487614,0.0
8851645166,0,0.18901440501213074,0.005147051066160202,0.0
8876645166,0,0.1589871197938919,0.005340297240763903,0.0
8901645166,0,0.0,0.0047119129449129105,1.0
8926645167,0,0.0,0.0054216706193983555,1.0
8951645167,0,0.14760546386241913,0.005392865277826786,0.0
8976645167,0,0.17985899746418,0.004911921918392181,0.0
9001645168,0,0.1938406080007553,0.004665322136133909,0.0
9026645168,0,0.2287333756685257,0.004627278074622154,0.0
9051645169,0,0.2693643271923065,0.003424587193876505,0.0
9076645169,0,0.2761773467063904,0.004992958158254623,0.0
9101645169,0,0.25623103976249695,0.0040550860576331615,0.0
9126645170,0,0.24214735627174377,0.0026504562702029943,0.0
9151645170,0,0.3322083055973053,0.00039565435145050287,0.0
9176645170,0,0.3494017720222473,-0.0011343464720994234,0.0
9201645171,0,0.44741690158843994,-0.0012605000520125031,0.0
9226645171,0,0.5239199995994568,-0.0034462830517441034,0.0
9251645172,0,0.5273287296295166,-0.0047531998716294765,0.0
9276645172,0,0.5156781077384949,-0.010398456826806068,0.0
9301645172,0,0.4908238649368286,-0.007163197733461857,0.0
9326645173,0,0.4926625192165375,-0.005367908161133528,0.0
9351645173,0,0.5232479572296143,-0.00495777977630496,0.0
9376645173,0,0.550386905670166,-0.0079129533842206,0.0
9401645174,0,0.5702694058418274,-0.01190584059804678,0.0
9426645174,0,0.582940936088562,-0.007219125982373953,0.0
9451645174,0,0.5543391704559326,-0.006268723402172327,0.0
9476645175,0,0.5551904439926147,-0.005103757604956627,0.0
9501645175,0,0.5509921312332153,-0.004928069654852152,0.0
9526645176,0,0.5377817749977112,-0.003950213082134724,0.0
9551645176,0,0.5325701832771301,-0.0032618080731481314,0.0
9576645176,0,0.5271601676940918,-0.005239762365818024,0.0
9601645177,0,0.5294387936592102,-0.0022198911756277084,0.0
9626645177,0,0.5312121510505676,0.0001797165023162961,0.0
9651645177,0,0.5188130736351013,0.0011370485881343484,0.0
9676645178,0,0.49186235666275024,0.0023278393782675266,0.0
9701645178,0,0.5255950689315796,0.0007171001634560525,0.0
9726645179,0,0.5236344933509827,0.000839458720292896,0.0
9751645179,0,0.5285629630088806,0.00043384224409237504,0.0
9776645179,0,0.503582239151001,0.000883038155734539,0.0
9801645180,0,0.5226387977600098,0.0005846698768436909,0.0
9826645180,0,0.526140034198761,0.0001736604026518762,0.0
9851645180,0,0.5185405015945435,-0.00011960230767726898,0.0
9876645181,0,0.5438898205757141,0.00016652996418997645,0.0
9901645181,0,0.5297340750694275,0.0013202769914641976,0.0
9926645182,0,0.5497451424598694,0.0014248343650251627,0.0
9951645182,0,0.5471802353858948,0.0002975899260491133,0.0
9976645182,0,0.5290195345878601,0.00019950271234847605,0.0
10001645183,0,0.5310617089271545,-0.0004712958470918238,0.0
10026645183,0,0.5076006054878235,-0.0003665890544652939,0.0
10051645183,0,0.5146563053131104,-0.00010517922055441886,0.0
10076645184,0,0.4880596995353699,-0.0008447179570794106,0.0
10101645184,0,0.4698862135410309,-0.001367267221212387,0.0
10126645185,0,0.49517661333084106,-0.001473416923545301,0.0
10151645185,0,0.5502102971076965,-0.0007021946948952973,0.0
10176645185,0,0.5454679131507874,-0.00042017045780085027,0.0
10201645186,0,0.5214108824729919,0.00028892126283608377,0.0
10226645186,0,0.5306556820869446,0.00017446721903979778,0.0
10251645186,0,0.5274466872215271,0.00033863793942146003,0.0
10276645187,0,0.49722781777381897,0.0007572246249765158,0.0
10301645187,0,0.48670923709869385,0.0018481651786714792,0.0
10326645188,0,0.46260279417037964,0.002844382543116808,0.0
10351645188,0,0.4297380745410919,0.001914151944220066,0.0
10376645188,0,0.38919293880462646,0.0021309165749698877,0.0
10401645189,0,0.3165432810783386,0.0012497353600338101,0.0
10426645189,0,0.3038610517978668,0.0014073533238843083,0.0
10451645189,0,0.38249439001083374,0.0020643691532313824,0.0
10476645190,0,0.4095768630504608,0.0027977991849184036,0.0
10501645190,0,0.41167008876800537,0.0021895936224609613,0.0
10526645191,0,0.46054187417030334,0.0018677052576094866,0.0
10551645191,0,0.475925087928772,0.0020944932475686073,0.0
10576645191,0,0.5098625421524048,0.0021208208054304123,0.0
10601645192,0,0.493590772151947,0.0011502265697345138,0.0
10626645192,0,0.4922909438610077,0.001086185104213655,0.0
10651645192,0,0.48964083194732666,0.0016718709375709295,0.0
10676645193,0,0.47438281774520874,0.0015146300429478288,0.0
10701645193,0,0.4566071927547455,0.0013303287560120225,0.0
10726645193,0,0.47375065088272095,0.0019520168425515294,0.0
10751645194,0,0.4783515930175781,0.0021414421498775482,0.0
10776645194,0,0.45784395933151245,0.0012089676456525922,0.0
10801645195,0,0.48294633626937866,0.0007387276273220778,0.0
10826645195,0,0.5163351893424988,-0.00023371627321466804,0.0
10851645195,0,0.5044860243797302,-0.00016543714446015656,0.0
10876645196,0,0.5155615210533142,-0.0005660889437422156,0.0
10901645196,0,0.5220590829849243,-0.0007111948798410594,0.0
10926645196,0,0.5024784207344055,-0.0011532376520335674,0.0
10951645197,0,0.5177431106567383,-0.0006982075283303857,0.0
10976645197,0,0.4937506914138794,0.00044496121699921787,0.0
11001645198,0,0.4783147871494293,-0.0008780606440268457,0.0
11026645198,0,0.48378655314445496,-0.0017660834128037095,0.0
11051645198,0,0.48359015583992004,-0.0016097973566502333,0.0
11076645199,0,0.4825257658958435,-0.0016274505760520697,0.0
11101645199,0,0.45559051632881165,-0.001310148392803967,0.0
11126645199,0,0.4087713658809662,-0.003053376218304038,0.0
11151645200,0,0.4084220826625824,-0.002637262688949704,0.0
11176645200,0,0.40720322728157043,-0.0025976775214076042,0.0
11201645201,0,0.4238229990005493,-0.002320656320080161,0.0
11226645201,0,0.4339381456375122,-1.6198933735722676e-05,0.0
11251645201,0,0.4086543321609497,0.0013096489710733294,0.0
11276645202,0,0.39925095438957214,0.004705491010099649,0.0
11301645202,0,0.44321995973587036,0.003636701498180628,0.0
11326645202,0,0.4255464971065521,0.0022742552682757378,0.0
11351645203,0,0.1103372871875763,0.002140703611075878,0.0
11376645203,0,0.1412743330001831,0.00293573341332376,0.0
11401645204,0,0.13944320380687714,0.004256164189428091,0.0
11426645204,0,0.24309620261192322,0.003759088460355997,0.0
11451645204,0,0.12526759505271912,0.0005480415420606732,0.0
11476645205,0,0.13346710801124573,0.0024749417789280415,0.0
11501645205,0,0.3507916033267975,0.003477599238976836,0.0
11526645205,0,0.17787089943885803,0.005297254305332899,0.0
11551645206,0,0.0,0.004334315657615662,1.0
11576645206,0,0.0,0.00686455937102437,1.0
11601645207,0,0.0,0.01069493219256401,1.0
11626645207,0,0.0,0.005736943334341049,1.0
11651645207,0,0.0,0.006652632728219032,1.0
11676645208,0,0.0,0.0034582584630697966,1.0
11701645208,0,0.0,0.008720086887478828,1.0
11726645208,0,0.0,0.002540155779570341,1.0
11751645209,0,0.0,0.005079642869532108,1.0
11776645209,0,0.0,0.004150696098804474,1.0
11801645210,0,0.0,0.013328028842806816,1.0
11826645210,0,0.0,0.0039545828476548195,1.0
11851645210,0,0.1739456206560135,0.005282634869217873,0.0
11876645211,0,0.0,0.01746360771358013,1.0
11901645211,0,0.0,0.008649159222841263,1.0
11926645211,0,0.0,0.020434487611055374,1.0
11951645212,0,0.0,-0.0014783232472836971,1.0
11976645212,0,0.0,0.0014683014014735818,1.0
12001645212,0,0.0,-8.790026913629845e-05,1.0
12026645213,0,0.0,0.01159648597240448,1.0
12051645213,0,0.0,0.011184606701135635,1.0
12076645214,0,0.0,0.003392031416296959,1.0
12101645214,0,0.0,-0.002432122128084302,1.0
12126645214,0,0.0,0.010132231749594212,1.0
12151645215,0,0.0,0.013885308988392353,1.0
12176645215,0,0.0,0.01595705933868885,1.0
12201645215,0,0.0,0.009111078456044197,1.0
12226645216,0,0.0,0.01310101617127657,1.0
12251645216,0,0.0,0.019258935004472733,1.0
12276645217,0,0.0,0.01915828138589859,1.0
12301645217,0,0.0,0.019202131778001785,1.0
12326645217,0,0.0,0.016419542953372,1.0
12351645218,0,0.0,0.01824486255645752,1.0
12376645218,0,0.0,0.009161527268588543,1.0
12401645218,0,0.0,-0.004360785707831383,1.0
12426645219,0,0.0,-0.004145863465964794,1.0
12451645219,0,0.0,0.0011440068483352661,1.0
12476645220,0,0.0,0.0013755944091826677,1.0
12501645220,0,0.0,0.00034975833841599524,1.0
12526645220,0,0.0,0.011591359041631222,1.0
12551645221,0,0.0,-0.0021639091428369284,1.0
12576645221,0,0.2874993681907654,0.0007535946788266301,0.0
12601645221,0,0.8823859095573425,0.00028582490631379187,0.0
12626645222,0,0.8999999761581421,-0.0017005022382363677,0.0
12651645222,0,0.8999999761581421,0.0013929943088442087,0.0
12676645223,0,0.8999999761581421,0.002187415026128292,0.0
12701645223,0,0.8999999761581421,0.0032843947410583496,0.0
12726645223,0,0.8999999761581421,0.004599904641509056,0.0
12751645224,0,0.8999999761581421,0.0037182937376201153,0.0
12776645224,0,0.8999999761581421,0.003114599036052823,0.0
12801645224,0,0.8999999761581421,0.0022430839017033577,0.0
12826645225,0,0.8999999761581421,0.0011056240182369947,0.0
12851645225,0,0.8999999761581421,0.00038260300061665475,0.0
12876645226,0,0.8999999761581421,-9.588020475348458e-05,0.0
12901645226,0,0.8999999761581421,-0.0010642317356541753,0.0
12926645226,0,0.8999999761581421,-0.002534495433792472,0.0
12951645227,0,0.8999999761581421,-0.003734687576070428,0.0
12976645227,0,0.8999999761581421,-0.0069652134552598,0.0
13001645227,0,0.8999999761581421,-0.007394091226160526,0.0
13026645228,0,0.8999999761581421,-0.0078329648822546,0.0
13051645228,0,0.8999999761581421,-0.011082352139055729,0.0
13076645229,0,0.8999999761581421,-0.00894931796938181,0.0
13101645229,0,0.8999999761581421,-0.009141553193330765,0.0
13126645229,0,0.8999999761581421,-0.010243933647871017,0.0
13151645230,0,0.8999999761581421,-0.011976536363363266,0.0
13176645230,0,0.8999999761581421,-0.013713272288441658,0.0
13201645230,0,0.8999999761581421,-0.013119145296514034,0.0
13226645231,0,0.8999999761581421,-0.013543766923248768,0.0
13251645231,0,0.8999999761581421,-0.012174783274531364,0.0
13276645231,0,0.8999999761581421,-0.012792383320629597,0.0
13301645232,0,0.8999999761581421,-0.012859685346484184,0.0
13326645232,0,0.8999999761581421,-0.013732477091252804,0.0
13351645233,0,0.8999999761581421,-0.017022758722305298,0.0
13376645233,0,0.8999999761581421,-0.0163141880184412,0.0
13401645233,0,0.8999999761581421,-0.018625319004058838,0.0
13426645234,0,0.8999999761581421,-0.01944931223988533,0.0
13451645234,0,0.8999999761581421,-0.019134366884827614,0.0
13476645234,0,0.8999999761581421,-0.020004652440547943,0.0
13501645235,0,0.8999999761581421,-0.01648928038775921,0.0
13526645235,0,0.8999999761581421,-0.013687432743608952,0.0
13551645236,0,0.8999999761581421,-0.010126246139407158,0.0
13576645236,0,0.8999999761581421,-0.01117646787315607,0.0
13601645236,0,0.8999999761581421,-0.011307677254080772,0.0
13626645237,0,0.8999999761581421,-0.011096705682575703,0.0
13651645237,0,0.8999999761581421,-0.010707836598157883,0.0
13676645237,0,0.8999999761581421,-0.010286055505275726,0.0
13701645238,0,0.8999999761581421,-0.010075976140797138,0.0
13726645238,0,0.8999999761581421,-0.009564624167978764,0.0
13751645239,0,0.8999999761581421,-0.010511305183172226,0.0
13776645239,0,0.8999999761581421,-0.01191195659339428,0.0
13801645239,0,0.8999999761581421,-0.013722253032028675,0.0
13826645240,0,0.8999999761581421,-0.012830018997192383,0.0
13851645240,0,0.8999999761581421,-0.009880253113806248,0.0
13876645240,0,0.8999999761581421,-0.008530747145414352,0.0
13901645241,0,0.8999999761581421,-0.0076928334310650826,0.0
13926645241,0,0.8999999761581421,-0.007423375267535448,0.0
13951645242,0,0.8999999761581421,-0.006945495493710041,0.0
13976645242,0,0.8999999761581421,-0.0067304284311831,0.0
14001645242,0,0.8999999761581421,-0.008211029693484306,0.0
14026645243,0,0.8999999761581421,-0.008612808771431446,0.0
14051645243,0,0.8999999761581421,-0.008305160328745842,0.0
14076645243,0,0.8999999761581421,-0.007636378984898329,0.0
14101645244,0,0.8999999761581421,-0.006883268244564533,0.0
14126645244,0,0.8999999761581421,-0.006477805320173502,0.0
14151645245,0,0.8999999761581421,-0.005787263624370098,0.0
14176645245,0,0.8999999761581421,-0.004356794059276581,0.0
14201645245,0,0.8999999761581421,-0.0035001218784600496,0.0
14226645246,0,0.8999999761581421,-0.002695830073207617,0.0
14251645246,0,0.8999999761581421,-0.0031358508858829737,0.0
14276645246,0,0.8999999761581421,-0.003809917951002717,0.0
14301645247,0,0.8999999761581421,-0.0029812182765454054,0.0
14326645247,0,0.8999999761581421,-0.0028957242611795664,0.0
14351645248,0,0.8999999761581421,-0.0026266430504620075,0.0
14376645248,0,0.8999999761581421,-0.0020897076465189457,0.0
14401645248,0,0.8999999761581421,-0.0009053301764652133,0.0
14426645249,0,0.8999999761581421,-2.4214445147663355e-05,0.0
14451645249,0,0.8999999761581421,-0.0001507821143604815,0.0
14476645249,0,0.8999999761581421,0.0003933591360691935,0.0
14501645250,0,0.8999999761581421,0.0004476036410778761,0.0
14526645250,0,0.8999999761581421,-2.3603997760801576e-05,0.0
14551645250,0,0.8999999761581421,0.00017887126887217164,0.0
14576645251,0,0.8999999761581421,6.769144238205627e-05,0.0
14601645251,0,0.8999999761581421,0.0006961428443901241,0.0
14626645252,0,0.8999999761581421,0.0013186989817768335,0.0
14651645252,0,0.8999999761581421,0.0007627912564203143,0.0
14676645252,0,0.8999999761581421,0.0004110450390726328,0.0
14701645253,0,0.8999999761581421,0.0010720964055508375,0.0
14726645253,0,0.8999999761581421,0.001417308347299695,0.0
14751645253,0,0.8999999761581421,0.0010864355135709047,0.0
14776645254,0,0.8999999761581421,0.0017158403061330318,0.0
14801645254,0,0.8999999761581421,0.0037470217794179916,0.0
14826645255,0,0.8999999761581421,0.004278227221220732,0.0
14851645255,0,0.8999999761581421,0.004552575759589672,0.0
14876645255,0,0.8999999761581421,0.004550720099359751,0.0
14901645256,0,0.8999999761581421,0.00402107322588563,0.0
14926645256,0,0.8999999761581421,0.004298269283026457,0.0
14951645256,0,0.8999999761581421,0.004061742685735226,0.0
14976645257,0,0.8999999761581421,0.0022937937173992395,0.0
15001645257,0,0.8999999761581421,0.0017450066516175866,0.0
15026645258,0,0.8999999761581421,0.002377080963924527,0.0
15051645258,0,0.8999999761581421,0.0019639311358332634,0.0
15076645258,0,0.8999999761581421,0.0024709946010261774,0.0
15101645259,0,0.8999999761581421,0.002826523035764694,0.0
15126645259,0,0.8999999761581421,0.0029592791106551886,0.0
15151645259,0,0.8999999761581421,0.0019169566221535206,0.0
15176645260,0,0.8999999761581421,0.000571276992559433,0.0
15201645260,0,0.8999999761581421,0.0005543196457438171,0.0
15226645261,0,0.8999999761581421,0.0008471825276501477,0.0
15251645261,0,0.8999999761581421,0.000924423395190388,0.0
15276645261,0,0.8999999761581421,0.0011753062717616558,0.0
15301645262,0,0.8999999761581421,0.0015578281600028276,0.0
15326645262,0,0.8999999761581421,0.002292562974616885,0.0
15351645262,0,0.8999999761581421,0.0026257922872900963,0.0
15376645263,0,0.8999999761581421,0.0026102180127054453,0.0
15401645263,0,0.8999999761581421,0.0040397923439741135,0.0
15426645264,0,0.8999999761581421,0.003986061550676823,0.0
15451645264,0,0.8999999761581421,0.004189501516520977,0.0
15476645264,0,0.8999999761581421,0.004008857067674398,0.0
15501645265,0,0.8999999761581421,0.00493610231205821,0.0
15526645265,0,0.8999999761581421,0.003518109442666173,0.0
15551645265,0,0.8999999761581421,0.0037195745389908552,0.0
15576645266,0,0.8999999761581421,0.003209464717656374,0.0
15601645266,0,0.8999999761581421,0.0031159494537860155,0.0
15626645267,0,0.8999999761581421,0.0028669789899140596,0.0
15651645267,0,0.8999999761581421,0.002918098820373416,0.0
15676645267,0,0.8999999761581421,0.002489695092663169,0.0
15701645268,0,0.8999999761581421,0.003031314816325903,0.0
15726645268,0,0.8999999761581421,0.002840301487594843,0.0
15751645268,0,0.8999999761581421,0.0023361039347946644,0.0
15776645269,0,0.8999999761581421,0.003469643648713827,0.0
15801645269,0,0.8999999761581421,0.0020812368020415306,0.0
15826645269,0,0.8999999761581421,0.0021496866829693317,0.0
15851645270,0,0.8999999761581421,0.0012869513593614101,0.0
15876645270,0,0.8999999761581421,-0.0006653884775005281,0.0
15901645271,0,0.8999999761581421,-0.003233551047742367,0.0
15926645271,0,0.841134786605835,-0.0029357150197029114,0.0
15951645271,0,0.8224239349365234,-0.00264765159226954,0.0
15976645272,0,0.8382630944252014,-0.001400292618200183,0.0
16001645272,0,0.8290506601333618,-0.001265557250007987,0.0
16026645272,0,0.7676424980163574,-0.0029917494393885136,0.0
16051645273,0,0.7566831707954407,-0.004008844494819641,0.0
16076645273,0,0.7071194052696228,-0.00411120755597949,0.0
16101645274,0,0.6778203248977661,-0.0038818696048110723,0.0
16126645274,0,0.63729327917099,-0.0025698544923216105,0.0
16151645274,0,0.6272631287574768,-0.002110319212079048,0.0
16176645275,0,0.6008108258247375,-0.0024308457504957914,0.0
16201645275,0,0.5606350302696228,-0.0016357933636754751,0.0
16226645275,0,0.5327143669128418,-0.0005644553457386792,0.0
16251645276,0,0.4869658052921295,0.0029643902089446783,0.0
16276645276,0,0.4502970278263092,0.003931259270757437,0.0
16301645277,0,0.41487881541252136,0.004183711484074593,0.0
16326645277,0,0.4076196551322937,0.0035517781507223845,0.0
16351645277,0,0.40158116817474365,0.0035646187607198954,0.0
16376645278,0,0.36339518427848816,0.0027010352350771427,0.0
16401645278,0,0.3633798062801361,0.003121558576822281,0.0
16426645278,0,0.3394855260848999,0.0028478202875703573,0.0
16451645279,0,0.3220764100551605,0.0009899106808006763,0.0
16476645279,0,0.2988024950027466,0.0016398358857259154,0.0
16501645280,0,0.2703661024570465,0.0012384228175505996,0.0
16526645280,0,0.2852587103843689,0.0012302336981520057,0.0
16551645280,0,0.28662362694740295,0.001094138016924262,0.0
16576645281,0,0.26327598094940186,-0.0006814849912188947,0.0
16601645281,0,0.25192585587501526,-0.0006754929199814796,0.0
16626645281,0,0.25429660081863403,-0.0008597457781434059,0.0
16651645282,0,0.25405973196029663,-0.0018801263067871332,0.0
16676645282,0,0.24585244059562683,-0.0020433408208191395,0.0
16701645283,0,0.2742714583873749,-0.0032648262567818165,0.0
16726645283,0,0.26193684339523315,-0.0030345406848937273,0.0
16751645283,0,0.2564908266067505,-0.0028948632534593344,0.0
16776645284,0,0.23979486525058746,-0.0034227813594043255,0.0
16801645284,0,0.2442789375782013,-0.003720613196492195,0.0
16826645284,0,0.25894948840141296,-0.0051569268107414246,0.0
16851645285,0,0.2555050551891327,-0.004792504478245974,0.0
16876645285,0,0.2577480375766754,-0.0047048889100551605,0.0
16901645286,0,0.2661566436290741,-0.0037931897677481174,0.0
16926645286,0,0.27730754017829895,-0.001941267866641283,0.0
16951645286,0,0.29460448026657104,-0.0010799510637298226,0.0
16976645287,0,0.2877204716205597,-0.0010984224500134587,0.0
17001645287,0,0.32483839988708496,0.00012016863911412656,0.0
17026645287,0,0.33998286724090576,0.0005187642527744174,0.0
17051645288,0,0.3294451832771301,0.002684086561203003,0.0
17076645288,0,0.31962037086486816,0.0019673320930451155,0.0
17101645288,0,0.30993175506591797,0.0029145043808966875,0.0
17126645289,0,0.3274192214012146,0.0028848215006291866,0.0
17151645289,0,0.3390423059463501,0.002352164825424552,0.0
17176645290,0,0.3620529770851135,0.003427583957090974,0.0
17201645290,0,0.3679742217063904,0.0037970871198922396,0.0
17226645290,0,0.371396541595459,0.002234103623777628,0.0
17251645291,0,0.3817075192928314,0.0024088213685899973,0.0
17276645291,0,0.38909241557121277,0.001896594068966806,0.0
17301645291,0,0.41265228390693665,0.003261690028011799,0.0
17326645292,0,0.42342889308929443,0.004429750610142946,0.0
17351645292,0,0.4102242588996887,0.004392913077026606,0.0
17376645293,0,0.4088711440563202,0.0028208212461322546,0.0
17401645293,0,0.43622609972953796,0.002970309928059578,0.0
17426645293,0,0.45207175612449646,0.0027464190497994423,0.0
17451645294,0,0.4658932685852051,0.0038739736191928387,0.0
17476645294,0,0.4671752154827118,0.004926103167235851,0.0
17501645294,0,0.46067121624946594,0.004962389823049307,0.0
17526645295,0,0.4696950316429138,0.004714432638138533,0.0
17551645295,0,0.47960612177848816,0.0045400806702673435,0.0
17576645296,0,0.49158453941345215,0.006430225912481546,0.0
17601645296,0,0.4848582446575165,0.0070526255294680595,0.0
17626645296,0,0.47798022627830505,0.00885742623358965,0.0
17651645297,0,0.4767705202102661,0.009426834993064404,0.0
17676645297,0,0.46458613872528076,0.01296987198293209,0.0
17701645297,0,0.4567410349845886,0.011864179745316505,0.0
17726645298,0,0.4496082067489624,0.012325884774327278,0.0
17751645298,0,0.4591529369354248,0.012609717436134815,0.0
17776645299,0,0.46931615471839905,0.013747007586061954,0.0
17801645299,0,0.40671586990356445,0.012248772196471691,0.0
17826645299,0,0.40174952149391174,0.00929194688796997,0.0
17851645300,0,0.3745447099208832,0.007464967202395201,0.0
17876645300,0,0.4036233425140381,0.006938198581337929,0.0
17901645300,0,0.4187107980251312,0.006869844160974026,0.0
17926645301,0,0.44587087631225586,0.006124303210526705,0.0
17951645301,0,0.4529931843280792,0.006887187249958515,0.0
17976645302,0,0.464703232049942,0.006923116743564606,0.0
18001645302,0,0.4587254822254181,0.007893839851021767,0.0
18026645302,0,0.4876253306865692,0.007719586603343487,0.0
18051645303,0,0.49569171667099,0.005207126960158348,0.0
18076645303,0,0.5076212882995605,0.004109544213861227,0.0
18101645303,0,0.5015853047370911,0.003688934026286006,0.0
18126645304,0,0.4944753348827362,0.0026162313297390938,0.0
18151645304,0,0.4893728196620941,0.0033382948022335768,0.0
18176645305,0,0.5030724406242371,0.003043150994926691,0.0
18201645305,0,0.4986361563205719,0.0025856278371065855,0.0
18226645305,0,0.49688979983329773,0.0026615739334374666,0.0
18251645306,0,0.5061331987380981,0.0027069547213613987,0.0
18276645306,0,0.5261120200157166,0.0028193583711981773,0.0
18301645306,0,0.5129502415657043,0.0029969047755002975,0.0
18326645307,0,0.4780943989753723,0.00415841257199645,0.0
18351645307,0,0.47877535223960876,0.004096246790140867,0.0
18376645307,0,0.45037418603897095,0.004462918266654015,0.0
18401645308,0,0.45051512122154236,0.0044090463779866695,0.0
18426645308,0,0.4500707983970642,0.005152775906026363,0.0
18451645309,0,0.4291467070579529,0.00534356152638793,0.0
18476645309,0,0.4318905472755432,0.006323486100882292,0.0
18501645309,0,0.44271165132522583,0.005395591724663973,0.0
18526645310,0,0.42680755257606506,0.006012489087879658,0.0
18551645310,0,0.41641396284103394,0.005964032839983702,0.0
18576645310,0,0.405358225107193,0.005492122378200293,0.0
18601645311,0,0.3984168767929077,0.0052505843341350555,0.0
18626645311,0,0.3819284439086914,0.0025386475026607513,0.0
18651645312,0,0.3863504230976105,0.0019108876585960388,0.0
18676645312,0,0.39416295289993286,0.0013301835861057043,0.0
18701645312,0,0.40223047137260437,0.0012722777901217341,0.0
18726645313,0,0.426894873380661,0.0019643951673060656,0.0
18751645313,0,0.4137904644012451,0.0009722888353280723,0.0
18776645313,0,0.4102019965648651,-1.84557429747656e-05,0.0
18801645314,0,0.39776015281677246,-0.0006379311089403927,0.0
18826645314,0,0.41169440746307373,-0.0008284407667815685,0.0
18851645315,0,0.419014036655426,-0.001244793413206935,0.0
18876645315,0,0.4229785203933716,-0.0012104546185582876,0.0
18901645315,0,0.429648220539093,-0.0007637417875230312,0.0
18926645316,0,0.42478251457214355,-0.00011952973727602512,0.0
18951645316,0,0.4143514037132263,-0.0002767393598333001,0.0
18976645316,0,0.4187690019607544,-0.00047475649625994265,0.0
19001645317,0,0.42362353205680847,-0.0012065856717526913,0.0
19026645317,0,0.4230894148349762,-0.0024400309193879366,0.0
19051645318,0,0.41082653403282166,-0.0007874482544139028,0.0
19076645318,0,0.40557044744491577,-0.0007641587289981544,0.0
19101645318,0,0.4037662744522095,8.65698020788841e-05,0.0
19126645319,0,0.40062475204467773,-0.0002327116671949625,0.0
19151645319,0,0.4107416570186615,0.0011079662945121527,0.0
19176645319,0,0.38975298404693604,0.0012170671252533793,0.0
19201645320,0,0.3867150545120239,0.001845552702434361,0.0
19226645320,0,0.3922910690307617,0.002154294401407242,0.0
19251645321,0,0.38139039278030396,0.0021465891040861607,0.0
19276645321,0,0.3721158504486084,0.0021287379786372185,0.0
19301645321,0,0.3753672242164612,0.0033343646209686995,0.0
19326645322,0,0.3398423492908478,0.0004283083544578403,0.0
19351645322,0,0.36034196615219116,0.0026499226223677397,0.0
19376645322,0,0.30314934253692627,0.004034155979752541,0.0
19401645323,0,0.19658499956130981,0.00534715736284852,0.0
19426645323,0,0.26029348373413086,0.0030104457400739193,0.0
19451645324,0,0.37920284271240234,0.002110777422785759,0.0
19476645324,0,0.3779463469982147,0.0017896718345582485,0.0
19501645324,0,0.37666523456573486,0.0022221452090889215,0.0
19526645325,0,0.3967750668525696,0.001302589662373066,0.0
19551645325,0,0.44359737634658813,-0.00018504832405596972,0.0
19576645325,0,0.39390620589256287,0.0002840846427716315,0.0
19601645326,0,0.37110838294029236,-0.0007058502524159849,0.0
19626645326,0,0.41767504811286926,-0.001656141597777605,0.0
19651645326,0,0.4804151654243469,-0.0030411246698349714,0.0
19676645327,0,0.45120084285736084,-0.0021121762692928314,0.0
19701645327,0,0.46062731742858887,-0.0013114532921463251,0.0
19726645328,0,0.4418352544307709,-0.002079244703054428,0.0
19751645328,0,0.4293827414512634,-0.00270997011102736,0.0
19776645328,0,0.39302992820739746,-0.0021383273415267467,0.0
19801645329,0,0.3616054952144623,-0.0037154052406549454,0.0
19826645329,0,0.40900662541389465,-0.003099050372838974,0.0
19851645329,0,0.4327352046966553,-0.001262771082110703,0.0
19876645330,0,0.4676482379436493,0.00015049752255436033,0.0
19901645330,0,0.4190758466720581,-3.879974610754289e-05,0.0
19926645331,0,0.43567341566085815,-0.00010936840408248827,0.0
19951645331,0,0.43919503688812256,-0.0006509526283480227,0.0
19976645331,0,0.4229937791824341,-0.00012758935918100178,0.0
20001645332,0,0.4293113648891449,0.00035581871634349227,0.0
20026645332,0,0.4206880033016205,0.0007289305794984102,0.0
20051645332,0,0.43126294016838074,0.0009047638741321862,0.0
20076645333,0,0.4280208945274353,0.0007612672634422779,0.0
20101645333,0,0.43693485856056213,0.0011587785556912422,0.0
20126645334,0,0.4384959936141968,0.001136533566750586,0.0
20151645334,0,0.45813873410224915,0.001944933319464326,0.0
20176645334,0,0.45974668860435486,0.002795000094920397,0.0
20201645335,0,0.4572101831436157,0.003394880099222064,0.0
20226645335,0,0.4723424017429352,0.0029063636902719736,0.0
20251645335,0,0.4822791814804077,0.002655122196301818,0.0
20276645336,0,0.47692999243736267,0.002487078309059143,0.0
20301645336,0,0.46303462982177734,0.0022700787521898746,0.0
20326645337,0,0.46805036067962646,0.002547666197642684,0.0
20351645337,0,0.45631811022758484,0.00203489838168025,0.0
20376645337,0,0.4622774124145508,0.0012647119583562016,0.0
20401645338,0,0.46370595693588257,0.0006843024166300893,0.0
20426645338,0,0.5031415224075317,-0.00043215887853875756,0.0
20451645338,0,0.5318640470504761,-0.0007371780229732394,0.0
20476645339,0,0.534818172454834,-0.0017575201345607638,0.0
20501645339,0,0.5158619284629822,-0.0034750651102513075,0.0
20526645340,0,0.49058905243873596,-0.002793826162815094,0.0
20551645340,0,0.4999232590198517,-0.0052020614966750145,0.0
20576645340,0,0.5046257972717285,-0.007342983968555927,0.0
20601645341,0,0.5052975416183472,-0.0068906378000974655,0.0
20626645341,0,0.49223068356513977,-0.00609010411426425,0.0
20651645341,0,0.5017515420913696,-0.004665322136133909,0.0
20676645342,0,0.4622192978858948,-0.004111745394766331,0.0
20701645342,0,0.44829055666923523,-0.006177167408168316,0.0
20726645343,0,0.44547972083091736,-0.004068224225193262,0.0
