ts,agent_id,x,y,z,v
2042006937,0,192.36241149902344,-86.26268005371094,0.4919061064720154,0.0
2067006938,0,192.36241149902344,-86.26268005371094,0.4383743107318878,0.0
2092006938,0,192.36241149902344,-86.26268005371094,0.3787320554256439,0.0
2117006938,0,192.36241149902344,-86.26268005371094,0.31298086047172546,0.0
2142006939,0,192.36241149902344,-86.26268005371094,0.24112220108509064,0.0
2167006939,0,192.36241149902344,-86.26268005371094,0.16315768659114838,0.0
2192006940,0,192.36241149902344,-86.26268005371094,0.08290393650531769,0.0
2217006940,0,192.36241149902344,-86.26268005371094,0.026514854282140732,3.6289351747441226e-08
2242006940,0,192.36241149902344,-86.26268005371094,-0.008726844564080238,8.50091701163166e-08
2267006941,0,192.36241149902344,-86.26268005371094,-0.029134521260857582,4.0662377513826585e-08
2292006941,0,192.36241149902344,-86.26268005371094,-0.03932075574994087,8.343774206404828e-08
2317006941,0,192.36241149902344,-86.26268005371094,-0.04107673466205597,0.0002860024204707198
2342006942,0,192.36244201660156,-86.26265716552734,-0.03865554556250572,0.0011600600585175312
2367006942,0,192.36241149902344,-86.26264190673828,-0.03404334932565689,0.00048387803402064343
2392006943,0,192.36241149902344,-86.26263427734375,-0.028247259557247162,0.00013421807953818037
2417006943,0,192.36241149902344,-86.26263427734375,-0.02195255272090435,4.478507955865244e-05
2442006943,0,192.36241149902344,-86.26263427734375,-0.015612182207405567,0.00012737343825932023
2467006944,0,192.36241149902344,-86.26263427734375,-0.009513740427792072,0.00016132762978665014
2492006944,0,192.36244201660156,-86.26264190673828,-0.003827972337603569,0.0001694199417482209
2517006944,0,192.36244201660156,-86.26264190673828,0.0013550567673519254,0.00016453035364434097
2542006945,0,192.36244201660156,-86.26264190673828,0.006000022869557142,0.00015290881997679194
2567006945,0,192.36244201660156,-86.26265716552734,0.01010768860578537,0.00013935450264351132
2592006945,0,192.36244201660156,-86.26265716552734,0.013701400719583035,0.00012438936648774012
2617006946,0,192.36244201660156,-86.26265716552734,0.016817854717373848,0.00011083270127640595
2642006946,0,192.36245727539062,-86.26266479492188,0.01950054056942463,9.763968330961114e-05
2667006947,0,192.36245727539062,-86.26266479492188,0.021795349195599556,8.603373490035224e-05
2692006947,0,192.36245727539062,-86.26266479492188,0.023747749626636505,7.524552008361688e-05
2717006947,0,192.36245727539062,-86.26266479492188,0.02540103904902935,6.578593221221937e-05
2742006948,0,192.36245727539062,-86.2626724243164,0.026795310899615288,5.742427744117651e-05
2767006948,0,192.36245727539062,-86.2626724243164,0.02796676568686962,5.0176989283343364e-05
2792006948,0,192.36245727539062,-86.2626724243164,0.028947867453098297,4.362338839824218e-05
2817006949,0,192.36245727539062,-86.2626724243164,0.029767073690891266,3.834511341577782e-05
2842006949,0,192.36245727539062,-86.2626724243164,0.030449293553829193,3.322247988744173e-05
2867006950,0,192.36245727539062,-86.2626724243164,0.031016044318675995,2.916690976139853e-05
2892006950,0,192.36245727539062,-86.2626724243164,0.0314859002828598,2.4751400069633384e-05
2917006950,0,192.36245727539062,-86.2626724243164,0.031874578446149826,2.2750472028407376e-05
2942006951,0,192.36245727539062,-86.2626724243164,0.032195623964071274,1.89749854184247e-05
2967006951,0,192.36245727539062,-86.2626724243164,0.03246017545461655,1.7113480365899602e-05
2992006951,0,192.36245727539062,-86.2626724243164,0.03267795592546463,1.419748373813735e-05
3017006952,0,192.36245727539062,-86.2626724243164,0.032856862992048264,1.2372209459935061e-05
3042006952,0,192.36245727539062,-86.2626724243164,0.033003728836774826,1.0759380837882773e-05
3067006953,0,192.36245727539062,-86.2626724243164,0.033124085515737534,9.604776373204742e-06
3092006953,0,192.36245727539062,-86.2626724243164,0.03322257846593857,7.887866056487524e-06
3117006953,0,192.36245727539062,-86.2626724243164,0.033303145319223404,6.963892852952615e-06
3142006954,0,192.36245727539062,-86.2626724243164,0.033368948847055435,5.543698022449375e-06
3167006954,0,192.36245727539062,-86.2626724243164,0.033422622829675674,5.057765348434723e-06
3192006954,0,192.36245727539062,-86.26268005371094,0.033466413617134094,4.456217287370746e-06
3217006955,0,192.36245727539062,-86.26268005371094,0.0334714874625206,4.07236888411397e-07
3242006955,0,192.36245727539062,-86.26268005371094,0.03348476439714432,3.2464760779541946e-07
3267006956,0,192.36245727539062,-86.26268005371094,0.03350048139691353,3.794185907034295e-07
3292006956,0,192.36245727539062,-86.26268005371094,0.033516958355903625,4.1256249008818e-07
3317006956,0,192.36245727539062,-86.26268005371094,0.033533286303281784,4.454396273454179e-07
3342006957,0,192.36245727539062,-86.26268005371094,0.03354877233505249,3.611882162166235e-07
3367006957,0,192.36245727539062,-86.26268005371094,0.0335630401968956,2.519208908299555e-07
3392006957,0,192.36245727539062,-86.26268005371094,0.033575933426618576,2.9746027072097866e-07
3417006958,0,192.36245727539062,-86.26268005371094,0.0335874930024147,2.3540768284314046e-07
3442006958,0,192.36245727539062,-86.26268005371094,0.0335976779460907,2.189842278393267e-07
3467006959,0,192.36245727539062,-86.26268005371094,0.033606529235839844,1.608949450646619e-07
3492006959,0,192.36245727539062,-86.26268005371094,0.033614158630371094,1.5036835416748642e-07
3517006959,0,192.36245727539062,-86.26268005371094,0.033620718866586685,1.4641678565641845e-07
3542006960,0,192.36245727539062,-86.26268005371094,0.03362636640667915,1.0427982063954775e-07
3567006960,0,192.36245727539062,-86.26268005371094,0.03363117203116417,8.146329852130609e-08
3592006960,0,192.36245727539062,-86.26268005371094,0.033635213971138,1.274193557502299e-07
3617006961,0,192.36245727539062,-86.26268005371094,0.03363853320479393,7.199469134072182e-08
3642006961,0,192.36245727539062,-86.26268005371094,0.03363853320479393,7.744089319115749e-08
3667006962,0,192.36245727539062,-86.26268005371094,0.033640097826719284,2.221883395339167e-08
3692006962,0,192.36245727539062,-86.26268005371094,0.03364143148064613,7.784585727731711e-08
3717006962,0,192.36245727539062,-86.26268005371094,0.033642884343862534,6.654358178890346e-08
3742006963,0,192.36245727539062,-86.26268005371094,0.03364429250359535,4.793211988506797e-08
3767006963,0,192.36245727539062,-86.26268005371094,0.033645667135715485,3.0390943448375285e-08
3792006963,0,192.36245727539062,-86.26268005371094,0.03364696353673935,7.943018473198551e-08
3817006964,0,192.36245727539062,-86.26268005371094,0.03364810720086098,2.0640257331886796e-08
3842006964,0,192.36245727539062,-86.26268005371094,0.03364913910627365,8.387914065084726e-08
3867006964,0,192.36245727539062,-86.26268005371094,0.03364913910627365,1.1841092932961789e-07
3892006965,0,192.36245727539062,-86.26268005371094,0.03365085646510124,1.169980777837638e-07
3917006965,0,192.36245727539062,-86.26268005371094,0.03365085646510124,1.0894189446953783e-08
3942006966,0,192.36245727539062,-86.26268005371094,0.03365215286612511,3.6633320964789695e-08
3967006966,0,192.36245727539062,-86.26268005371094,0.03365215286612511,1.9773686490009468e-08
3992006966,0,192.36245727539062,-86.26268005371094,0.03365215286612511,4.369321165827921e-08
4017006967,0,192.36245727539062,-86.26268005371094,0.03365344926714897,8.01161654989123e-08
4042006967,0,192.36245727539062,-86.26268005371094,0.03365344926714897,1.5110144856996054e-08
4067006967,0,192.36245727539062,-86.26268005371094,0.03365344926714897,5.797044712943604e-08
4092006968,0,192.36245727539062,-86.26268005371094,0.03365344926714897,9.982619452885955e-08
4117006968,0,192.36245727539062,-86.26268005371094,0.03365344926714897,3.4721041008419633e-08
4142006969,0,192.36245727539062,-86.26268005371094,0.03365344926714897,8.98692893243982e-09
4167006969,0,192.36245727539062,-86.26268005371094,0.03365344926714897,9.056421286010843e-09
4192006969,0,192.36245727539062,-86.26268005371094,0.03365344926714897,4.7098699382425784e-08
4217006970,0,192.36245727539062,-86.26268005371094,0.03365451842546463,8.046821167855214e-09
4242006970,0,192.36245727539062,-86.26268005371094,0.03365451842546463,6.291270699640843e-09
4267006970,0,192.36245727539062,-86.26268005371094,0.03365451842546463,4.867198062993694e-09
4292006971,0,192.36245727539062,-86.26268005371094,0.03365451842546463,4.212920114500322e-09
4317006971,0,192.36245727539062,-86.26268005371094,0.03365451842546463,4.5069034276501424e-09
4342006972,0,192.36245727539062,-86.26268005371094,0.03365451842546463,3.814165103204788e-09
4367006972,0,192.36245727539062,-86.26266479492188,0.03365615755319595,0.0013503099761439847
4392006972,0,192.36251831054688,-86.25653839111328,0.03353576734662056,0.32008296532138014
4417006973,0,192.3626708984375,-86.24254608154297,0.03333118185400963,0.6300485495127279
4442006973,0,192.36294555664062,-86.22095489501953,0.033091239631175995,0.9304902741699459
4467006973,0,192.36328125,-86.1920394897461,0.03284618258476257,1.2209842055527873
4492006974,0,192.3636932373047,-86.15605926513672,0.032613907009363174,1.5012425923868864
4517006974,0,192.36419677734375,-86.11328887939453,0.03240463137626648,1.7710925574262864
4542006975,0,192.36471557617188,-86.06398010253906,0.03222297504544258,2.030455484100578
4567006975,0,192.36534118652344,-86.00841522216797,0.03207053989171982,2.279347473173542
4592006975,0,192.36602783203125,-85.94684600830078,0.03194698318839073,2.5178626116490777
4617006976,0,192.36679077148438,-85.87953186035156,0.03185058385133743,2.7461710242937065
4642006976,0,192.3675994873047,-85.80671691894531,0.031779058277606964,2.9645056895342683
4667006976,0,192.3684539794922,-85.72865295410156,0.031729698181152344,3.1731585721256548
4692006977,0,192.36935424804688,-85.64555358886719,0.03169979155063629,3.372469225473397
4717006977,0,192.3703155517578,-85.55765533447266,0.03168682008981705,3.5628125226693927
4742006978,0,192.37130737304688,-85.46516418457031,0.03168819472193718,3.7445928634997947
4767006978,0,192.37234497070312,-85.36830139160156,0.03170158341526985,3.918235029089242
4792006978,0,192.37342834472656,-85.26724243164062,0.03172489255666733,4.084251656493949
4817006979,0,192.37454223632812,-85.16217803955078,0.031756170094013214,4.243355575991994
4842006979,0,192.3756866455078,-85.05325317382812,0.03179347887635231,4.39601985177736
4867006979,0,192.37681579589844,-84.94064331054688,0.03183551877737045,4.5425827720098875
4892006980,0,192.37794494628906,-84.82447814941406,0.03188106417655945,4.683371119160187
4917006980,0,192.3791046142578,-84.70488739013672,0.03192893788218498,4.818710924532184
4942006981,0,192.38026428222656,-84.58201599121094,0.031978338956832886,4.948935304537595
4967006981,0,192.38148498535156,-84.45598602294922,0.03217636048793793,5.075278222791485
4992006981,0,192.38270568847656,-84.32687377929688,0.03242797777056694,5.196698302102559
5017006982,0,192.3839569091797,-84.1948013305664,0.03259078785777092,5.313932051801302
5042006982,0,192.38526916503906,-84.05986022949219,0.03269592300057411,5.42723084425855
5067006982,0,192.38661193847656,-83.92216491699219,0.03276435658335686,5.536865052118604
5092006983,0,192.3880157470703,-83.78179168701172,0.03280956298112869,5.643093579299523
5117006983,0,192.389404296875,-83.6388168334961,0.03284057602286339,5.746163734744641
5142006983,0,192.3907928466797,-83.49333190917969,0.03286346420645714,5.846313117702013
5167006984,0,192.39222717285156,-83.34536743164062,0.03288154676556587,5.94375355025242
5192006984,0,192.39366149902344,-83.19503021240234,0.03289730101823807,6.038686397167939
5217006985,0,192.39511108398438,-83.0423583984375,0.03291206434369087,6.131297861829841
5242006985,0,192.39659118652344,-82.88741302490234,0.0329265221953392,6.221760265908601
5267006985,0,192.3981170654297,-82.73023986816406,0.03294109180569649,6.310232084890277
5292006986,0,192.399658203125,-82.5708999633789,0.03295581787824631,6.396858148183172
5317006986,0,192.40126037597656,-82.40940856933594,0.03297092393040657,6.481771429570323
5342006986,0,192.40286254882812,-82.2458267211914,0.032986219972372055,6.565093427509345
5367006987,0,192.4044647216797,-82.08019256591797,0.03300144150853157,6.646932679393401
5392006987,0,192.4060821533203,-81.91253662109375,0.033016663044691086,6.72739561380387
5417006988,0,192.40771484375,-81.7428970336914,0.033031806349754333,6.806573869546382
5442006988,0,192.4093475341797,-81.5712890625,0.03304668515920639,6.884550848494332
5467006988,0,192.41099548339844,-81.39775848388672,0.03306121751666069,6.961403307454264
5492006989,0,192.4126739501953,-81.22232818603516,0.03307540714740753,7.037203403643803
5517006989,0,192.4143524169922,-81.0450210571289,0.03308902680873871,7.112013997076527
5542006989,0,192.4160919189453,-80.86585235595703,0.03310234099626541,7.185893516510925
5567006990,0,192.41778564453125,-80.68486022949219,0.033115044236183167,7.258893541038531
5592006990,0,192.41952514648438,-80.50204467773438,0.03312728926539421,7.331068097624816
5617006991,0,192.4212188720703,-80.31745147705078,0.03313884511590004,7.402456541703026
5642006991,0,192.4229278564453,-80.1310806274414,0.03315009921789169,7.47309762253941
5667006991,0,192.42454528808594,-79.94296264648438,0.03316066786646843,7.543026484585439
5692006992,0,192.42616271972656,-79.75310516357422,0.03317081555724144,7.612291794809618
5717006992,0,192.427734375,-79.5615234375,0.03318050131201744,7.6809154983060814
5742006992,0,192.42929077148438,-79.36823272705078,0.033189620822668076,7.7489246578484865
5767006993,0,192.43077087402344,-79.17326354980469,0.0331982783973217,7.816334904145696
5792006993,0,192.43215942382812,-78.97660827636719,0.03320670872926712,7.883173697820218
5817006994,0,192.43348693847656,-78.7782974243164,0.03321468457579613,7.9494884331439
5842006994,0,192.4347686767578,-78.57833099365234,0.033222198486328125,8.015276843694778
5867006994,0,192.4359130859375,-78.3767318725586,0.03322940692305565,8.08087968575398
5892006995,0,192.43701171875,-78.17498016357422,0.033268433064222336,8.073296706299388
5917006995,0,192.43798828125,-77.97329711914062,0.03332584351301193,8.069168523998911
5942006995,0,192.4388885498047,-77.77169036865234,0.033389776945114136,8.065871230309776
5967006996,0,192.43972778320312,-77.57015991210938,0.0334535576403141,8.062822965888996
5992006996,0,192.44053649902344,-77.36869812011719,0.033513449132442474,8.059846543042818
6017006997,0,192.4413299560547,-77.16729736328125,0.03356807678937912,8.0568897870519
6042006997,0,192.44204711914062,-76.96597290039062,0.033616941422224045,8.053936150099606
6067006997,0,192.44276428222656,-76.76471710205078,0.033659856766462326,8.050988845406312
6092006998,0,192.4435577392578,-76.56352996826172,0.03369739279150963,8.048034986400145
6117006998,0,192.44436645507812,-76.36241149902344,0.03372989594936371,8.04508604137146
6142006998,0,192.44528198242188,-76.16136169433594,0.03375812619924545,8.04212691107622
6167006999,0,192.44622802734375,-75.96038818359375,0.03378238528966904,8.03918313813492
6192006999,0,192.4472198486328,-75.75949096679688,0.033803291618824005,8.036232898802957
6217006999,0,192.44830322265625,-75.55864715576172,0.0338212214410305,8.033286447880185
6242007000,0,192.4493865966797,-75.35789489746094,0.033836591988801956,8.030343773118355
6267007000,0,192.45054626464844,-75.1572036743164,0.03384983167052269,8.027404298825541
6292007001,0,192.45175170898438,-74.95658874511719,0.03386116027832031,8.024459419130354
6317007001,0,192.45301818847656,-74.75603485107422,0.03387092426419258,8.021523426399822
6342007001,0,192.45433044433594,-74.55557250976562,0.03387924283742905,8.018587800617224
6367007002,0,192.45567321777344,-74.35517120361328,0.03388652577996254,8.015655422986129
6392007002,0,192.45704650878906,-74.15409088134766,0.03387424349784851,8.07149174459541
6417007002,0,192.4584503173828,-73.95020294189453,0.03381034731864929,8.180784387809785
6442007003,0,192.45989990234375,-73.7436752319336,0.03372665494680405,8.28404117093119
6467007003,0,192.4613037109375,-73.53468322753906,0.03364059329032898,8.381064031619918
6492007004,0,192.46275329589844,-73.32339477539062,0.033561933785676956,8.47092855637206
6517007004,0,192.46414184570312,-73.11003875732422,0.03349582478404045,8.552208551515683
6542007004,0,192.46546936035156,-72.89482879638672,0.033444710075855255,8.624420240452958
6567007005,0,192.4667205810547,-72.677978515625,0.033408813178539276,8.688515069056946
6592007005,0,192.4678497314453,-72.45968627929688,0.0333869531750679,8.744452102877249
6617007005,0,192.46897888183594,-72.24017333984375,0.03337841108441353,8.791597577376043
6642007006,0,192.4700927734375,-72.0196762084961,0.033382147550582886,8.828847903228201
6667007006,0,192.47113037109375,-71.7984390258789,0.0333978645503521,8.85588440691266
6692007007,0,192.4720916748047,-71.57673645019531,0.033424146473407745,8.872778921261142
6717007007,0,192.4729766845703,-71.35478973388672,0.03345947340130806,8.880604214628196
6742007007,0,192.47384643554688,-71.13280487060547,0.03350188955664635,8.880308363860841
6767007008,0,192.47470092773438,-70.91101837158203,0.03355083242058754,8.868817939571777
6792007008,0,192.47560119628906,-70.68994140625,0.03361141309142113,8.835616969729074
6817007008,0,192.47653198242188,-70.4700927734375,0.033685531467199326,8.781630836811749
6842007009,0,192.47747802734375,-70.25186920166016,0.033770523965358734,8.716346856573052
6867007009,0,192.4783477783203,-70.03510284423828,0.03385329991579056,8.657170169489568
6892007010,0,192.4792022705078,-69.8200454711914,0.033935125917196274,8.588926604973674
6917007010,0,192.48001098632812,-69.60636901855469,0.03400474414229393,8.537384853538002
6942007010,0,192.4808349609375,-69.3938980102539,0.034060895442962646,8.488312060073202
6967007011,0,192.48171997070312,-69.18265533447266,0.034106940031051636,8.439014126087741
6992007011,0,192.4826202392578,-68.9726333618164,0.03414527699351311,8.389812210425049
7017007011,0,192.48353576660156,-68.76382446289062,0.034176941961050034,8.341630682453332
7042007012,0,192.4844512939453,-68.55618286132812,0.03420276567339897,8.294634045594858
7067007012,0,192.48541259765625,-68.34970092773438,0.034223441034555435,8.248790001933463
7092007013,0,192.48635864257812,-68.14434814453125,0.034240033477544785,8.203221157822316
7117007013,0,192.48733520507812,-67.94011688232422,0.034253042191267014,8.159042611359718
7142007013,0,192.4883575439453,-67.73697662353516,0.03426315262913704,8.11490100457905
7167007014,0,192.48948669433594,-67.53494262695312,0.034271202981472015,8.070937790249571
7192007014,0,192.49061584472656,-67.33397674560547,0.03427715227007866,8.02827826601549
7217007014,0,192.49176025390625,-67.13408660888672,0.03428180515766144,7.98496345147379
7242007015,0,192.49290466308594,-66.93529510498047,0.034285809844732285,7.941152144222162
7267007015,0,192.49407958984375,-66.73755645751953,0.034288711845874786,7.898900599084278
7292007016,0,192.4953155517578,-66.54086303710938,0.03429016098380089,7.857881538929119
7317007016,0,192.4966583251953,-66.34516143798828,0.034289855509996414,7.818649145040393
7342007016,0,192.498046875,-66.15040588378906,0.034288253635168076,7.7805524571620595
7367007017,0,192.4994354248047,-65.95655822753906,0.03428409621119499,7.745783923151163
7392007017,0,192.500732421875,-65.76346588134766,0.03427654132246971,7.716676535182968
7417007017,0,192.50192260742188,-65.57097625732422,0.0342642217874527,7.693922368675303
7442007018,0,192.50296020507812,-65.37893676757812,0.03424663469195366,7.677687580239716
7467007018,0,192.50390625,-65.18718719482422,0.03422439470887184,7.66672797217736
7492007018,0,192.50485229492188,-64.99563598632812,0.03419860824942589,7.6597294080216205
7517007019,0,192.50575256347656,-64.80419158935547,0.03417079895734787,7.656538543899908
7542007019,0,192.5066680908203,-64.61273956298828,0.03414100408554077,7.657637457831442
7567007020,0,192.50762939453125,-64.42118072509766,0.03410976380109787,7.663056919329677
7592007020,0,192.5086212158203,-64.2293701171875,0.0340762697160244,7.6747901428349445
7617007020,0,192.5096893310547,-64.03715515136719,0.03404022008180618,7.69285473057257
7642007021,0,192.51075744628906,-63.844364166259766,0.03400154039263725,7.716922272548459
7667007021,0,192.51187133789062,-63.6508674621582,0.03396075963973999,7.746417979754822
7692007021,0,192.51300048828125,-63.4565544128418,0.033918991684913635,7.779946126823991
7717007022,0,192.51422119140625,-63.26133346557617,0.03387695178389549,7.817218338266798
7742007022,0,192.51548767089844,-63.06510925292969,0.03383518010377884,7.858024082154746
7767007023,0,192.5167999267578,-62.86781692504883,0.03379428759217262,7.901948425480193
7792007023,0,192.51815795898438,-62.66937255859375,0.03375469148159027,7.948530331290126
7817007023,0,192.51956176757812,-62.4697151184082,0.033716581761837006,7.997391894131501
7842007024,0,192.52101135253906,-62.26880645751953,0.03368034213781357,8.048196394046416
7867007024,0,192.52255249023438,-62.06660079956055,0.03364627808332443,8.100656734474896
7892007024,0,192.52423095703125,-61.86353302001953,0.03362617269158363,8.116979248203963
7917007025,0,192.52603149414062,-61.66059112548828,0.033633194863796234,8.11633053220539
7942007025,0,192.52796936035156,-61.45774459838867,0.03365360200405121,8.113927002893409
7967007026,0,192.53001403808594,-61.254974365234375,0.03367992490530014,8.111120508593675
7992007026,0,192.53208923339844,-61.05228042602539,0.033707618713378906,8.108199864998939
8017007026,0,192.53424072265625,-60.84966278076172,0.03373439610004425,8.105238621670697
8042007027,0,192.5365447998047,-60.64712142944336,0.03375961259007454,8.102258528385168
8067007027,0,192.5389862060547,-60.44465637207031,0.033782120794057846,8.099263178772768
8092007027,0,192.5415802001953,-60.24226760864258,0.03380218520760536,8.096269567584327
8117007028,0,192.5443115234375,-60.039955139160156,0.0338197685778141,8.093294614458511
8142007028,0,192.54718017578125,-59.83770751953125,0.033835068345069885,8.090315898465066
8167007029,0,192.55010986328125,-59.63554000854492,0.03384841978549957,8.087360907075116
8192007029,0,192.5531005859375,-59.43344497680664,0.03385990113019943,8.08440880771765
8217007029,0,192.55616760253906,-59.23141860961914,0.033869706094264984,8.08144076845745
8242007030,0,192.5593719482422,-59.02946472167969,0.03387817367911339,8.078472588263523
8267007030,0,192.56265258789062,-58.82759475708008,0.033885419368743896,8.07551907434316
8292007030,0,192.5659942626953,-58.62580108642578,0.03389167785644531,8.07256474084482
8317007031,0,192.56922912597656,-58.424076080322266,0.033897094428539276,8.069593577956825
8342007031,0,192.57241821289062,-58.222415924072266,0.033901672810316086,8.066638100011588
8367007032,0,192.57550048828125,-58.02082824707031,0.033905599266290665,8.063669915916245
8392007032,0,192.5785369873047,-57.81932067871094,0.03390903398394585,8.060710165154232
8417007032,0,192.58154296875,-57.616336822509766,0.03387794271111488,8.137499137870039
8442007033,0,192.58453369140625,-57.41154479980469,0.0338251106441021,8.208268260214664
8467007033,0,192.58753967285156,-57.20502853393555,0.03376537188887596,8.276448257077814
8492007033,0,192.59054565429688,-56.99685287475586,0.03370678052306175,8.342403983194703
8517007034,0,192.59361267089844,-56.78706741333008,0.03365280106663704,8.406448546050996
8542007034,0,192.59674072265625,-56.57571792602539,0.03360534459352493,8.46884878092006
8567007035,0,192.5998992919922,-56.36284637451172,0.03356475755572319,8.52983897158883
8592007035,0,192.60308837890625,-56.14847183227539,0.03353061527013779,8.589612381475824
8617007035,0,192.6063232421875,-55.93263244628906,0.03350219503045082,8.648332797428939
8642007036,0,192.6096649169922,-55.71535110473633,0.03347888961434364,8.706144047372915
8667007036,0,192.61302185058594,-55.49663543701172,0.033459968864917755,8.763177227370166
8692007036,0,192.61648559570312,-55.27651596069336,0.03344482183456421,8.81934675844929
8717007037,0,192.6200408935547,-55.05501937866211,0.03343307599425316,8.874197288247883
8742007037,0,192.62368774414062,-54.83218765258789,0.03342464193701744,8.927633229904226
8767007037,0,192.62738037109375,-54.60804748535156,0.03341926634311676,8.979319294857607
8792007038,0,192.63121032714844,-54.382659912109375,0.03341647982597351,9.029140988102746
8817007038,0,192.63519287109375,-54.15607452392578,0.033416517078876495,9.076648672041292
8842007039,0,192.6392364501953,-53.9283447265625,0.033419419080019,9.121887798964572
8867007039,0,192.6433563232422,-53.69952392578125,0.03342479467391968,9.164810100819045
8892007039,0,192.64752197265625,-53.46969223022461,0.03343219682574272,9.205202381342724
8917007040,0,192.65179443359375,-53.238895416259766,0.03344200178980827,9.243030754458491
8942007040,0,192.6562042236328,-53.00720977783203,0.03345363587141037,9.278161959601187
8967007040,0,192.6607208251953,-52.77470016479492,0.03346729278564453,9.310400111584194
8992007041,0,192.665283203125,-52.54143524169922,0.033482473343610764,9.340220518790218
9017007041,0,192.66993713378906,-52.30746841430664,0.03349880129098892,9.367564499342109
9042007042,0,192.6746368408203,-52.07286834716797,0.03351634740829468,9.392402247457145
9067007042,0,192.6793975830078,-51.837703704833984,0.03353481367230415,9.414582610751962
9092007042,0,192.6841583251953,-51.60203552246094,0.0335540771484375,9.4339920563374
9117007043,0,192.68893432617188,-51.36593246459961,0.033574484288692474,9.450447189843688
9142007043,0,192.6936492919922,-51.12947463989258,0.0335957333445549,9.464114538442727
9167007043,0,192.69827270507812,-50.892723083496094,0.03361763060092926,9.475057277647567
9192007044,0,192.70278930664062,-50.65576171875,0.033640287816524506,9.482604197201717
9217007044,0,192.7072296142578,-50.4186897277832,0.03366431966423988,9.485812902357226
9242007045,0,192.7115936279297,-50.18160629272461,0.03368980437517166,9.485444415236422
9267007045,0,192.71592712402344,-49.944583892822266,0.033716123551130295,9.482226644125513
9292007045,0,192.72021484375,-49.70769500732422,0.03374294191598892,9.476392126688985
9317007046,0,192.72439575195312,-49.47098159790039,0.03376930207014084,9.468765591707454
9342007046,0,192.72845458984375,-49.23450469970703,0.033795394003391266,9.458596957095198
9367007046,0,192.73248291015625,-48.99831771850586,0.03382091596722603,9.446307388932937
9392007047,0,192.7364044189453,-48.76247787475586,0.0338459387421608,9.432110221547015
9417007047,0,192.74026489257812,-48.52703094482422,0.03387008607387543,9.416194759789473
9442007048,0,192.7440948486328,-48.291996002197266,0.03389320150017738,9.398707529450482
9467007048,0,192.7478790283203,-48.057430267333984,0.03391536697745323,9.379780237532223
9492007048,0,192.7516326904297,-47.8233642578125,0.03393642231822014,9.359526173912036
9517007049,0,192.7554473876953,-47.58982467651367,0.033956412225961685,9.338047423805987
9542007049,0,192.75929260253906,-47.35684585571289,0.03397537022829056,9.31543942212908
9567007049,0,192.76319885253906,-47.124446868896484,0.03399326279759407,9.291793138365037
9592007050,0,192.76710510253906,-46.89265441894531,0.03401004895567894,9.267199709609518
9617007050,0,192.77105712890625,-46.661502838134766,0.034025877714157104,9.241734149749178
9642007051,0,192.7749786376953,-46.43099594116211,0.03404064103960991,9.215462655286572
9667007051,0,192.77896118164062,-46.20115661621094,0.03405448794364929,9.188445721504394
9692007051,0,192.78302001953125,-45.97200393676758,0.034067343920469284,9.161106412721137
9717007052,0,192.78717041015625,-45.74351119995117,0.03407832980155945,9.135008559749819
9742007052,0,192.79136657714844,-45.51565170288086,0.034087445586919785,9.1096749936595
9767007052,0,192.7955780029297,-45.28841781616211,0.034094542264938354,9.085073545202928
9792007053,0,192.7997589111328,-45.06178283691406,0.0340997688472271,9.061454526461196
9817007053,0,192.803955078125,-44.83571243286133,0.03410324081778526,9.038762195711296
9842007054,0,192.80813598632812,-44.61018371582031,0.034104764461517334,9.017450782112403
9867007054,0,192.8123016357422,-44.38515853881836,0.03410472720861435,8.99758833635627
9892007054,0,192.81646728515625,-44.16059494018555,0.03410281985998154,8.979666449992525
9917007055,0,192.82058715820312,-43.936439514160156,0.034098777920007706,8.963550932516807
9942007055,0,192.82460021972656,-43.71267318725586,0.034093666821718216,8.948185887056567
9967007055,0,192.8284912109375,-43.489261627197266,0.034087713807821274,8.934040696442937
9992007056,0,192.83230590820312,-43.26620101928711,0.03408122807741165,8.920148013025688
10017007056,0,192.83604431152344,-43.04348373413086,0.03407485783100128,8.906250246829092
10042007056,0,192.83978271484375,-42.82110595703125,0.034068793058395386,8.893148092280594
10067007057,0,192.84347534179688,-42.599021911621094,0.03406227007508278,8.881609111997557
10092007057,0,192.84716796875,-42.377201080322266,0.034055136144161224,8.871607511238324
10117007058,0,192.85081481933594,-42.15559005737305,0.03404708951711655,8.863420515374933
10142007058,0,192.8544464111328,-41.934165954589844,0.03403850644826889,8.856299905935545
10167007058,0,192.85806274414062,-41.71288299560547,0.03402923420071602,8.850657191126997
10192007059,0,192.8616180419922,-41.49172592163086,0.034019697457551956,8.845915381361456
10217007059,0,192.86509704589844,-41.27067184448242,0.03401000797748566,8.842059129116729
10242007059,0,192.8684844970703,-41.049720764160156,0.034000929445028305,8.837854715441269
10267007060,0,192.8718719482422,-40.82883834838867,0.03399188816547394,8.835690846873506
10292007060,0,192.875244140625,-40.60795593261719,0.03398197144269943,8.836269217297728
10317007061,0,192.87863159179688,-40.38700485229492,0.03397060185670853,8.839672916343769
10342007061,0,192.8820037841797,-40.16592025756836,0.033957745879888535,8.84566470206326
10367007061,0,192.88534545898438,-39.94464111328125,0.03394363448023796,8.85396758106923
10392007062,0,192.88868713378906,-39.72311782836914,0.033928412944078445,8.864121768101343
10417007062,0,192.8920135498047,-39.50131607055664,0.033912964165210724,8.875528976645182
10442007062,0,192.89537048339844,-39.279205322265625,0.033897627145051956,8.88815297398005
10467007063,0,192.898681640625,-39.05675506591797,0.03388240560889244,8.902158988156902
10492007063,0,192.90200805664062,-38.83392333984375,0.03386729955673218,8.91772560477515
10517007064,0,192.90528869628906,-38.610679626464844,0.033852387219667435,8.934525281587188
10542007064,0,192.9085693359375,-38.38699722290039,0.03383815661072731,8.95212151444843
10567007064,0,192.9118194580078,-38.16286849975586,0.033824384212493896,8.970341373730903
10592007065,0,192.91500854492188,-37.93827438354492,0.03381168469786644,8.988688246279771
10617007065,0,192.91818237304688,-37.71323776245117,0.03380046784877777,9.006577950163908
10642007065,0,192.92124938964844,-37.48775863647461,0.03379085287451744,9.0238445544577
10667007066,0,192.9242706298828,-37.26186752319336,0.03378314897418022,9.040425587837145
10692007066,0,192.92726135253906,-37.03557586669922,0.03377712145447731,9.056216329705848
10717007067,0,192.9302520751953,-36.80890655517578,0.03377281129360199,9.07095622292503
10742007067,0,192.93325805664062,-36.581905364990234,0.0337705984711647,9.08387159386182
10767007067,0,192.9362335205078,-36.354610443115234,0.03377040848135948,9.09539080014793
10792007068,0,192.9391326904297,-36.12704086303711,0.03377170488238335,9.10638050125852
10817007068,0,192.9419708251953,-35.89919662475586,0.033773764967918396,9.117103183262605
10842007068,0,192.94476318359375,-35.671085357666016,0.033776093274354935,9.128023070329755
10867007069,0,192.947509765625,-35.442684173583984,0.03377803787589073,9.139704510684327
10892007069,0,192.95021057128906,-35.2139778137207,0.033779218792915344,9.152242136114843
10917007070,0,192.952880859375,-34.98493957519531,0.0337795615196228,9.165662768852895
10942007070,0,192.95550537109375,-34.75554656982422,0.033778801560401917,9.179918670031636
10967007070,0,192.95809936523438,-34.52578353881836,0.033777352422475815,9.194736056070727
10992007071,0,192.960693359375,-34.29564666748047,0.033775366842746735,9.20991543201641
11017007071,0,192.96327209472656,-34.065128326416016,0.03377315402030945,9.224992911666256
11042007071,0,192.96583557128906,-33.8342399597168,0.033771246671676636,9.239703888583028
11067007072,0,192.96835327148438,-33.60298538208008,0.03376957029104233,9.254275005558773
11092007072,0,192.9708709716797,-33.37137222290039,0.03376838564872742,9.268412253707632
11117007073,0,192.97335815429688,-33.139427185058594,0.03376785293221474,9.281745520951544
11142007073,0,192.975830078125,-32.907161712646484,0.03376815840601921,9.294302229719019
11167007073,0,192.9783172607422,-32.674591064453125,0.03376922383904457,9.306166116184347
11192007074,0,192.9807891845703,-32.44174575805664,0.0337710939347744,9.317105912076698
11217007074,0,192.98333740234375,-32.208641052246094,0.03377380222082138,9.327198351630495
11242007074,0,192.98583984375,-31.975299835205078,0.03377704694867134,9.336746022624158
11267007075,0,192.98837280273438,-31.741727828979492,0.03378063067793846,9.345694382744817
11292007075,0,192.99087524414062,-31.507946014404297,0.03378459811210632,9.354117328089439
11317007075,0,192.993408203125,-31.273962020874023,0.03378875553607941,9.361948382022296
11342007076,0,192.99595642089844,-31.039798736572266,0.03379329666495323,9.368828091602886
11367007076,0,192.99853515625,-30.805484771728516,0.03379833325743675,9.374649221138009
11392007077,0,193.00111389160156,-30.571046829223633,0.03380370885133743,9.379438550210844
11417007077,0,193.0037078857422,-30.33650779724121,0.03380981460213661,9.383177828680314
11442007077,0,193.0063018798828,-30.101898193359375,0.03381645306944847,9.385690317805288
11467007078,0,193.00889587402344,-29.86725425720215,0.03382369875907898,9.386704985217753
11492007078,0,193.01150512695312,-29.632612228393555,0.033831559121608734,9.386535158669222
11517007078,0,193.01405334472656,-29.39798927307129,0.033839911222457886,9.385133481228909
11542007079,0,193.01661682128906,-29.163429260253906,0.033848837018013,9.382483331300193
11567007079,0,193.0191192626953,-28.928955078125,0.03385799378156662,9.378925629340252
11592007080,0,193.0215606689453,-28.694583892822266,0.033867187798023224,9.374541485386338
11617007080,0,193.02398681640625,-28.460329055786133,0.03387615084648132,9.369816806951102
11642007080,0,193.0263671875,-28.22618865966797,0.03388446569442749,9.365331822227956
11667007081,0,193.0287322998047,-27.992155075073242,0.0338917151093483,9.361058981695296
11692007081,0,193.0310821533203,-27.758222579956055,0.03389812260866165,9.356836993172655
11717007081,0,193.03341674804688,-27.524396896362305,0.0339035801589489,9.352586564830856
11742007082,0,193.0357208251953,-27.29067611694336,0.033908307552337646,9.34850096025555
11767007082,0,193.03805541992188,-27.05704689025879,0.03391212224960327,9.344842458175473
11792007083,0,193.0404052734375,-26.823503494262695,0.03391509875655174,9.341437036577881
11817007083,0,193.0427703857422,-26.590044021606445,0.03391742706298828,9.338172052710819
11842007083,0,193.0450897216797,-26.356657028198242,0.03391902893781662,9.335309157304525
11867007084,0,193.04742431640625,-26.123334884643555,0.03391994535923004,9.33283266341304
11892007084,0,193.0497283935547,-25.89006805419922,0.03392036259174347,9.330596642091107
11917007084,0,193.0520782470703,-25.65685272216797,0.033920515328645706,9.328548319522428
11942007085,0,193.0544891357422,-25.423690795898438,0.033920325338840485,9.326401322046694
11967007085,0,193.056884765625,-25.19058609008789,0.033919982612133026,9.324164856798514
11992007086,0,193.059326171875,-24.957538604736328,0.033919792622327805,9.32189890648101
12017007086,0,193.0618133544922,-24.72454833984375,0.033919792622327805,9.319547114022457
12042007086,0,193.06431579589844,-24.49161720275879,0.03391967713832855,9.31724352004168
12067007087,0,193.0668487548828,-24.25874137878418,0.03391940891742706,9.315083114216268
12092007087,0,193.0694122314453,-24.025917053222656,0.03391929715871811,9.313017479399155
12117007087,0,193.07200622558594,-23.79314422607422,0.033918991684913635,9.31091975799225
12142007088,0,193.07467651367188,-23.560426712036133,0.033918723464012146,9.30884830924507
12167007088,0,193.0773162841797,-23.327754974365234,0.03391849622130394,9.306868655249035
12192007089,0,193.0799102783203,-23.095136642456055,0.03391822800040245,9.304948493810935
12217007089,0,193.08248901367188,-22.862558364868164,0.033917732536792755,9.303347420288231
12242007089,0,193.08506774902344,-22.630014419555664,0.03391723707318306,9.301927511190314
12267007090,0,193.087646484375,-22.397506713867188,0.03391651064157486,9.3004562526453
12292007090,0,193.09019470214844,-22.165040969848633,0.03391586244106293,9.298792193331558
12317007090,0,193.09271240234375,-21.932621002197266,0.03391563519835472,9.296887395448746
12342007091,0,193.09521484375,-21.70025062561035,0.03391551971435547,9.294842627702995
12367007091,0,193.09767150878906,-21.46792984008789,0.03391551971435547,9.29283300393985
12392007092,0,193.10012817382812,-21.23565673828125,0.0339154414832592,9.291060955164573
12417007092,0,193.10255432128906,-21.00341796875,0.03391517698764801,9.289709110905651
12442007092,0,193.10494995117188,-20.77120018005371,0.03391445055603981,9.288911078232182
12467007093,0,193.1072998046875,-20.53899574279785,0.03391338139772415,9.288665623623784
12492007093,0,193.1096649169922,-20.30678367614746,0.03391174226999283,9.289030829794797
12517007093,0,193.1120147705078,-20.07455062866211,0.033909719437360764,9.289941186064612
12542007094,0,193.11427307128906,-19.842288970947266,0.033907242119312286,9.291183442560124
12567007094,0,193.11651611328125,-19.6099910736084,0.033904798328876495,9.29259414509891
12592007094,0,193.11874389648438,-19.377655029296875,0.03390239551663399,9.29413687208483
12617007095,0,193.12091064453125,-19.14527702331543,0.03389980271458626,9.295863023866158
12642007095,0,193.123046875,-18.912853240966797,0.033897362649440765,9.2978431025887
12667007096,0,193.12513732910156,-18.680370330810547,0.03389495611190796,9.300212676917308
12692007096,0,193.1272430419922,-18.44782066345215,0.03389228880405426,9.302995748120127
12717007096,0,193.12933349609375,-18.215198516845703,0.03388969227671623,9.305917168225562
12742007097,0,193.13145446777344,-17.98250389099121,0.03388732671737671,9.308742048093904
12767007097,0,193.1336212158203,-17.749744415283203,0.03388526663184166,9.311352901627998
12792007097,0,193.13584899902344,-17.516925811767578,0.033883512020111084,9.313708017203972
12817007098,0,193.1380615234375,-17.284053802490234,0.03388229385018349,9.315769489684365
12842007098,0,193.14027404785156,-17.05113410949707,0.033881645649671555,9.317546477272874
12867007099,0,193.1425018310547,-16.818180084228516,0.03388134017586708,9.31894460059981
12892007099,0,193.14480590820312,-16.5851993560791,0.03388149291276932,9.319977712671005
12917007099,0,193.1471710205078,-16.352190017700195,0.033881910145282745,9.321096326165684
12942007100,0,193.14956665039062,-16.119150161743164,0.0338822565972805,9.322454739400737
12967007100,0,193.15196228027344,-15.88607406616211,0.03388259932398796,9.324005071699576
12992007100,0,193.15438842773438,-15.652956008911133,0.03388259932398796,9.32562827404758
13017007101,0,193.15682983398438,-15.419797897338867,0.033882636576890945,9.327181268064205
13042007101,0,193.1593780517578,-15.186606407165527,0.03388267382979393,9.328580222974326
13067007102,0,193.1620330810547,-14.95338249206543,0.033882904797792435,9.32984515014036
13092007102,0,193.16477966308594,-14.720131874084473,0.033883169293403625,9.331016542837197
13117007102,0,193.16754150390625,-14.48685073852539,0.033883512020111084,9.332265169040404
13142007103,0,193.1703338623047,-14.253535270690918,0.03388381749391556,9.333617921309362
13167007103,0,193.17312622070312,-14.020187377929688,0.03388401120901108,9.334868417669957
13192007103,0,193.1759796142578,-13.786808967590332,0.033884163945913315,9.336160421975762
13217007104,0,193.1789093017578,-13.553399085998535,0.03388427570462227,9.337448317957827
13242007104,0,193.1818389892578,-13.31995677947998,0.03388439118862152,9.338753547148352
13267007105,0,193.18479919433594,-13.0864839553833,0.03388450667262077,9.340061065660409
13292007105,0,193.187744140625,-12.85297679901123,0.03388461843132973,9.341310794456897
13317007105,0,193.19065856933594,-12.619441032409668,0.033884771168231964,9.342536872132396
13342007106,0,193.1935272216797,-12.385866165161133,0.03388473391532898,9.34402002539783
13367007106,0,193.19644165039062,-12.15224838256836,0.03388439118862152,9.34599493947497
13392007106,0,193.1993865966797,-11.918574333190918,0.03388378024101257,9.348307636267187
13417007107,0,193.20237731933594,-11.684844970703125,0.033883094787597656,9.350423051104425
13442007107,0,193.20535278320312,-11.451071739196777,0.03388267382979393,9.35195736688113
13467007108,0,193.2083282470703,-11.217280387878418,0.03388286381959915,9.352538899691307
13492007108,0,193.21131896972656,-10.983490943908691,0.03388381749391556,9.352216079043789
13517007108,0,193.2142791748047,-10.749725341796875,0.033885613083839417,9.351153469872141
13542007109,0,193.2172088623047,-10.515995979309082,0.033888015896081924,9.34949396798454
13567007109,0,193.2200927734375,-10.282319068908691,0.03389087691903114,9.347352161132767
13592007109,0,193.2229766845703,-10.048697471618652,0.0338938906788826,9.345071552880428
13617007110,0,193.22589111328125,-9.815133094787598,0.03389682620763779,9.342867192313804
13642007110,0,193.2288055419922,-9.581623077392578,0.03389957174658775,9.340649118955662
13667007111,0,193.231689453125,-9.348172187805176,0.033902283757925034,9.338204544515916
13692007111,0,193.23458862304688,-9.114787101745605,0.03390464559197426,9.335472158009905
13717007111,0,193.23739624023438,-8.881476402282715,0.033907126635313034,9.332369693370273
13742007112,0,193.2401580810547,-8.648247718811035,0.033909644931554794,9.329021471095889
13767007112,0,193.24290466308594,-8.415104866027832,0.033911969512701035,9.325640257055047
13792007112,0,193.24560546875,-8.18204116821289,0.03391410782933235,9.322495482455281
13817007113,0,193.2483367919922,-7.9490485191345215,0.03391582518815994,9.319713448742824
13842007113,0,193.25111389160156,-7.716119289398193,0.033916931599378586,9.317316259181288
13867007113,0,193.25390625,-7.483240127563477,0.03391750156879425,9.315387413011736
13892007114,0,193.2567596435547,-7.250402450561523,0.03391750156879425,9.313879535446754
13917007114,0,193.2595672607422,-7.017585754394531,0.033916931599378586,9.313171804775838
13942007115,0,193.26235961914062,-6.7847747802734375,0.0339154414832592,9.313138839105433
13967007115,0,193.26519775390625,-6.551950454711914,0.03391345962882042,9.313757245370985
13992007115,0,193.26806640625,-6.319101810455322,0.033910978585481644,9.31491358071484
14017007116,0,193.27101135253906,-6.086215019226074,0.033908043056726456,9.316586812176599
14042007116,0,193.27395629882812,-5.85327672958374,0.03390491381287575,9.318755456051122
14067007116,0,193.27687072753906,-5.620279788970947,0.03390159457921982,9.32107031425047
14092007117,0,193.27978515625,-5.3872294425964355,0.033898428082466125,9.323099264291923
14117007117,0,193.2826385498047,-5.154135704040527,0.033895835280418396,9.324792074060081
14142007118,0,193.28546142578125,-4.9210052490234375,0.033893849700689316,9.326113768679942
14167007118,0,193.28822326660156,-4.687853813171387,0.03389255329966545,9.326826582348923
14192007118,0,193.29087829589844,-4.45469331741333,0.03389202058315277,9.327037261943762
14217007119,0,193.29345703125,-4.221535682678223,0.03389209508895874,9.326762142467564
14242007119,0,193.29591369628906,-3.988394021987915,0.033892858773469925,9.326029164225812
14267007119,0,193.2982940673828,-3.75527024269104,0.0338938906788826,9.325355214126164
14292007120,0,193.30064392089844,-3.5221545696258545,0.03389480337500572,9.325086231572998
14317007120,0,193.30294799804688,-3.289041042327881,0.03389549255371094,9.325000580942698
14342007121,0,193.30520629882812,-3.0559301376342773,0.03389598801732063,9.324859730157746
14367007121,0,193.30743408203125,-2.8228275775909424,0.03389652073383331,9.324370986634255
14392007121,0,193.30966186523438,-2.589750289916992,0.033897515386343,9.32321235098976
14417007122,0,193.3118438720703,-2.3567161560058594,0.033898770809173584,9.32128448744579
14442007122,0,193.31402587890625,-2.1237473487854004,0.0339009091258049,9.318443218355807
14467007122,0,193.3162078857422,-1.8908685445785522,0.03390365466475487,9.314656784262194
14492007123,0,193.3183135986328,-1.6581008434295654,0.033907126635313034,9.309948378500515
14517007123,0,193.32044982910156,-1.4254717826843262,0.033911362290382385,9.304220430609634
14542007124,0,193.3225555419922,-1.1929969787597656,0.03391608968377113,9.297949490991618
14567007124,0,193.32467651367188,-0.9606858491897583,0.03392093628644943,9.29128441115993
14592007124,0,193.32688903808594,-0.72855144739151,0.0339258573949337,9.284190683648635
14617007125,0,193.32931518554688,-0.4965979754924774,0.03393062576651573,9.276956916321705
14642007125,0,193.33189392089844,-0.26483842730522156,0.033935241401195526,9.269032407628426
14667007125,0,193.33457946777344,-0.03330089524388313,0.033940389752388,9.260050291323054
14692007126,0,193.33734130859375,0.19801223278045654,0.033945273607969284,9.25121270922121
14717007126,0,193.3401336669922,0.42912325263023376,0.033949315547943115,9.243400984484795
14742007127,0,193.3430633544922,0.6600611805915833,0.0339522548019886,9.236774411544085
14767007127,0,193.3461151123047,0.8908514380455017,0.03395378217101097,9.2311427001978
14792007127,0,193.34925842285156,1.1215189695358276,0.03395397216081619,9.226421795760633
14817007128,0,193.35247802734375,1.352077603340149,0.03395313024520874,9.222245108489213
14842007128,0,193.35577392578125,1.5825436115264893,0.0339515283703804,9.218696835495424
14867007128,0,193.35910034179688,1.8129335641860962,0.03394920378923416,9.215881055578455
14892007129,0,193.3625030517578,2.043273687362671,0.03394615277647972,9.214154755392967
14917007129,0,193.36595153808594,2.2735893726348877,0.03394229710102081,9.213402408859757
14942007130,0,193.369384765625,2.5039000511169434,0.03393798694014549,9.21334485228326
14967007130,0,193.37271118164062,2.734217882156372,0.03393318131566048,9.213562204486367
14992007130,0,193.3759002685547,2.964539051055908,0.03392883390188217,9.213601859505578
15017007131,0,193.37899780273438,3.1948623657226562,0.03392482548952103,9.213658066702358
15042007131,0,193.3820343017578,3.4251911640167236,0.0339210107922554,9.21392167207208
15067007131,0,193.38499450683594,3.6555323600769043,0.0339173898100853,9.214501587203994
15092007132,0,193.38792419433594,3.885897397994995,0.03391391783952713,9.215487571856745
15117007132,0,193.39083862304688,4.116288661956787,0.03391067311167717,9.2165556422668
15142007132,0,193.3937530517578,4.346709728240967,0.033907700330019,9.217840358960904
15167007133,0,193.39663696289062,4.577168941497803,0.03390468657016754,9.219394336364573
15192007133,0,193.39950561523438,4.807666778564453,0.03390190005302429,9.220902626286547
15217007134,0,193.40240478515625,5.038195610046387,0.03389972448348999,9.222026774829823
15242007134,0,193.40516662597656,5.268744468688965,0.03389781713485718,9.222776496921004
15267007134,0,193.40792846679688,5.499307155609131,0.03389667347073555,9.22327909207991
15292007135,0,193.41070556640625,5.729883193969727,0.033895909786224365,9.223774703081213
15317007135,0,193.41346740722656,5.9604668617248535,0.03389545530080795,9.224071076508114
15342007135,0,193.41629028320312,6.1910552978515625,0.03389514982700348,9.22425123487398
15367007136,0,193.41915893554688,6.421646595001221,0.03389507159590721,9.224465661945073
15392007136,0,193.422119140625,6.652248859405518,0.03389488160610199,9.22498681311551
15417007137,0,193.4251251220703,6.882866859436035,0.033894654363393784,9.225694373012304
15442007137,0,193.42823791503906,7.113504886627197,0.03389419615268707,9.226624686348949
15467007137,0,193.43138122558594,7.344173431396484,0.03389350697398186,9.22782378757929
15492007138,0,193.43460083007812,7.574865341186523,0.03389289602637291,9.228824710850143
15517007138,0,193.4379119873047,7.805578231811523,0.03389236330986023,9.229617152207684
15542007138,0,193.4412841796875,8.036304473876953,0.03389213606715202,9.230147363577187
15567007139,0,193.44471740722656,8.267043113708496,0.03389202058315277,9.230682310558961
15592007139,0,193.44825744628906,8.497793197631836,0.0338919423520565,9.231286956223391
15617007140,0,193.4518585205078,8.728561401367188,0.03389183059334755,9.23202389478427
15642007140,0,193.4554443359375,8.959348678588867,0.03389175236225128,9.232841891411253
15667007140,0,193.45904541015625,9.190159797668457,0.03389156237244606,9.233795921418732
15692007141,0,193.46261596679688,9.42099666595459,0.0338912196457386,9.234843458036131
15717007141,0,193.4661865234375,9.651863098144531,0.033890798687934875,9.236059256014526
15742007141,0,193.46975708007812,9.882761001586914,0.03389022871851921,9.237377570356143
15767007142,0,193.47328186035156,10.113701820373535,0.03388961777091026,9.239144202407298
15792007142,0,193.47671508789062,10.344696044921875,0.033888548612594604,9.241290519323787
15817007143,0,193.48007202148438,10.575748443603516,0.03388717398047447,9.243603433897935
15842007143,0,193.48336791992188,10.806859016418457,0.033885955810546875,9.245870210193521
15867007143,0,193.4866180419922,11.03802490234375,0.033884771168231964,9.248034146960896
15892007144,0,193.48980712890625,11.269243240356445,0.03388381749391556,9.250133342311075
15917007144,0,193.49295043945312,11.50051498413086,0.03388294205069542,9.252213051465114
15942007144,0,193.49598693847656,11.731840133666992,0.03388229385018349,9.254325795431786
15967007145,0,193.49899291992188,11.963218688964844,0.03388168290257454,9.256349658697877
15992007145,0,193.501953125,12.194645881652832,0.03388122469186783,9.258251221062839
16017007146,0,193.50482177734375,12.426118850708008,0.03388103470206261,9.260099150404159
16042007146,0,193.5076141357422,12.657638549804688,0.03388072922825813,9.262057696832294
16067007146,0,193.51026916503906,12.889219284057617,0.03388030827045441,9.264441876259983
16092007147,0,193.5128936767578,13.120863914489746,0.03387981280684471,9.267030098727812
16117007147,0,193.51544189453125,13.35257339477539,0.033879127353429794,9.269532608839414
16142007147,0,193.5179443359375,13.584342002868652,0.03387855365872383,9.271901204227317
16167007148,0,193.52037048339844,13.816173553466797,0.03387809544801712,9.274475278141571
16192007148,0,193.522705078125,14.048079490661621,0.033877335488796234,9.277405972399837
16217007149,0,193.52490234375,14.280064582824707,0.033876340836286545,9.280639267674434
16242007149,0,193.52691650390625,14.512133598327637,0.03387531265616417,9.283988048084018
16267007149,0,193.52877807617188,14.744293212890625,0.033874206244945526,9.28756789755876
16292007150,0,193.53057861328125,14.976547241210938,0.0338730625808239,9.291371825509652
16317007150,0,193.53219604492188,15.208902359008789,0.0338716134428978,9.295443852065224
16342007150,0,193.5336456298828,15.441365242004395,0.03387000784277916,9.29982012637841
16367007151,0,193.53488159179688,15.673945426940918,0.03386848419904709,9.304420217431076
16392007151,0,193.53585815429688,15.906638145446777,0.0338667668402195,9.308870108640413
16417007151,0,193.53651428222656,16.139429092407227,0.03386562317609787,9.312636361571668
16442007152,0,193.5369110107422,16.37230110168457,0.033865202218294144,9.3157051196039
16467007152,0,193.5370330810547,16.605239868164062,0.033865392208099365,9.318245621121164
16492007153,0,193.536865234375,16.83823013305664,0.03386623412370682,9.320324535502648
16517007153,0,193.53643798828125,17.071269989013672,0.03386741504073143,9.322156977031028
16542007153,0,193.53575134277344,17.304344177246094,0.033868979662656784,9.323507641384678
16567007154,0,193.53488159179688,17.537431716918945,0.033871229737997055,9.323662507393305
16592007154,0,193.533935546875,17.77049446105957,0.03387432172894478,9.322474091197368
16617007154,0,193.53286743164062,18.00350570678711,0.033878400921821594,9.320052660147324
16642007155,0,193.5316925048828,18.236434936523438,0.03388335928320885,9.316643902913924
16667007155,0,193.53038024902344,18.469268798828125,0.03388870134949684,9.312763567006387
16692007156,0,193.52894592285156,18.702007293701172,0.033894117921590805,9.308958644697128
16717007156,0,193.52731323242188,18.93465232849121,0.03389911726117134,9.305273108006917
16742007156,0,193.52552795410156,19.16720962524414,0.033903349190950394,9.3020691021866
16767007157,0,193.52365112304688,19.399703979492188,0.03390674665570259,9.29966162523049
16792007157,0,193.52169799804688,19.632158279418945,0.033908575773239136,9.298292809479946
16817007157,0,193.51968383789062,19.864595413208008,0.033909376710653305,9.297890461253388
16842007158,0,193.5176544189453,20.097042083740234,0.033908843994140625,9.29842063448658
16867007158,0,193.51556396484375,20.329519271850586,0.03390727937221527,9.299686925553953
16892007159,0,193.51341247558594,20.56203269958496,0.03390521928668022,9.301441127036044
16917007159,0,193.5111846923828,20.794601440429688,0.033902548253536224,9.303595782809886
16942007159,0,193.50889587402344,21.02722930908203,0.033899497240781784,9.306143100588553
16967007160,0,193.50657653808594,21.259929656982422,0.03389633074402809,9.309104405446599
16992007160,0,193.50421142578125,21.492706298828125,0.03389301151037216,9.312422418955409
17017007160,0,193.50177001953125,21.72557830810547,0.03388958051800728,9.316184769492468
17042007161,0,193.499267578125,21.95855140686035,0.033886030316352844,9.320510118821465
17067007161,0,193.4966583251953,22.191640853881836,0.03388229385018349,9.32517008222531
17092007162,0,193.49392700195312,22.424840927124023,0.03387904912233353,9.329575501282845
17117007162,0,193.49110412597656,22.658138275146484,0.03387611359357834,9.333457492953606
17142007162,0,193.4882049560547,22.891517639160156,0.03387405350804329,9.336599345235392
17167007163,0,193.4851837158203,23.124963760375977,0.033872947096824646,9.33916507997772
17192007163,0,193.48207092285156,23.358463287353516,0.03387252613902092,9.34137971976785
17217007163,0,193.4788360595703,23.592010498046875,0.03387264162302017,9.343261921269377
17242007164,0,193.4755096435547,23.825597763061523,0.033873289823532104,9.344792555814228
17267007164,0,193.47203063964844,24.059215545654297,0.03387432172894478,9.346105607724947
17292007165,0,193.46849060058594,24.292858123779297,0.03387561812996864,9.347032062446429
17317007165,0,193.46490478515625,24.526514053344727,0.033877182751894,9.347512575616307
17342007165,0,193.46128845214844,24.760168075561523,0.033879127353429794,9.34722188418988
17367007166,0,193.45762634277344,24.993803024291992,0.03388168290257454,9.346366145707279
17392007166,0,193.4539337158203,25.227407455444336,0.03388454392552376,9.344965713107072
17417007166,0,193.45028686523438,25.46096420288086,0.0338875949382782,9.343150957103626
17442007167,0,193.4466094970703,25.694475173950195,0.03389087691903114,9.341125133578517
17467007167,0,193.44288635253906,25.92793083190918,0.03389400243759155,9.339099033118226
17492007168,0,193.4391632080078,26.16134262084961,0.03389686346054077,9.337260503049757
17517007168,0,193.43544006347656,26.39470672607422,0.033899229019880295,9.335464555552623
17542007168,0,193.43179321289062,26.628026962280273,0.03390136733651161,9.333565924215694
17567007169,0,193.4281463623047,26.861303329467773,0.03390315920114517,9.331815084701017
17592007169,0,193.4245147705078,27.09453773498535,0.03390468657016754,9.330241317658801
17617007169,0,193.42091369628906,27.327743530273438,0.03390571475028992,9.329078382021244
17642007170,0,193.4173583984375,27.56092643737793,0.03390613570809364,9.32844392055808
17667007170,0,193.4137725830078,27.79410743713379,0.033906057476997375,9.328255803968773
17692007170,0,193.41018676757812,28.027286529541016,0.033905599266290665,9.328177545065264
17717007171,0,193.4066619873047,28.260465621948242,0.033904798328876495,9.328097543983965
17742007171,0,193.40318298339844,28.49364471435547,0.03390411287546158,9.328155877915187
17767007172,0,193.3997802734375,28.726829528808594,0.03390312194824219,9.328417372750238
17792007172,0,193.39637756347656,28.960023880004883,0.0339021310210228,9.328785261677226
17817007172,0,193.39295959472656,29.193222045898438,0.03390125185251236,9.328921341820624
17842007173,0,193.3895263671875,29.42641830444336,0.033900678157806396,9.32877913128921
17867007173,0,193.38604736328125,29.659603118896484,0.0339001826941967,9.328452148000732
17892007173,0,193.38253784179688,29.892780303955078,0.033900145441293716,9.328054684776522
17917007174,0,193.37901306152344,30.125944137573242,0.0339001826941967,9.327355097677868
17942007174,0,193.37545776367188,30.359079360961914,0.03390071913599968,9.326119219736844
17967007175,0,193.37185668945312,30.592172622680664,0.0339016318321228,9.324422981749409
17992007175,0,193.36819458007812,30.825214385986328,0.033903006464242935,9.32234122212734
18017007175,0,193.364501953125,31.058197021484375,0.03390464559197426,9.31989878877357
18042007176,0,193.3607177734375,31.291112899780273,0.03390644118189812,9.317160151446359
18067007176,0,193.3568878173828,31.52395248413086,0.03390846028923988,9.314097119991713
18092007176,0,193.35302734375,31.75670623779297,0.03391075134277344,9.310552835446739
18117007177,0,193.3490753173828,31.989355087280273,0.03391330689191818,9.306342824059005
18142007177,0,193.34503173828125,32.22188186645508,0.03391643613576889,9.301189816134784
18167007178,0,193.34092712402344,32.454254150390625,0.03392020985484123,9.294772692179476
18192007178,0,193.3368377685547,32.68644332885742,0.033924635499715805,9.287468813228372
18217007178,0,193.332763671875,32.91846466064453,0.03392906114459038,9.280877786455374
18242007179,0,193.3286895751953,33.15034103393555,0.0339326485991478,9.275194894010365
18267007179,0,193.32460021972656,33.38209533691406,0.03393520414829254,9.27053520664997
18292007179,0,193.320556640625,33.613746643066406,0.033936500549316406,9.266716910243046
18317007180,0,193.31655883789062,33.8453254699707,0.033936500549316406,9.263844406848197
18342007180,0,193.3125762939453,34.076839447021484,0.03393573686480522,9.261182935732004
18367007181,0,193.3086700439453,34.308292388916016,0.03393466770648956,9.258812298364417
18392007181,0,193.30484008789062,34.53969955444336,0.033932801336050034,9.257221231934105
18417007181,0,193.3011016845703,34.77108383178711,0.03393043577671051,9.256364508931393
18442007182,0,193.29730224609375,35.00246047973633,0.03392745926976204,9.256152205648702
18467007182,0,193.29348754882812,35.23384094238281,0.03392421826720238,9.256403061844145
18492007182,0,193.2897186279297,35.46522521972656,0.03392089903354645,9.256517869453857
18517007183,0,193.2860107421875,35.69660186767578,0.033917997032403946,9.256048208355255
18542007183,0,193.28244018554688,35.92795181274414,0.03391608968377113,9.25442131862887
18567007184,0,193.27891540527344,36.15922546386719,0.03391555696725845,9.251239471053639
18592007184,0,193.27542114257812,36.39041519165039,0.033916130661964417,9.24800521362061
18617007184,0,193.27186584472656,36.62153625488281,0.03391677886247635,9.245372768769164
18642007185,0,193.268310546875,36.85260009765625,0.03391731157898903,9.243014937601428
18667007185,0,193.26475524902344,37.08359909057617,0.03391776978969574,9.24044936313005
18692007185,0,193.26119995117188,37.31454086303711,0.033918190747499466,9.238260931518656
18717007186,0,193.25762939453125,37.545433044433594,0.03391814976930618,9.236296586406395
18742007186,0,193.2540740966797,37.776275634765625,0.033918075263500214,9.234320605685324
18767007187,0,193.25045776367188,38.0070686340332,0.03391788527369499,9.232468047969661
18792007187,0,193.246826171875,38.23781967163086,0.03391757979989052,9.230900647335933
18817007187,0,193.24317932128906,38.46854019165039,0.03391696885228157,9.229567255835956
18842007188,0,193.239501953125,38.69922637939453,0.03391628339886665,9.228292513570247
18867007188,0,193.2357940673828,38.92988586425781,0.033915482461452484,9.227101018811783
18892007188,0,193.23202514648438,39.1605110168457,0.03391464054584503,9.226035405294445
18917007189,0,193.22817993164062,39.391117095947266,0.033913612365722656,9.22532552012642
18942007189,0,193.22422790527344,39.621707916259766,0.033912543207407,9.224830388334203
18967007189,0,193.22023010253906,39.852291107177734,0.03391128405928612,9.22469960186614
18992007190,0,193.21620178222656,40.082881927490234,0.03390960767865181,9.22519458889058
19017007190,0,193.2121124267578,40.313499450683594,0.03390754759311676,9.226357907795366
19042007191,0,193.20797729492188,40.544151306152344,0.03390510380268097,9.227902200588241
19067007191,0,193.20382690429688,40.77485656738281,0.03390243276953697,9.229909248648692
19092007191,0,193.1996307373047,41.0056037902832,0.033899612724781036,9.23223098427685
19117007192,0,193.19540405273438,41.236419677734375,0.033896710723638535,9.234624739360733
19142007192,0,193.19122314453125,41.46730041503906,0.03389396518468857,9.23720367265907
19167007192,0,193.18704223632812,41.698246002197266,0.033891141414642334,9.240160634467644
19192007193,0,193.1829071044922,41.929290771484375,0.03388824313879013,9.244039624834473
19217007193,0,193.17881774902344,42.16045379638672,0.033884696662425995,9.248951719452043
19242007194,0,193.17481994628906,42.39175033569336,0.03388053923845291,9.2548653884362
19267007194,0,193.1708984375,42.62321090698242,0.03387603536248207,9.261088676909427
19292007194,0,193.16708374023438,42.854827880859375,0.0338716134428978,9.267381742876209
19317007195,0,193.16343688964844,43.086605072021484,0.03386741504073143,9.273763988238892
19342007195,0,193.159912109375,43.31855010986328,0.03386344760656357,9.280308105457559
19367007195,0,193.1565399169922,43.5506591796875,0.033859822899103165,9.286870578903201
19392007196,0,193.15318298339844,43.78293228149414,0.033856507390737534,9.293481507115152
19417007196,0,193.1498565673828,44.01537322998047,0.033853646367788315,9.30006365450622
