ts,agent_id,steer_err,speed_err,desired_speed,speed
1966735113,0,0.001870381531177411,9.259334564208984,9.259334564208984,0.0
1991735113,0,0.001705470408216992,9.390170574188232,9.390170574188232,0.0
2016735114,0,0.0023075895290490048,9.421698331832886,9.421698331832886,0.0
2041735114,0,0.0015378272095885681,9.719985008239746,9.719985008239746,0.0
2066735114,0,0.0020857601630051466,9.727930784225464,9.727930784225464,0.0
2091735115,0,0.0023426511667884037,9.748517990112305,9.748517990112305,0.0
2116735115,0,0.001835623457401124,9.747769832611084,9.747769832611084,0.0
2141735116,0,0.0022942327146720913,9.72435450553894,9.72435450553894,0.0
2166735116,0,0.0020595018801959864,9.721520633514292,9.72152066230774,2.8793447434656352e-08
2191735116,0,0.001862868323090397,9.725799291416742,9.725799322128296,3.0711554239953066e-08
2216735117,0,0.0015579383221447165,9.722009173153209,9.722009181976318,8.823109313395853e-09
2241735117,0,0.0016332221849964129,9.718632450871663,9.718632459640503,8.768840478700734e-09
2266735117,0,0.001468994080952995,9.727947119175358,9.7276611328125,-0.00028598636285856607
2291735118,0,0.0013933307631474095,9.730919244597054,9.730765342712402,-0.00015390188465171052
2316735118,0,0.0013357295011469685,9.749215472655743,9.74915099143982,-6.448121592380497e-05
2341735119,0,0.0013040829579925761,9.75195221777697,9.751944780349731,-7.437427238778346e-06
2366735119,0,0.001247695951844582,9.759580135475694,9.759605884552002,2.574907630748963e-05
2391735119,0,0.0012294062230671034,9.765277981493504,9.765320777893066,4.279639956154607e-05
2416735120,0,0.001285186101288874,9.770024713737296,9.770074367523193,4.965378589662664e-05
2441735120,0,0.0011642917529796485,9.772556094120121,9.772606372833252,5.027871313068888e-05
2466735120,0,0.001064874555060574,9.773985054091055,9.774032592773438,4.7538682381977426e-05
2491735121,0,0.0010924988757037366,9.772349243045332,9.772392511367798,4.326832246578975e-05
2516735121,0,0.0010861999234691693,9.767725742989702,9.7677640914917,3.8348501996461584e-05
2541735121,0,0.0011323416458621444,9.770873538801032,9.770906925201416,3.338640038439599e-05
2566735122,0,0.0011368192143180417,9.776098086058752,9.776126861572266,2.8775513513924337e-05
2591735122,0,0.00111390013510311,9.770106298337268,9.77013087272644,2.4574389171685616e-05
2616735123,0,0.001111168059435105,9.771306586093495,9.771327495574951,2.090948145721594e-05
2641735123,0,0.0010154695200641484,9.770375641167389,9.770393371582031,1.773041464236662e-05
2666735123,0,0.0011585999286713045,9.773211556117968,9.773226499557495,1.4943439527761076e-05
2691735124,0,0.0011051726711636491,9.76785730836936,9.76786994934082,1.264097146089598e-05
2716735124,0,0.0011718049610666625,9.765970282156765,9.765980958938599,1.0676781832907244e-05
2741735124,0,0.0011737781268268883,9.768827277378046,9.768836259841919,8.982463872911543e-06
2766735125,0,0.001208156745649286,9.76836232122566,9.768369913101196,7.591875536726336e-06
2791735125,0,0.0011577651277727475,9.771810317611813,9.771816730499268,6.412887454178099e-06
2816735126,0,0.001140310199893826,9.769758542729067,9.769763946533203,5.403804136491927e-06
2841735126,0,0.0012277366212699891,9.764946422849638,9.76495099067688,4.56782724260051e-06
2866735126,0,0.0011614837863208655,9.767202337545482,9.767206192016602,3.854471119095427e-06
2891735127,0,0.0011853135574251322,9.769925156767213,9.769928455352783,3.2985855696217054e-06
2916735127,0,0.001207929072676952,9.770958558895234,9.770961284637451,2.725742217198842e-06
2941735127,0,0.0011652024448689836,9.774776284283805,9.774778604507446,2.32022364175234e-06
2966735128,0,0.00117043892323266,9.773553591790602,9.773555517196655,1.9254060527387925e-06
2991735128,0,0.0010715529622490308,9.776410594418438,9.77641224861145,1.654193011298713e-06
3016735129,0,0.0011520733034644033,9.776874348509118,9.776875734329224,1.3858201055349277e-06
3041735129,0,0.0011022129225233103,9.768802933731328,9.76880407333374,1.1396024127249303e-06
3066735129,0,0.001117391120678894,9.77469535403583,9.774696350097656,9.960618274827145e-07
3091735130,0,0.0011521491944551812,9.77638423295499,9.776385068893433,8.359384415431304e-07
3116735130,0,0.0011444083133958336,9.776753428358516,9.776754140853882,7.124953650163817e-07
3141735130,0,0.0011192883954483422,9.779248345528556,9.7792489528656,6.073370449476486e-07
3166735131,0,0.0011102573675457698,9.78285584675191,9.782855987548828,1.4079691877231258e-07
3191735131,0,0.0011110162774535491,9.779592007648894,9.779592275619507,2.679706126538134e-07
3216735132,0,0.001047950864117098,9.779915303191991,9.779915571212769,2.6802077719777955e-07
3241735132,0,0.0010861999234691693,9.776059263002846,9.776059627532959,3.6453011320050396e-07
3266735132,0,0.0010795215162807124,9.781391536439962,9.781391859054565,3.226146041087332e-07
3291735133,0,0.00110987791259188,9.778930379266543,9.7789306640625,2.8479595724845113e-07
3316735133,0,0.00114600202420217,9.782880078882835,9.782880306243896,2.273610621730009e-07
3341735133,0,0.0010736779099908126,9.782057538409928,9.782057762145996,2.2373606773297026e-07
3366735134,0,0.001148809990860953,9.784485134255881,9.784485340118408,2.058625271149883e-07
3391735134,0,0.0010627496073187922,9.779762334344394,9.779762506484985,1.7214059128373468e-07
3416735135,0,0.0010928024396668482,9.782034722749989,9.782034873962402,1.512124132806854e-07
3441735135,0,0.0010470401722277628,9.77696428163653,9.77696442604065,1.4440411907867658e-07
3466735135,0,0.0010626737163280144,9.784623304354067,9.784623384475708,8.012164047259372e-08
3491735136,0,0.0010921953117406249,9.782208577084653,9.782208681106567,1.0402191498378525e-07
3516735136,0,0.001124297200839685,9.783556150080743,9.78355622291565,7.283490679740634e-08
3541735136,0,0.0011558678530032994,9.785400784969795,9.785400867462158,8.2492362626228e-08
3566735137,0,0.0010919676387682912,9.781821663270472,9.781821727752686,6.448221420612797e-08
3591735137,0,0.001064798664069796,9.782299507102998,9.782299518585205,1.1482206497240131e-08
3616735137,0,0.0010392234001776373,9.785275687251243,9.78527569770813,1.0456886592059275e-08
3641735138,0,0.0010235139650866078,9.781416145718735,9.781416177749634,3.2030899511857386e-08
3666735138,0,0.0010229827281511624,9.787143940998872,9.78714394569397,4.6950968741696876e-09
3691735139,0,0.001053415015453108,9.7847456459803,9.784745693206787,4.722648826885061e-08
3716735139,0,0.0011302166981203626,9.785834320105723,9.785834312438965,-7.666758483282143e-09
3741735139,0,0.0010953827333532976,9.786438651406026,9.786438703536987,5.213096008579556e-08
3766735140,0,0.0010898426910265094,9.784602624645268,9.784602642059326,1.7414057202669462e-08
3791735140,0,0.0010400582010761943,9.786638231513118,9.786638259887695,2.837457735575498e-08
3816735140,0,0.0010562988731026692,9.785489521451225,9.785489559173584,3.772235889073061e-08
3841735141,0,0.001027156732643948,9.781555655870557,9.781555652618408,-3.2521490796144104e-09
3866735141,0,0.0009936129147201077,9.787393565961718,9.787393569946289,3.984571246396308e-09
3891735142,0,0.0010673789577562453,9.785979498994974,9.785979509353638,1.0358664018632327e-08
3916735142,0,0.0011113957324074386,9.782373889732076,9.782373905181885,1.5449808979295707e-08
3941735142,0,0.0011178464666235617,9.787431458486958,9.787431478500366,2.0013407386643147e-08
3966735143,0,0.0011009227756800858,9.786497377337641,9.786497354507446,-2.2830194818303044e-08
3991735143,0,0.0010399823100854164,9.7881474444104,9.788147449493408,5.083007594764705e-09
4016735143,0,0.0010437009686335343,9.789261077676633,9.789261102676392,2.499975882049928e-08
4041735144,0,0.0010210095623909366,9.783699246624717,9.78369927406311,2.7438392855029345e-08
4066735144,0,0.0010220720362618275,9.788582318919236,9.78858232498169,6.062452995974694e-09
4091735145,0,0.001040437656030084,9.785060399189646,9.785060405731201,6.5415545171174525e-09
4116735145,0,0.0011200473053561213,9.783898108476595,9.783898115158081,6.681484805226556e-09
4141735145,0,0.0010897668000357315,9.790090792513508,9.790090799331665,6.818157558799249e-09
4166735146,0,0.0011134447891584425,9.789841882911677,9.789841890335083,7.423406065410255e-09
4191735146,0,0.0010623701523649026,9.78817891323309,9.78817892074585,7.512760931975787e-09
4216735146,0,0.0010416519118825306,9.788168209099329,9.78816819190979,-1.7189538136965435e-08
4241735147,0,0.0010485579920433213,9.783376688252691,9.783376693725586,5.472894142604874e-09
4266735147,0,0.0010475714091632083,9.786895056013494,9.786895036697388,-1.931610560029906e-08
4291735148,0,0.0010887043261648408,9.783947463948953,9.783947467803955,3.8550023885128076e-09
4316735148,0,0.001148734099870175,9.785423000816051,9.786774158477783,0.0013511576617314567
4341735148,0,0.0011115475143889943,9.467244309910008,9.787412881851196,0.32016857194118914
4366735149,0,0.001112002860333662,9.150159262375112,9.78049921989441,0.6303399575192974
4391735149,0,0.001121489234180902,8.852192325196985,9.783303022384644,0.9311106971876582
4416735149,0,0.0011756754015963364,8.564684760488719,9.786739826202393,1.2220550657136735
4441735150,0,0.0012111923852804027,8.280099343033642,9.78298044204712,1.5028810990134769
4466735150,0,0.0010616871334479013,8.005896884394435,9.77930760383606,1.773410719441625
4491735151,0,0.0007999391062548572,7.748751812462356,9.782309532165527,2.033557719703172
4516735151,0,0.0006368493670731082,7.490876862442644,9.774205684661865,2.2833288222192216
4541735151,0,0.0008120816647793243,7.25529677045523,9.778102397918701,2.5228056274634714
4566735152,0,0.0008690757988535418,7.029717237844878,9.781861066818237,2.7521438289733595
4591735152,0,0.0009369982355997797,6.808824909700558,9.78038763999939,2.9715627302988317
4616735152,0,0.0009677340868648371,6.598419285466631,9.779761791229248,3.1813425057626175
4641735153,0,0.001050758830775881,6.384907607970734,9.766714096069336,3.3818064880986016
4666735153,0,0.0009349491788487758,6.19317315240643,9.766490936279297,3.573317783872866
4691735154,0,0.0009907290570705467,6.013748771343428,9.770016431808472,3.7562676604650442
4716735154,0,0.0011464573701468373,5.836973527042464,9.768045902252197,3.931072375209733
4741735154,0,0.0012201475221921972,5.6752070775753065,9.773409605026245,4.098202527450939
4766735155,0,0.0012577135626272672,5.504363570651433,9.762717247009277,4.258353676357844
4791735155,0,0.0014387135756326053,5.34550442599468,9.757545948028564,4.412041522033885
4816735155,0,0.0015139974384843014,5.200374933913123,9.759981393814087,4.559606459900964
4841735156,0,0.001476583180030787,5.067494784925083,9.768859148025513,4.70136436310043
4866735156,0,0.001308864090411585,4.934319573963039,9.771959066390991,4.837639492427952
4891735156,0,0.0010785349334005996,4.805573563258088,9.774330139160156,4.968756575902068
4916735157,0,0.0011995051727006032,4.684277575997722,9.780275344848633,5.095997768850911
4941735157,0,0.0010406653290024176,4.5540100616655375,9.772225856781006,5.218215795115468
4966735158,0,0.0007817252684681564,4.431970573963829,9.768171787261963,5.336201213298134
4991735158,0,-0.00013617626499077935,4.317006902201673,9.767217636108398,5.450210733906726
5016735158,0,-0.0001384529947141169,4.230631450828957,9.791141510009766,5.5605100591808085
5041735159,0,-3.379931843136599e-05,4.135324524362976,9.802680730819702,5.667356206456726
5066735159,0,0.00018286946023959405,4.043532878748098,9.814533233642578,5.77100035489448
5091735159,0,4.816295160878702e-05,3.953893449471569,9.82556676864624,5.871673319174671
5116735160,0,-0.0004005045858702728,3.855725868646637,9.825317144393921,5.969591275747284
5141735160,0,-0.0006107226303251097,3.773840820401265,9.838802576065063,6.0649617556637985
5166735161,0,-0.0006934438102730419,3.675481835446747,9.833451747894287,6.15796991244754
5191735161,0,-0.0004933951585824462,3.5959139137776033,9.844703435897827,6.248789522120224
5216735161,0,-0.0007675134172722913,3.504261813053228,9.84184455871582,6.337582745662592
5241735162,0,-0.0005512999845459988,3.412377921717523,9.836873531341553,6.42449560962403
5266735162,0,-0.00015583203160226048,3.319689275886736,9.829351902008057,6.509662626121321
5291735162,0,6.243045787503587e-05,3.2227430815997113,9.815953016281128,6.593209934681417
5316735163,0,0.0002882820464301242,3.1306868525984113,9.805934429168701,6.67524757657029
5341735163,0,0.0006256933914287541,3.053714905547709,9.809595823287964,6.755880917740255
5366735164,0,0.0006357110022114394,2.963866945520448,9.799070835113525,6.835203889593077
5391735164,0,0.0008101084990190984,2.885924057668123,9.79922604560852,6.913301987940398
5416735164,0,0.0004102388686102407,2.8129530610851203,9.803210020065308,6.990256958980187
5441735165,0,0.00027348330322842987,2.7195603092298066,9.785699129104614,7.066138819874808
5466735165,0,0.0006839017813554183,2.646861705429008,9.787878513336182,7.141016807907174
5491735165,0,0.0006195462211757426,2.5537328366134284,9.768680334091187,7.214947497477758
5516735166,0,0.0007468913037010915,2.4861114281463506,9.774094104766846,7.287982676620495
5541735166,0,0.0010645709910974623,2.4321487710460934,9.792325973510742,7.360177202464649
5566735167,0,0.0009114229717076209,2.3985835025910758,9.830157279968262,7.431573777377186
5591735167,0,0.0011648988809058718,2.362285119685879,9.864498138427734,7.502213018741855
5616735167,0,0.0008048720206554219,2.274244724655075,9.846381425857544,7.572136701202469
5641735168,0,0.000722682077642935,2.2220618736331277,9.863437414169312,7.641375540536184
5666735168,0,0.00040894872176701607,2.1797343220986383,9.889703035354614,7.709968713255976
5691735168,0,0.0005702929681608729,2.107335723032037,9.885274171829224,7.777938448797187
5716735169,0,0.0008076040963234271,2.0239483082292242,9.869261026382446,7.845312718153222
5741735169,0,0.0011614837863208655,1.9464948218537446,9.858609437942505,7.91211461608876
5766735170,0,0.0011208821062546786,1.883676319823124,9.862043380737305,7.978367060914181
5791735170,0,0.0008968519014782603,1.8208218725994314,9.864908695220947,8.044086822621516
5816735170,0,0.0006922497903409894,1.7453400297393085,9.854970932006836,8.109630902267527
5841735171,0,0.0005289323781869067,1.763235580207521,9.865323543548584,8.102087963341063
5866735171,0,0.0005934397203481383,1.780656251382828,9.87863802909851,8.097981777715683
5891735171,0,0.000514513089939102,1.7951045464588482,9.889805316925049,8.0947007704662
5916735172,0,0.00046966151438935166,1.8042435264407821,9.8958899974823,8.091646471041518
5941735172,0,0.0005002455836728532,1.8158682447883177,9.90452527999878,8.088657035210462
5966735173,0,0.00034899483905245977,1.8266450242245966,9.91233229637146,8.085687272146863
5991735173,0,-4.7459696771391494e-05,1.8245527297623365,9.90727686882019,8.082724139057854
6016735173,0,-0.0003652152751585402,1.8267986987497071,9.906561613082886,8.079762914333179
6041735174,0,-0.0011235939460022893,1.829106440574087,9.905910015106201,8.076803574532114
6066735174,0,-0.0009076081862483306,1.8149667121260276,9.888811111450195,8.073844399324168
6091735174,0,-0.0009488169942407408,1.815171246594863,9.886053085327148,8.070881838732285
6116735175,0,-0.000668779238270218,1.8221729941935028,9.890099287033081,8.067926292839578
6141735175,0,-0.0006044236780905424,1.8199012814470894,9.884872198104858,8.064970916657769
6166735175,0,-0.0009726467653450076,1.8337928222825806,9.895812749862671,8.06201992758009
6191735176,0,-0.0010316899561702288,1.8364805377582751,9.895548820495605,8.05906828273733
6216735176,0,-0.0009195230718004639,1.8290517228155583,9.88516902923584,8.056117306420282
6241735177,0,-0.0008353599630277512,1.7927296576460456,9.845897912979126,8.05316825533308
6266735177,0,-0.00047047607936751457,1.7837533966906136,9.833974599838257,8.050221203147643
6291735177,0,-0.00023430331606662922,1.7856024164192288,9.832878112792969,8.04727569637374
6316735178,0,0.00030186653377937175,1.778832561084151,9.823164224624634,8.044331663540483
6341735178,0,0.0003593919047890347,1.719290733762712,9.819409847259521,8.10011911349681
6366735178,0,0.0001342992261417256,1.6181391682729167,9.828680276870728,8.21054110859781
6391735179,0,0.0003325264940536512,1.5115737178392408,9.827961444854736,8.316387727015496
6416735179,0,0.000884026324036792,1.389874096511008,9.808032989501953,8.418158892990945
6441735180,0,0.001564996184287063,1.2778354592264272,9.794008255004883,8.516172795778456
6466735180,0,0.0016348158958027492,1.194510764381068,9.805227756500244,8.610716992119176
6491735180,0,0.0014666414602388794,1.1080445026185313,9.810112953186035,8.702068450567504
6516735181,0,0.0015716745914755202,1.0330725751446668,9.823578357696533,8.790505782551866
6541735181,0,0.0013905986874794042,0.9566144320457077,9.832887411117554,8.876272979071846
6566735181,0,0.0009608280067040464,0.8366397233704426,9.796229124069214,8.959589400698771
6591735182,0,0.0006958166669075516,0.7421269689903696,9.782800197601318,9.040673228610949
6616735182,0,0.0006575676075554803,0.6866335117995188,9.806118965148926,9.119485453349407
6641735183,0,0.0004898485179362783,0.6301059536956704,9.825373649597168,9.195267695901498
6666735183,0,6.986777497127198e-05,0.5495364812519217,9.816917896270752,9.26738141501883
6691735183,0,-0.0003188458797932315,0.4895902041312681,9.825084686279297,9.335494482148029
6716735184,0,-0.0005157071098711545,0.4132494933994604,9.812451839447021,9.399202346047561
6741735184,0,-0.0010171947769316463,0.3192301767285528,9.777236938476562,9.45800676174801
6766735184,0,-0.0004820874009565362,0.303539972097564,9.815118312835693,9.51157834073813
6791735185,0,-0.00045727104697215656,0.23413622599140815,9.79355764389038,9.559421417898973
6816735185,0,-0.000622637515877243,0.19207155564437173,9.793267965316772,9.6011964096724
6841735186,0,-0.0011396828360472084,0.1315116440442008,9.768574476242065,9.637062832197865
6866735186,0,-0.001998161723727033,0.16011446624336934,9.826892137527466,9.666777671284096
6891735186,0,-0.003547552191449037,0.15376821525159556,9.844106912612915,9.69033869736132
6916735187,0,-0.004057919104430545,0.127849590930893,9.835697650909424,9.70784805997853
6941735187,0,-0.0019567252427622893,0.09480523895538262,9.814851522445679,9.720046283490296
6966735187,0,-0.0016175684049757671,0.09076822985258026,9.818019390106201,9.727251160253621
6991735188,0,-0.0024538871233484396,0.0942930010386327,9.823888778686523,9.72959577764789
7016735188,0,-0.0031888913690325893,0.09092845607075972,9.818075895309448,9.727147439238689
7041735189,0,-0.0038936910003871273,0.0989579604397246,9.81931757926941,9.720359618829685
7066735189,0,-0.0026028611382454955,0.09456659899362485,9.80425500869751,9.709688409703885
7091735189,0,-0.0021626933917335625,0.10780349927656552,9.803284406661987,9.695480907385422
7116735190,0,-0.0019461005040533805,0.14494280066988452,9.823087692260742,9.678144891590858
7141735190,0,-0.002296033862530367,0.16804404708516252,9.825945138931274,9.657901091846112
7166735190,0,-0.002871363463617775,0.18354915491148738,9.818751811981201,9.635202657069714
7191735191,0,-0.0011362677414622018,0.19264937337123023,9.803210735321045,9.610561361949815
7216735191,0,-0.00032385468518457416,0.23046198524220074,9.814724922180176,9.584262936937975
7241735192,0,-0.00010005215338048969,0.2657358042159803,9.822255849838257,9.556520045622277
7266735192,0,0.0003370799535003264,0.283067008353747,9.810577154159546,9.527510145805799
7291735192,0,-0.00016592553337572375,0.3312742120288341,9.828913450241089,9.497639238212255
7316735193,0,-0.0007222064957778733,0.4142511120576806,9.881411790847778,9.467160678790098
7341735193,0,-0.00114180778378899,0.4680270592497706,9.90427851676941,9.436251457519639
7366735193,0,-0.0015624715456709975,0.49767914535596347,9.903124809265137,9.405445663909173
7391735194,0,-0.00028522617087861315,0.5064058761073635,9.881763696670532,9.375357820563169
7416735194,0,4.8063455586081506e-08,0.497768539260921,9.843957424163818,9.346188884902897
7441735194,0,8.755037582252722e-05,0.48400198243138526,9.801917552947998,9.317915570516613
7466735195,0,4.1256871447996344e-05,0.4497573975434914,9.740070819854736,9.290313422311245
7491735195,0,0.00029291139686757724,0.439652381407754,9.70272946357727,9.263077082169517
7516735196,0,-0.00038365678591757463,0.5236849514901678,9.759556531906128,9.23587158041596
7541735196,0,-0.0002761951429760407,0.5789043544315611,9.787238359451294,9.208334005019733
7566735196,0,6.569377047848641e-05,0.5849480919303218,9.765632629394531,9.18068453746421
7591735197,0,-0.00042828068849499134,0.5979658419958653,9.75173020362854,9.153764361632675
7616735197,0,-0.0010351050507552352,0.6487496852679104,9.776565313339233,9.127815628071323
7641735197,0,-0.0014441574910482211,0.6588785511037525,9.761597156524658,9.102718605420906
7666735198,0,-0.0009331834501404895,0.630196689655218,9.708819150924683,9.078622461269465
7691735198,0,-0.0017575113919702505,0.6684950174510966,9.724325895309448,9.055830877858352
7716735199,0,-0.00020781736028513534,0.6793038079875835,9.713425397872925,9.034121589885341
7741735199,0,-0.000678265612117458,0.7064923942073111,9.719732522964478,9.013240128757166
7766735199,0,-0.0020354242001989916,0.7529031497961896,9.746417999267578,8.993514849471389
7791735200,0,-0.0024829533728163828,0.772286829449305,9.747236967086792,8.974950137637487
7816735200,0,-0.0025067072529298714,0.7919439548225817,9.749749660491943,8.957805705669362
7841735200,0,-0.0020686644541597203,0.8129275389209045,9.755309343338013,8.942381804417108
7866735201,0,-0.0011874941602372975,0.8517308253072589,9.78042984008789,8.928699014780632
7891735201,0,-0.001109781785680708,0.8608200815891767,9.777640342712402,8.916820261123226
7916735202,0,-0.0007989322874543498,0.8865316102445906,9.797828435897827,8.911296825653237
7941735202,0,-0.00182975961519083,0.9109544781066923,9.818620920181274,8.907666442074582
7966735202,0,0.0004238233559594883,0.6573193812337585,9.561643838882446,8.904324457648688
7991735203,0,0.001654623444395786,0.2989550795928011,9.199964046478271,8.90100896688547
8016735203,0,0.002675129597386469,0.5384948386596644,9.436209440231323,8.897714601571659
8041735203,0,0.00373547852053556,0.0,8.618230819702148,8.894408606712005
8066735204,0,0.006096447243636634,0.0,8.570587635040283,8.891090664334325
8091735204,0,0.005257320558605179,0.007024549201265273,8.894779443740845,8.88775489453958
8116735205,0,0.006887459040514889,0.0,8.68488335609436,8.884328334934725
8141735205,0,0.0052075360686548635,0.5272492212400142,9.408257961273193,8.88100874003318
8166735205,0,0.002931261691261947,0.8517845246610118,9.729394912719727,8.877610388058715
8191735206,0,0.0011452431142943908,0.9363409221405341,9.810677289962769,8.874336367822234
8216735206,0,0.00136267080287313,0.8795997013183534,9.750690937042236,8.871091235723883
8241735206,0,0.001963044430917251,0.8247492235582516,9.692579984664917,8.867830761106665
8266735207,0,0.0006817009426228586,0.8909900771033232,9.755551815032959,8.864561737929636
8291735207,0,0.0012742577986168538,0.8522859857406218,9.713569164276123,8.861283178535501
8316735208,0,0.0005032053323131921,0.9519581281672558,9.809971332550049,8.858013204382793
8341735208,0,0.0006025466392414887,0.924458252943877,9.779195308685303,8.854737055741426
8366735208,0,0.00014909796934341988,0.9612399740345516,9.812707901000977,8.851467926966425
8391735209,0,-0.00021146012784247541,0.9690669192381929,9.817264080047607,8.848197160809415
8416735209,0,-0.0007273670831507718,0.9867812649683021,9.83171010017395,8.844928835205648
8441735209,0,-0.0016549067724385034,0.9168005023853958,9.793654203414917,8.876853701029521
8466735210,0,-0.002524010398827237,0.8628348058944422,9.768583059310913,8.905748253416471
8491735210,0,-0.0019904967336584634,0.879598098173048,9.813334465026855,8.933736366853807
8516735211,0,-0.002114957958534251,0.869028406605663,9.829408407211304,8.96038000060564
8541735211,0,-0.0016971021633110268,0.804719158348389,9.790429830551147,8.985710672202758
8566735211,0,-0.002579942059030564,0.8122456303168519,9.822323083877563,9.010077453560712
8591735212,0,-0.00390416395711448,0.7341496598294448,9.767558813095093,9.033409153265648
8616735212,0,-0.0034602016610636517,0.7836885184263664,9.839148759841919,9.055460241415553
8641735212,0,-0.0030567651540882317,0.7488652011030208,9.825191259384155,9.076326058281134
8666735213,0,-0.0019498191626014984,0.7138389059573136,9.809731006622314,9.095892100665
8691735213,0,-0.0017084099209369369,0.6914331380933536,9.806078910827637,9.114645772734283
8716735213,0,-0.0012985226797453937,0.6316827719624261,9.764036893844604,9.132354121882178
8741735214,0,-0.0008490962323585547,0.587388397700737,9.736297845840454,9.148909448139717
8766735214,0,-0.0011704945783030435,0.5827471467767733,9.746963024139404,9.164215877362631
8791735215,0,0.001124145418858129,0.43428541791369746,9.612249612808228,9.17796419489453
8816735215,0,0.0019370897120712023,0.480291857090025,9.670432090759277,9.190140233669252
8841735215,0,0.0030410000639268186,0.07421425332911191,9.27475905418396,9.200544800854848
8866735216,0,0.003307529223538872,0.0,8.963898181915283,9.208617104212692
8891735216,0,0.002926632340824494,0.0,8.78234338760376,9.214525778119766
8916735216,0,0.003057847863879517,0.0,8.713678121566772,9.215481733999358
8941735217,0,0.003127515793413647,0.0,9.057696104049683,9.211843340008222
8966735217,0,0.0029044721715173415,0.07964586509840466,9.278434038162231,9.198788173063827
8991735218,0,0.0026327065335416118,0.05221677143000747,9.228258848190308,9.1760420767603
9016735218,0,0.0025905870336598667,0.1254416106013494,9.285642385482788,9.160200774881439
9041735218,0,0.001971012984948932,0.16571295675862885,9.308993339538574,9.143280382779945
9066735219,0,0.0023110046236340114,0.2780624314022404,9.403489351272583,9.125426919870343
9091735219,0,0.0020530511459798634,0.22191332941780395,9.32929515838623,9.107381828968427
9116735219,0,0.0013757999442777099,0.165721316504289,9.255396366119385,9.089675049615096
9141735220,0,0.0002973889653234745,0.3209543767974612,9.393733263015747,9.072778886218286
9166735220,0,-0.0007199297660545357,0.336289773207735,9.392274141311646,9.05598436810391
9191735221,0,-0.0007905083874780008,0.4989521838947226,9.538307189941406,9.039355006046684
9216735221,0,-0.0020575843695061443,0.7111866550903052,9.735074758529663,9.023888103439358
9241735221,0,-0.002995748797502784,0.7041282592898899,9.71384882926941,9.00972056997952
9266735222,0,-0.0060444416790333645,0.6674037911163495,9.665426015853882,8.998022224737532
9291735222,0,-0.004274132537156838,0.6454339964952034,9.635033369064331,8.989599372569128
9316735222,0,-0.003853544666265608,0.670730063736471,9.654237270355225,8.983507206618754
9341735223,0,-0.003476138769127015,0.7328728306066896,9.712177276611328,8.979304446004639
9366735223,0,-0.0051708604841887345,0.7902504406835487,9.766743421554565,8.976492980871017
9391735224,0,-0.006966668998966642,0.83361823562303,9.80878758430481,8.97516934868178
9416735224,0,-0.005095197166383148,0.8613069763007886,9.836814880371094,8.975507904070305
9441735224,0,-0.003763158496249106,0.8282284554853625,9.805856466293335,8.977628010807972
9466735225,0,-0.0029388305544193445,0.8250564802577216,9.806782007217407,8.981725526959686
9491735225,0,-0.00260597266886739,0.8129628545414231,9.800334692001343,8.98737183745992
9516735225,0,-0.0018354514394991737,0.7924916369013015,9.786523818969727,8.994032182068425
9541735226,0,-0.001686477424602118,0.790390240591762,9.791889667510986,9.001499426919224
9566735226,0,-0.002878193652787787,0.7985166618788249,9.808019399642944,9.00950273776412
9591735227,0,-0.0013128660770024205,0.7946131530922997,9.812421083450317,9.017807930358018
9616735227,0,-5.3401968896462e-06,0.7877456613727105,9.814107656478882,9.026361995106171
9641735227,0,0.0010483303190709874,0.7329374956292849,9.768168210983276,9.035230715353991
9666735228,0,0.001475596597150674,0.7384809117455102,9.78274655342102,9.04426564167551
9691735228,0,0.0007471189766734251,0.7439328880159959,9.79716968536377,9.053236797347774
9716735228,0,0.0007503063982860977,0.8091303385556081,9.870959758758545,9.061829420202937
9741735229,0,0.0006063411887803846,0.7900135927587772,9.86023736000061,9.070223767241833
9766735229,0,0.000475960466623919,0.7699680190356037,9.848628044128418,9.078660025092814
9791735230,0,0.000567409110511312,0.7711882133769219,9.858703851699829,9.087515638322907
9816735230,0,0.0005106426494094282,0.7598105671522895,9.856303453445435,9.096492886293145
9841735230,0,0.0001577495422921027,0.7670695182560863,9.872554063796997,9.10548454554091
9866735231,0,0.00035567324624091664,0.796052380657553,9.91056776046753,9.114515379809976
9891735231,0,0.001103427178375757,0.7668960364061039,9.89045763015747,9.123561593751367
9916735231,0,0.0012023131393593862,0.8093683367809987,9.942204236984253,9.132835900203254
9941735232,0,0.0007752745342520334,0.757307727682603,9.899781703948975,9.142473976266372
9966735232,0,0.0005521550213649501,0.7246406054616727,9.877043008804321,9.152402403342649
9991735232,0,0.0002638451473996341,0.7163056177012823,9.879119396209717,9.162813778508434
10016735233,0,0.00021072145385509048,0.6683620032890989,9.841585636138916,9.173223632849817
10041735233,0,0.0006397332247226692,0.6605409796687258,9.84404969215393,9.183508712485205
10066735234,0,0.0002567113942665097,0.6268046865607566,9.820401191711426,9.19359650515067
10091735234,0,-0.00015909534420571102,0.5791893417450371,9.78243112564087,9.203241783895832
10116735234,0,-0.0001329129523873288,0.6368142929280207,9.849275350570679,9.212461057642658
10141735235,0,0.00025618015733106425,0.7161895822753408,9.937199592590332,9.221010010314991
10166735235,0,0.000576743702376996,0.6961781488910095,9.925103187561035,9.228925038670026
10191735235,0,0.0007610829189765624,0.6587150279303557,9.895715475082397,9.237000447152042
10216735236,0,0.0010097018047650265,0.6650606542436499,9.910714387893677,9.245653733650027
10241735236,0,0.0009007223420079341,0.6604952441037657,9.915000200271606,9.25450495616784
10266735237,0,0.0011888045430009165,0.6308777374528098,9.894197702407837,9.263319964955027
10291735237,0,0.0015868527896311041,0.5933632697739544,9.865526676177979,9.272163406404024
10316735237,0,0.002225627259008852,0.545460581059066,9.826359987258911,9.280899406199845
10341735238,0,0.0015497420951407015,0.49398032977894957,9.783222913742065,9.289242583963116
10366735238,0,0.0016214590814258353,0.4141933620454221,9.711082220077515,9.296888858032093
10391735238,0,0.0008042648927291985,0.270846584576093,9.574385404586792,9.303538820010699
10416735239,0,0.0007667747432849063,0.31145400759104547,9.62024474143982,9.308790733848774
10441735239,0,0.0014654272043864327,0.4326049707799733,9.744569063186646,9.311964092406672
10466735240,0,0.0018262129745446618,0.48022979364944973,9.79283881187439,9.31260901822494
10491735240,0,0.0015542955545873767,0.5419164928524243,9.853765726089478,9.311849233237053
10516735240,0,0.001068517322617914,0.6076812476501114,9.918452739715576,9.310771492065465
10541735241,0,0.0010598657496692313,0.6393890202410635,9.94916296005249,9.309773939811427
10566735241,0,0.0008870619636679087,0.6970643053151484,10.00642204284668,9.309357737531531
10591735241,0,0.0005132988340866554,0.6660293950062268,9.975878477096558,9.30984908209033
10616735242,0,0.00021489545834787606,0.6502808691028736,9.961669206619263,9.311388337516389
10641735242,0,0.0005611860492675225,0.6561306471315458,9.970170021057129,9.314039373925583
10666735243,0,0.0006200015671204101,0.626506686403733,9.943803548812866,9.317296862409133
10691735243,0,0.0005048749341103063,0.6178247009328484,9.93881106376648,9.320986362833631
10716735243,0,0.0005440346853517128,0.6249011416781904,9.94989824295044,9.324997101272249
10741735244,0,0.0011446359863681672,0.6142257931978428,9.943264245986938,9.329038452789096
10766735244,0,0.0005340170745690274,0.5940238209755844,9.927104473114014,9.33308065213843
10791735244,0,-1.1661923968606298e-06,0.6309782243203657,9.96809434890747,9.337116124587105
10816735245,0,-0.00048428823968909586,0.7246504142285008,10.065662384033203,9.341011969804702
10841735245,0,-0.00032992596444680775,0.7149733691603153,10.059720754623413,9.344747385463098
10866735246,0,-0.0006625561770264287,0.7255678790600566,10.074424982070923,9.348857103010866
10891735246,0,-0.0009674102869813312,0.7348893475739651,10.088712930679321,9.353823583105356
10916735246,0,-0.0010516492867448217,0.7257464880485163,10.085115194320679,9.359368706272162
10941735247,0,-0.0006391058608760515,0.7356260055730335,10.101118326187134,9.3654923206141
10966735247,0,7.457301639950299e-05,0.6649427134376733,10.037063598632812,9.37212088519514
10991735247,0,-0.0002670882240826904,0.6515764570646887,10.030693531036377,9.379117073971688
11016735248,0,-0.0008763410980478278,0.6451052370094317,10.031393051147461,9.38628781413803
11041735248,0,-0.0009526874347704148,0.6555047956474169,10.048594236373901,9.393089440726484
11066735249,0,-0.0009672585049997753,0.6458168442925629,10.045349836349487,9.399532992056924
11091735249,0,-0.0008980459214103128,0.6085784766152322,10.014252662658691,9.40567418604346
11116735249,0,-0.0014896920855149728,0.5400523132426738,9.951663494110107,9.411611180867434
11141735250,0,-0.0017304941992533113,0.5055870158430089,9.922783613204956,9.417196597361947
11166735250,0,-0.0018265721935781572,0.5091617366432306,9.93121862411499,9.42205688747176
11191735250,0,-0.0016931558317905748,0.5425291536958117,9.968321800231934,9.425792646536122
11216735251,0,-0.00012365425151242263,0.5360310208987933,9.964452981948853,9.42842196105006
11241735251,0,0.000976233877831964,0.5154591845023297,9.945728302001953,9.430269117499623
11266735251,0,0.0029245073930827124,0.5151954011626607,9.946837663650513,9.431642262487852
11291735252,0,0.0019988649785644286,0.612560644742663,10.045027256011963,9.4324666112693
11316735252,0,0.0008326481232801404,0.48199537973740547,9.914652585983276,9.432657206245871
11341735253,0,0.0019452100480844396,0.0,9.100062847137451,9.432706120213329
11366735253,0,0.0010918158567867354,0.0,8.814899682998657,9.43285461592542
11391735253,0,0.0030223308801954505,0.0,8.861949920654297,9.431442559591838
11416735254,0,0.002286795397575855,0.07842926712092257,9.498449563980103,9.42002029685918
11441735254,0,0.0007023432921144528,0.24857886701463627,9.63352346420288,9.384944597188245
11466735254,0,0.0012230313798417582,0.6615061326443357,10.001755714416504,9.340249581772168
11491735255,0,0.0010739055829631465,0.5984243292569804,9.916418552398682,9.317994223141701
11516735255,0,0.002074072950425347,0.17475168795803597,9.473333358764648,9.298581670806612
11541735256,0,0.0016247982850200635,0.0,9.187012910842896,9.282349412823772
11566735256,0,0.0017541165333056386,0.0,8.930821895599365,9.268398809170268
11591735256,0,-2.8335167095355794e-05,0.0324061292322515,9.2854642868042,9.253058157571948
11616735257,0,-0.0002230714494314971,0.10898236371746783,9.344515800476074,9.235533436758606
11641735257,0,-0.002015085414670509,0.0,8.428854703903198,9.216411257903275
11666735257,0,-0.0030869697684178434,0.0,8.654569387435913,9.196323992135397
11691735258,0,-0.002381031772201637,0.0,8.533697605133057,9.170280521204322
11716735258,0,-0.001798340745008771,0.0,8.885417461395264,9.12350508070152
11741735259,0,-0.00044816412807880627,0.0,8.462581872940063,9.057531461269203
11766735259,0,-0.0003999733489348274,0.0,8.517757415771484,8.988932740579354
11791735259,0,0.0002642246023535237,0.0,8.843248844146729,8.944173511365163
11816735260,0,-0.0006984526156643846,0.0,8.208736896514893,8.871287690380179
11841735260,0,-0.0012214174331150276,0.0,7.973718881607056,8.794317539229542
11866735260,0,0.00021170803673520346,0.0,7.7010040283203125,8.74088432633141
11891735261,0,0.002023909005521142,0.0,8.074690103530884,8.659304794386427
11916735261,0,-0.0005404475728647563,0.0,7.734884977340698,8.551681991373945
11941735262,0,8.155498755107157e-05,0.0,7.482563495635986,8.418169524163812
11966735262,0,9.938937038388264e-05,0.0,6.795140504837036,8.25877530499995
11991735262,0,0.001955531222830237,0.0,6.67966890335083,8.081142660303492
12016735263,0,0.0016500699849491109,0.0,5.942316055297852,7.904245860869522
12041735263,0,0.004961345694571293,0.0,5.156015753746033,7.727417710049758
12066735263,0,0.010026310419089636,0.0,4.953626275062561,7.550666699374831
12091735264,0,0.01435892708260106,0.0,4.642496824264526,7.373868253743634
12116735264,0,0.01716985349002442,0.0,4.315599203109741,7.196828472347384
12141735265,0,0.019411673357604155,0.0,3.9806896448135376,7.01960728678681
12166735265,0,0.014308459573733742,0.0,4.70108699798584,6.842418375528053
12191735265,0,0.016515673149518753,0.0,4.791850447654724,6.6653018180965224
12216735266,0,0.009010509507527185,0.0,5.102808952331543,6.489094456792716
12241735266,0,0.009670153999368861,0.0,4.994449853897095,6.312550770856444
12266735266,0,0.012261603661462478,0.0,5.046720027923584,6.156194298480934
12291735267,0,0.013178822176004412,0.0,4.832421541213989,5.993750807924251
12316735267,0,0.016406845468743214,0.0,4.5671961307525635,5.827464881008365
12341735268,0,0.011105859762905542,0.0,4.377923011779785,5.658266501116823
12366735268,0,0.016451697044292966,0.0,4.21385657787323,5.486428464048098
12391735268,0,0.015466100747060126,0.0,4.5928966999053955,5.313299390499381
12416735269,0,0.015725040807594386,0.0,4.953395247459412,5.137937221091062
12441735269,0,0.0190104376893613,0.2018470623954629,5.1636611223220825,4.96181405992662
12466735269,0,0.02310961366523984,0.22983665129938569,5.027839422225952,4.7980027709265665
12491735270,0,0.006760721085915762,0.0,4.225380063056946,4.658898891889691
12516735270,0,0.013123269970754975,0.0,4.246528387069702,4.54917380782902
12541735270,0,0.008835125427839414,0.1267560738357183,4.575994849205017,4.449238775369299
12566735271,0,0.004449688634746559,0.6919040566391716,5.028327941894531,4.33642388525536
12591735271,0,0.0006516481102748025,0.7416225690449112,4.9755120277404785,4.233889458695567
12616735272,0,-0.00552117329761961,0.6223508368573984,4.784286975860596,4.161936139003197
12641735272,0,-0.006434824935594982,0.9601680148829788,5.073911190032959,4.11374317514998
12666735272,0,-0.003291799552527448,1.3877608797935252,5.463207006454468,4.0754461266609425
12691735273,0,-0.0022684854328779824,2.558460150457381,6.603579998016357,4.0451198475589765
12716735273,0,-0.004579821448010298,2.947420689877693,6.971607685089111,4.024186995211418
12741735273,0,-0.0050014717927724175,3.0227002392102706,7.03680682182312,4.0141065826128495
12766735274,0,-0.006399839188846361,3.2652930767513926,7.2814435958862305,4.016150519134838
12791735274,0,-0.009360119066120666,3.427410788609561,7.457467317581177,4.030056528971616
12816735275,0,-0.01278432057002039,3.6473092361755084,7.701022624969482,4.053713388793974
12841735275,0,-0.013796706386997837,3.9223044249520527,8.007538318634033,4.0852338936819805
12866735275,0,-0.012855278646397747,3.9241657931593883,8.047318696975708,4.12315290381632
12891735276,0,-0.012843515542827168,3.9123090035209156,8.078862190246582,4.166553186725666
12916735276,0,-0.0124192849043786,3.939694307468101,8.154225826263428,4.214531518795327
12941735276,0,-0.014790954257179361,3.980493492504241,8.246664762496948,4.266171269992707
12966735277,0,-0.01624790949813386,4.0534592344996065,8.374364376068115,4.320905141568509
12991735277,0,-0.017671624485127626,4.076756377625908,8.454768419265747,4.378012041639839
13016735278,0,-0.01903720697318551,3.989677455686431,8.426947116851807,4.4372696611653755
13041735278,0,-0.01837657589846372,4.248653757549048,8.746961116790771,4.498307359241723
13066735278,0,-0.01686862191170646,4.2167379543931505,8.777587652206421,4.56084969781327
13091735279,0,-0.015522922863232393,4.223059601389464,8.84794020652771,4.624880605138246
13116735279,0,-0.013267290835331071,4.034431682207845,8.724554300308228,4.690122618100382
13141735279,0,-0.011765256345854489,3.8056746799941505,8.56199026107788,4.75631558108373
13166735280,0,-0.010135724991871002,4.0094668434459795,8.832831144332886,4.823364300886906
13191735280,0,-0.00731182122502462,4.185881069780185,9.07694149017334,4.8910604203931545
13216735281,0,-0.00820361625765595,4.136695119431408,9.096031665802002,4.959336546370594
13241735281,0,-0.011231742680685717,4.278929669998832,9.307063579559326,5.028133909560494
13266735281,0,-0.011564372893265337,4.293771489445193,9.391119718551636,5.0973482291064425
13291735282,0,-0.010258061269005008,4.249634870047921,9.416207313537598,5.1665724434896765
13316735282,0,-0.008146090886646288,4.32608261436149,9.562346935272217,5.236264320910727
13341735282,0,-0.007819456062338123,4.360773686972368,9.667157649993896,5.306383963021529
13366735283,0,-0.009268898095205607,4.416023187176631,9.792840957641602,5.376817770464971
13391735283,0,-0.006618557024268326,4.328368529056577,9.775758504867554,5.447389975810976
13416735284,0,-0.005391247921407812,4.224889283216303,9.742878198623657,5.517988915407354
13441735284,0,-0.0038569597608506144,4.1719921940122315,9.76097559928894,5.588983405276709
13466735284,0,-0.0027036443739985724,4.037846863254188,9.697919368743896,5.660072505489708
13491735285,0,-0.002332840993057658,4.048307557060741,9.779552936553955,5.731245379493214
13516735285,0,-0.0021543453827479915,4.017618213559365,9.820057153701782,5.802438940142417
13541735285,0,-0.002066918961371828,3.9408036025012017,9.814411640167236,5.873608037666035
13566735286,0,-0.0027611697450082356,3.866571007643949,9.81130313873291,5.944732131088961
13591735286,0,-0.0028942825428327056,3.7413736149323205,9.757165431976318,6.015791817043998
13616735287,0,-0.0023965894253111103,3.6508588938567765,9.737591743469238,6.086732849612462
13641735287,0,-0.0025854062103665737,3.596484919346657,9.754078388214111,6.1575934688674545
13666735287,0,-0.0024268699306315,3.5488928546903473,9.777270555496216,6.2283777008058685
13691735288,0,-0.0022990695021614838,3.488574224889991,9.787588834762573,6.299014609872582
13716735288,0,-0.0010575687840254993,3.470080633724667,9.839605808258057,6.36952517453339
13741735288,0,-0.0001988622233733408,3.3850011511628164,9.825325727462769,6.440324576299952
13766735289,0,-8.950330566235887e-05,3.2964099618547476,9.730055093765259,6.433645131910511
13791735289,0,0.0001916728151698327,3.313510251910075,9.742666482925415,6.42915623101534
13816735289,0,0.00018810593860327048,3.340030386175167,9.765551805496216,6.425521419321049
13841735290,0,0.000653090039099583,3.445220382080496,9.867549419403076,6.42232903732258
13866735290,0,0.0008337864881418092,3.40760012470444,9.826988697052002,6.419388572347562
13891735291,0,0.00085200032592851,3.4061541468210974,9.822771549224854,6.416617402403756
13916735291,0,0.0008227822944790109,3.396134466665371,9.810089349746704,6.413954883081333
13941735291,0,0.0010027957246042359,3.3931372399679827,9.804505348205566,6.411368108237584
13966735292,0,0.0011381093611612663,3.405976462260833,9.814815759658813,6.40883929739798
13991735292,0,0.001252325302282035,3.449906625330234,9.856262683868408,6.406356058538174
14016735292,0,0.001408736634275327,3.4673817646036253,9.871288776397705,6.40390701179408
14041735293,0,0.0010295852443488415,3.4795213994579086,9.881004810333252,6.401483410875343
14066735293,0,0.001103427178375757,3.4900370528787086,9.889118671417236,6.399081618538528
14091735294,0,0.0012350980473754473,3.4741741146945015,9.870869636535645,6.396695521841143
14116735294,0,0.0015571794122369374,3.4672467577019583,9.861572027206421,6.394325269504463
14141735294,0,0.0019304871958735232,3.4673871007793933,9.859354019165039,6.391966918385646
14166735295,0,0.0013820230055214995,3.4851732686548997,9.874791383743286,6.389618115088386
14191735295,0,0.0011781039133012298,3.503800214383693,9.891075611114502,6.387275396730809
14216735295,0,0.0014759760521045637,3.5112304716124028,9.896174669265747,6.384944197653344
14241735296,0,0.0013348947002484112,3.493343281106424,9.875962972640991,6.382619691534567
14266735296,0,0.0013463542398558773,3.437788451101743,9.86693787574768,6.429149424645938
14291735297,0,0.001925098935528291,3.3423796450639127,9.849532127380371,6.507152482316458
14316735297,0,0.002816362731224177,3.2837563279212336,9.865323543548584,6.58156721562735
14341735297,0,0.002930958127298835,3.228393432155075,9.881145715713501,6.652752283558426
14366735298,0,0.0031013334015952644,3.1601746763337566,9.881333112716675,6.721158436382918
14391735298,0,0.002581859569720406,3.0899596310618858,9.877174615859985,6.7872149847981
14416735298,0,0.002396685552222282,3.012194497848842,9.86345100402832,6.851256506179478
14441735299,0,0.0021400981124021366,2.949055889058701,9.862652063369751,6.91359617431105
14466735299,0,0.001625557194927843,2.8616236996944817,9.83609390258789,6.974470202893409
14491735300,0,0.001348555078588437,2.843502228379136,9.877600908279419,7.034098679900283
14516735300,0,0.0009324447761531045,2.8077838825679944,9.900451898574829,7.092668016006835
14541735300,0,0.0011381852521520441,2.7285489161650034,9.878880500793457,7.150331584628454
14566735301,0,0.0008286259007689107,2.8122468049339444,10.019470453262329,7.207223648328385
14591735301,0,0.0013297341128755127,2.695341268984058,9.95879602432251,7.263454755338452
14616735301,0,0.0016417219759635397,2.649696009564063,9.968825340270996,7.319129330706933
14641735302,0,0.00101213031646992,2.5781937420551415,9.952512502670288,7.374318760615147
14666735302,0,0.0007099323911922446,2.503861384386841,9.932963132858276,7.429101748471435
14691735303,0,-7.075823094021277e-05,2.457510581736365,9.941059827804565,7.4835492460682005
14716735303,0,4.178810838344178e-05,2.424218354062778,9.96191954612732,7.537701192064541
14741735303,0,-6.127185709297284e-05,2.3843653284490607,9.975965023040771,7.591599694591711
14766735304,0,0.0002475285843823814,2.290985530210601,9.936269044876099,7.645283514665498
14791735304,0,0.0004277696874799401,2.219578327007011,9.918361186981201,7.69878285997419
14816735304,0,0.000743552100106863,2.118934502696181,9.871057033538818,7.752122530842637
14841735305,0,0.0010200229795108236,2.073679080074694,9.879006385803223,7.805327305728529
14866735305,0,0.0013131898768859265,2.028728945894783,9.8871431350708,7.858414189176018
14891735306,0,0.001699171455982425,1.9527014467146246,9.864101886749268,7.911400440034643
14916735306,0,0.002068153453144669,1.8621114532797831,9.826411485671997,7.964300032392214
14941735306,0,0.0022996968660081015,1.8302087354124534,9.847332000732422,8.017123265319968
14966735307,0,0.0022923354399026433,1.7921940093846196,9.862075567245483,8.069881557860864
14991735307,0,0.0028151484753717302,1.8293196055436773,9.951906681060791,8.122587075517114
15016735307,0,0.002237162689607096,1.825134457778102,10.000385999679565,8.175251541901464
15041735308,0,0.002030587412709599,1.7574718179777502,9.985332727432251,8.2278609094545
15066735308,0,0.0017178406397137928,1.6572549858781258,9.93771743774414,8.280462451866015
15091735308,0,0.0015223454474698726,1.5535606630067065,9.886590957641602,8.333030294634895
15116735309,0,0.001420272064873571,1.5026973843623121,9.888273239135742,8.38557585477343
15141735309,0,0.0011408414368292714,1.4036307838020026,9.841725826263428,8.438095042461425
15166735310,0,0.0010551605082410004,1.3236358730921882,9.814229965209961,8.490594092117773
15191735310,0,0.0008562502214120733,1.2683752616608075,9.811451196670532,8.543075935009725
15216735310,0,0.0008841781060183478,1.1864513712798281,9.78199052810669,8.595539156826861
15241735311,0,0.0007959168837436275,1.133143303527861,9.781132936477661,8.6479896329498
15266735311,0,0.0010118267525068081,1.0570449828551371,9.757469415664673,8.700424432809536
15291735311,0,0.00036083383361381515,1.0166207765516262,9.769469261169434,8.752848484617807
15316735312,0,0.00022309168535189136,0.9764191264691782,9.781677961349487,8.80525883488031
15341735312,0,0.00044962629282398095,0.8963615080492655,9.754027605056763,8.857666097007497
15366735313,0,-0.0006350077473740439,0.8671596180502341,9.777219772338867,8.910060154288633
15391735313,0,-0.00140370759296359,0.8272768533190327,9.789708137512207,8.962431284193174
15416735313,0,-0.0014710987927743825,0.6883243665419325,9.70309066772461,9.014766301182677
15441735314,0,-0.0010437566237039182,0.616259562814486,9.683307409286499,9.067047846472013
15466735314,0,-0.0013826098975273284,0.6532162134118504,9.772090673446655,9.118874460034805
15491735314,0,-0.0011214689982605075,0.6672245145806084,9.836191177368164,9.168966662787556
15516735315,0,-0.002078606173951628,0.6368360311699508,9.853845834732056,9.217009803562105
15541735315,0,-0.0025282602943108006,0.6042135323611948,9.867622375488281,9.263408843127086
15566735316,0,-0.002565750443755093,0.5447521960130555,9.85289454460144,9.308142348588385
15591735316,0,-0.002560513965391416,0.5033041425655487,9.854230642318726,9.350926499753177
15616735316,0,-0.0019515646553893906,0.46610999795755426,9.85756802558899,9.391458027631435
15641735317,0,-0.001679647235432105,0.44211502925339907,9.87143325805664,9.429318228803242
15666735317,0,-0.0013267541283147797,0.42009131528736887,9.884415864944458,9.46432454965709
15691735317,0,-0.0010699390155223002,0.3844998911953059,9.880860328674316,9.49636043747901
15716735318,0,9.10413613983115e-05,0.3493169517855552,9.874759197235107,9.525442245449552
15741735318,0,0.0015574070852092713,0.29832957321648657,9.849889755249023,9.551560182032537
15766735319,0,0.0019348888733386426,0.2855488621833704,9.860160112380981,9.574611250197611
15791735319,0,0.0021382008376326887,0.25112040572286354,9.845601081848145,9.594480676125281
15816735319,0,0.0017227735541143578,0.2541770397733547,9.86530351638794,9.611126476614585
15841735320,0,0.0017980574169660537,0.2162039180367774,9.840908288955688,9.624704370918911
15866735320,0,0.0015382825555332355,0.19911748029876186,9.834418058395386,9.635300578096624
15891735320,0,0.0013222967957792766,0.21903934628514854,9.862170696258545,9.643131349973396
15916735321,0,0.0012378301230434525,0.2162833345450288,9.864449501037598,9.648166166492569
15941735321,0,0.0013605458551313482,0.19593132291686288,9.846587419509888,9.650656096593025
15966735322,0,0.0009935370237293298,0.19336746471814692,9.844356536865234,9.650989072147087
15991735322,0,0.0013106095831994771,0.24212695520694538,9.89139461517334,9.649267659966394
16016735322,0,0.0013679072812368064,0.240262164928426,9.88581132888794,9.645549163959513
16041735323,0,0.0013337563353867426,0.24002463788417927,9.880185842514038,9.640161204629859
16066735323,0,8.102375061562615e-05,0.22385136310231424,9.857399940490723,9.633548577388408
16091735323,0,-0.00012873894789454325,0.23915669129882744,9.864871501922607,9.62571481062378
16116735324,0,-9.580225789692619e-05,0.24042055874999946,9.857105255126953,9.616684696376954
16141735324,0,-0.0009079876412022203,0.26843198155923176,9.874902963638306,9.606470982079074
16166735325,0,-0.0013026966842381792,0.2806210440941701,9.875895738601685,9.595274694507514
16191735325,0,-0.00161855498785588,0.31299202309191543,9.89621114730835,9.583219124216434
16216735325,0,-0.001685414950731227,0.28634204484804293,9.856901407241821,9.570559362393778
16241735326,0,-0.0017858946225211925,0.291868691390718,9.84931468963623,9.557445998245512
16266735326,0,-0.0021244443323814913,0.2772892908634912,9.821283102035522,9.543993811172031
16291735326,0,-0.0021430376251220812,0.28440636817227194,9.81440806388855,9.530001695716278
16316735327,0,-0.0027759684882099297,0.3299131285347592,9.845420122146606,9.515506993611847
16341735327,0,-0.002666609570498948,0.3394253951241204,9.83988618850708,9.50046079338296
16366735327,0,-0.0024073659460015747,0.33837551739200933,9.82344388961792,9.48506837222591
16391735328,0,-0.0019565734607807335,0.3850080222350414,9.854658365249634,9.469650343014592
16416735328,0,-0.0009040413096817684,0.40146150575699124,9.855643272399902,9.454181766642911
16441735329,0,0.00015448622968865217,0.40614269900835076,9.844883680343628,9.438740981335277
16466735329,0,-0.000681073578776241,0.42483713181360017,9.848461389541626,9.423624257728026
16491735329,0,0.00027697428880421414,0.47343755347285743,9.882257223129272,9.408819669656415
16516735330,0,0.0008936644798655878,0.4997945565886255,9.894114017486572,9.394319460897947
16541735330,0,0.0017089613937927763,0.48706157348005874,9.86737060546875,9.380309031988691
16566735330,0,0.0018575559537359425,0.46088103000033875,9.82792067527771,9.367039645277371
16591735331,0,0.0020801442296875805,0.47208356974553745,9.826534509658813,9.354450939913276
16616735331,0,0.0018576318447267206,0.5046570445299494,9.846912860870361,9.342255816340412
16641735332,0,0.0014212586477536837,0.5273853278982017,9.85764741897583,9.330262091077628
16666735332,0,0.002114219284546866,0.568779102066955,9.88740849494934,9.318629392882386
16691735332,0,0.002238301054468765,0.5618141452145071,9.86937403678894,9.307559891574433
16716735333,0,0.0018349404384841229,0.5723337432525071,9.869515657424927,9.29718191417242
16741735333,0,0.0017044079343461012,0.571658976653012,9.859283208847046,9.287624232194034
16766735333,0,0.0014692976449161067,0.5735963044343517,9.852318048477173,9.278721744042821
16791735334,0,0.001976097681331053,0.6228448427507338,9.89329719543457,9.270452352683836
16816735334,0,0.0022673673039367076,0.6575863490667686,9.920316696166992,9.262730347100224
16841735335,0,0.001946803758890776,0.63400708862061,9.889647245407104,9.255640156786495
16866735335,0,0.0015517152609009271,0.6352735685715167,9.884797811508179,9.249524242936662
16891735335,0,0.0018287173772403333,0.6753671400430363,9.919740915298462,9.244373775255426
16916735336,0,0.0017372687333529402,0.695743080223421,9.935628890991211,9.23988581076779
16941735336,0,0.002099572323326728,0.6845982048168562,9.920730113983154,9.236131909166298
16966735336,0,0.002727873835977123,0.6876143428360635,9.920969009399414,9.23335466656335
16991735337,0,0.0025462666950455616,0.6834900894500997,9.914973020553589,9.23148293110349
17016735337,0,0.002697593330656733,0.7126333355394205,9.942959547042847,9.230326211503426
17041735338,0,0.0028388264644944416,0.7155702035050648,9.945420742034912,9.229850538529847
17066735338,0,0.004038511246711792,0.7499010721528663,9.979928255081177,9.23002718292831
17091735338,0,0.0040508814782085935,0.7455610623529019,9.976552248001099,9.230991185648197
17116735339,0,0.004698914648461248,0.7319355230926945,9.964646816253662,9.232711293160968
17141735339,0,0.005716764616774703,0.7035826585228104,9.938956260681152,9.235373602158342
17166735339,0,0.006738485025617833,0.7039795627237382,9.94270634651184,9.238726783788103
17191735340,0,0.006830085451486781,0.6615740187124768,9.904094696044922,9.242520677332445
17216735340,0,0.006714048126587342,0.6470081121266364,9.893566131591797,9.24655801946516
17241735341,0,0.0075487731341536786,0.657684576879749,9.908490657806396,9.250806080926647
17266735341,0,0.007354719870734538,0.6535814444403272,9.908522129058838,9.25494068461851
17291735341,0,0.006851334928904599,0.49569306193962603,9.754617691040039,9.258924629100413
17316735342,0,0.005803052673289197,0.4747864988418229,9.737764120101929,9.262977621260106
17341735342,0,0.004339570807127799,0.4595924374454814,9.726223468780518,9.266631031335036
17366735342,0,0.003960191744228979,0.47257482667761863,9.741481304168701,9.268906477491083
17391735343,0,0.0031909606617039872,0.5425485720158107,9.812566995620728,9.270018423604917
17416735343,0,0.0028373845356696606,0.5570405393019637,9.827130317687988,9.270089778386025
17441735344,0,0.003363688556714532,0.5711823832952803,9.84082317352295,9.269640790227669
17466735344,0,0.0034942969518433316,0.5835503715887977,9.852791547775269,9.26924117618647
17491735344,0,0.003584000102942832,0.6157598566059246,9.884701251983643,9.268941395377718
17516735345,0,0.002382114481992922,0.6583043272090254,9.927184581756592,9.268880254547566
17541735345,0,0.0020000792344168753,0.6804693028334583,9.949658632278442,9.269189329444984
17566735345,0,0.0012795701679713081,0.699394428076145,9.969573497772217,9.270179069696072
17591735346,0,0.0007054548227363474,0.6988410313069462,9.97085452079773,9.272013489490783
17616735346,0,0.0003040673725119314,0.6972046361788315,9.971940994262695,9.274736358083864
17641735346,0,0.0003193214616582932,0.6861663771149633,9.964481592178345,9.278315215063381
17666735347,0,0.00026763969693853007,0.7021032087989063,9.984698295593262,9.282595086794355
17691735347,0,0.00038936884614631286,0.6862610532224238,9.973696231842041,9.287435178619617
17716735348,0,-8.0722725576513e-06,0.6800400298567961,9.972772121429443,9.292732091572647
17741735348,0,0.000125419980220709,0.6894482961033361,9.987936973571777,9.298488677468441
17766735348,0,0.00030695123016149237,0.7223760975592075,10.026884078979492,9.304507981420285
17791735349,0,0.0005303743070116872,0.6822751511059177,9.993024587631226,9.310749436525308
17816735349,0,0.0007164590163991457,0.6122119764636462,9.929559230804443,9.317347254340797
17841735349,0,0.001051669522665216,0.5840976303311916,9.908442735671997,9.324345105340806
17866735350,0,0.001071628853239809,0.537376018586647,9.868565082550049,9.331189063963402
17891735350,0,0.0014006921892528678,0.5190795452345007,9.856472253799438,9.337392708564938
17916735351,0,0.0017349920036296028,0.5621372873277846,9.904953002929688,9.342815715601903
17941735351,0,0.0022362519977177607,0.5479665959148701,9.8951997756958,9.34723317978093
17966735351,0,0.0017209521703356876,0.532521461866569,9.883368730545044,9.350847268678475
17991735352,0,0.0022351136328560917,0.5441560421043476,9.898185968399048,9.3540299262947
18016735352,0,0.0022562872192831316,0.5319764810681917,9.888670206069946,9.356693725001755
18041735352,0,0.0022489257931776734,0.5052613285007421,9.864078283309937,9.358816954809194
18066735353,0,0.0022932461317919785,0.49491889445345016,9.855473041534424,9.360554147080974
18091735353,0,0.0008241483323130134,0.4768218834273412,9.838603019714355,9.361781136287014
18116735354,0,0.0005037365692486374,0.4770622867204093,9.839431285858154,9.362368999137745
18141735354,0,0.0002689298437817547,0.48565612021964455,9.84798789024353,9.362331770023886
18166735354,0,-0.00012722112807898484,0.491643309282086,9.853258609771729,9.361615300489643
18191735355,0,-0.0002053888485802419,0.5001669419010266,9.860524892807007,9.36035795090598
18216735355,0,0.00019098979625283143,0.5515473407996812,9.910252332687378,9.358704991887697
18241735355,0,-8.60882110773525e-05,0.5406097372214109,9.897369861602783,9.356760124381372
18266735356,0,-0.0010584794759148344,0.5046772061131417,9.859429836273193,9.354752630160052
18291735356,0,-0.0008327037783505241,0.5020700660541237,9.855051755905151,9.352981689851028
18316735357,0,-0.0009413037861537269,0.5340336864236903,9.885196924209595,9.351163237785904
18341735357,0,-0.0008006777802422421,0.548314997528518,9.897389888763428,9.34907489123491
18366735357,0,-0.001232345735787048,0.5980331751315973,9.944907903671265,9.346874728539667
18391735358,0,-0.0010283507525760004,0.5888627550863319,9.933701992034912,9.34483923694858
18416735358,0,-0.0007360186560994547,0.5840808166627873,9.927233219146729,9.343152402483941
18441735358,0,-0.0009095054610177785,0.567211496595128,9.909259557723999,9.342048061128871
18466735359,0,-0.0009980702472556105,0.5558561667647091,9.897164583206177,9.341308416441468
18491735359,0,-0.0011471201531434445,0.5635397408137699,9.904340028762817,9.340800287949047
18516735360,0,-0.0015586011051413236,0.543031807881242,9.883380889892578,9.340349082011336
18541735360,0,-0.0008783142638080538,0.5450263717370447,9.88493013381958,9.339903762082535
18566735360,0,-0.0005443180133944302,0.5420740137448892,9.881528377532959,9.33945436378807
18591735361,0,-0.00022739723590583852,0.5173259430069788,9.856194734573364,9.338868791566385
18616735361,0,-0.0005207159152624972,0.5361292258317434,9.874300718307495,9.338171492475752
18641735361,0,-0.0004914978838129983,0.5252330236481182,9.862505435943604,9.337272412295485
18666735362,0,-0.0005036404423374653,0.4898983386787297,9.825985193252563,9.336086854573834
18691735362,0,0.0007659399423863493,0.4767853255832648,9.811547040939331,9.334761715356066
18716735363,0,0.0010811152270870487,0.48920789237927487,9.822320222854614,9.33311233047534
18741735363,0,0.0008988250672384863,0.4749760136438539,9.805888652801514,9.33091263915766
18766735363,0,0.001082784828884163,0.4975355707231337,9.825770616531372,9.328235045808238
18791735364,0,0.001700613384807205,0.5091681304993045,9.834362983703613,9.325194853204309
18816735364,0,0.0013817953325491656,0.42147593894702773,9.743267297744751,9.321791358797723
18841735364,0,0.0029541807704768787,0.4442503088215748,9.76250410079956,9.318253791977986
18866735365,0,0.0015527018437810403,0.4262871766313445,9.74069094657898,9.314403769947635
18891735365,0,0.0022566666742370213,0.3133333289838234,9.623069286346436,9.309735957362612
18916735365,0,0.0014582175602625305,0.28396423497083845,9.588594675064087,9.304630440093248
18941735366,0,0.0011257391296644653,0.4939979670064041,9.792644262313843,9.298646295307439
18966735366,0,0.001131734517935921,0.5182027268741631,9.809371948242188,9.291169221368024
18991735367,0,0.0009682653238002825,0.5217821330869477,9.804515361785889,9.282733228698941
19016735367,0,0.0006879998948574259,0.4969416924188703,9.771944761276245,9.275003068857375
19041735367,0,0.0002544346645431721,0.599444920035344,9.867394208908081,9.267949288872737
19066735368,0,-0.00010422615787327525,0.5544996606041028,9.815892219543457,9.261392558939354
19091735368,0,-0.0010170429949500905,0.5613726871060472,9.816754817962646,9.2553821308566
19116735368,0,-0.0014205553929162883,0.6280169324101319,9.87839126586914,9.250374333459009
19141735369,0,-0.0020909005144576507,0.6703104332454952,9.916145324707031,9.245834891461536
19166735369,0,-0.0015369721727696165,0.6812100351530344,9.92319130897522,9.241981273822185
19191735370,0,-0.0009726467653450076,0.6729924111586936,9.912237167358398,9.239244756199705
19216735370,0,-0.0006040442231366528,0.6295633883959155,9.867273330688477,9.237709942292561
19241735370,0,-0.0009264291519612546,0.5857123042404844,9.822898149490356,9.237185845249872
19266735371,0,-0.0019013248194944081,0.5185719724247608,9.755892992019653,9.237321019594892
19291735371,0,-0.0020349688542543242,0.3929633495772844,9.630575180053711,9.237611830476427
19316735371,0,-0.0018623168502345574,0.47237980953045877,9.709969282150269,9.23758947261981
19341735372,0,-0.0012409214177449529,0.5949795268610298,9.831552743911743,9.236573217050713
19366735372,0,-4.988820847628492e-05,0.6036144764552898,9.837831974029541,9.234217497574251
19391735373,0,-0.00014088150641901033,0.5584274388773061,9.79016661643982,9.231739177562513
19416735373,0,-0.00017025131985006517,0.592736769466331,9.822619915008545,9.229883145542214
19441735373,0,-0.0005029574234204641,0.5802871735252992,9.808638095855713,9.228350922330414
19466735374,0,-7.113768589410237e-05,0.576669097177092,9.803556203842163,9.226887106665071
19491735374,0,0.00017641872602347088,0.5846566882746185,9.810367584228516,9.225710895953897
19516735374,0,0.00041494411003847176,0.5946068541389167,9.819256067276001,9.224649213137084
19541735375,0,0.0006279701211520917,0.6079848992020107,9.831682920455933,9.223698021253922
19566735375,0,0.00046184474233922594,0.5776487981959093,9.800572156906128,9.222923358710219
19591735376,0,0.0005072275548244218,0.5919967754935218,9.814392328262329,9.222395552768807
19616735376,0,0.0006252380454840866,0.6022127508990476,9.824281454086304,9.222068703187256
19641735376,0,0.0014468339116458426,0.6269295934734664,9.84867525100708,9.221745657533614
19666735377,0,0.0017047873892999908,0.6108318938752113,9.832416772842407,9.221584878967196
19691735377,0,0.0019389110958498725,0.6378753356335078,9.859553575515747,9.22167823988224
19716735377,0,0.0018407840447740224,0.6549969394032225,9.877102375030518,9.222105435627295
19741735378,0,0.0015822993301844287,0.6791459486322662,9.901917457580566,9.2227715089483
19766735378,0,0.001875086772605642,0.6510096502970661,9.874905824661255,9.223896174364189
19791735379,0,0.0016647169461692494,0.6511824490598901,9.876756191253662,9.225573742193772
19816735379,0,0.0015125555096595208,0.6419974303946976,9.869770288467407,9.22777285807271
19841735379,0,0.001048785665015655,0.6369024167274127,9.86713171005249,9.230229293325078
19866735380,0,0.0007512929811662108,0.6433883710669495,9.876302003860474,9.232913632793524
19891735380,0,0.0005262003025189016,0.6528170013671275,9.888552188873291,9.235735187506164
19916735380,0,2.3726052578296954e-05,0.7277524599834493,9.96643352508545,9.238681065102
19941735381,0,-0.0001570462874547072,0.7254939109884369,9.967324018478394,9.241830107489957
19966735381,0,-0.001201306320558879,0.7501943185212756,9.99564528465271,9.245450966131434
19991735382,0,-0.0019114942122586492,0.7083804175657971,9.958354711532593,9.249974293966796
20016735382,0,-0.0020616824830081517,0.698307381388906,9.953545331954956,9.25523795056605
20041735382,0,-0.003036502259550527,0.6700213701570679,9.93121075630188,9.261189386144812
20066735383,0,-0.003654558488445903,0.6988312870612354,9.966251850128174,9.267420563066938
20091735383,0,-0.004307904028053012,0.6711203628178204,9.944882154464722,9.273761791646901
20116735383,0,-0.003294607519186231,0.6862047788897438,9.96633267402649,9.280127895136745
20141735384,0,-0.002411236386531249,0.675440148473756,9.962094068527222,9.286653920053466
20166735384,0,-0.002748268276575989,0.6340627272891659,9.927281141281128,9.293218413991962
20191735384,0,-0.003073537063050152,0.5960107112108552,9.895881414413452,9.299870703202597
20216735385,0,-0.0028154318034144476,0.6036662958363284,9.910037755966187,9.306371460129858
