ts,agent_id,cam0x,cam0y,cam1x,cam1y,cam2x,cam2y,cam3x,cam3y,world0x,world0y,world1x,world1y,world2x,world2y,world3x,world3y
1972721789,0,128.4830780029297,114.65492248535156,128.3646240234375,95.8099136352539,128.34571838378906,88.88111114501953,128.26173400878906,85.09490203857422,0.013384394347667694,3.5010733604431152,0.018098315224051476,6.588685512542725,0.024203160777688026,9.457171440124512,0.023621559143066406,12.307235717773438
1997721789,0,128.51412963867188,114.83516693115234,128.2724609375,95.72291564941406,128.23941040039062,88.65808868408203,128.15260314941406,84.79796600341797,0.01418478786945343,3.4846584796905518,0.013573342934250832,6.614314556121826,0.01698511466383934,9.589140892028809,0.014092019759118557,12.602066993713379
2022721789,0,128.71873474121094,115.13682556152344,128.3439178466797,95.77647399902344,128.32005310058594,88.58793640136719,128.2294464111328,84.67679595947266,0.01969115063548088,3.4574928283691406,0.017094559967517853,6.598514556884766,0.022802388295531273,9.631386756896973,0.02139057219028473,12.72634506225586
2047721790,0,128.53729248046875,114.46936798095703,128.18942260742188,95.24842834472656,128.1673583984375,88.07815551757812,128.1157684326172,84.19983673095703,0.01495152898132801,3.518117904663086,0.009629170410335064,6.757472991943359,0.012301608920097351,9.949445724487305,0.011214676313102245,13.23952579498291
2072721790,0,128.6566162109375,114.46202087402344,128.30442810058594,95.23806762695312,128.2763671875,88.05828094482422,128.21597290039062,84.18231964111328,0.018275175243616104,3.5187957286834717,0.01548229530453682,6.7606635093688965,0.020339397713541985,9.962255477905273,0.020951731130480766,13.259139060974121
2097721790,0,128.7057342529297,114.57666778564453,128.37109375,95.25055694580078,128.35873413085938,88.04956817626953,128.31529235839844,84.16484069824219,0.01958935707807541,3.5082435607910156,0.018862571567296982,6.75681734085083,0.026415571570396423,9.967880249023438,0.030630750581622124,13.278764724731445
2122721791,0,128.5679931640625,114.4832534790039,128.27740478515625,95.22075653076172,128.2540283203125,88.04632568359375,128.2062530517578,84.17188262939453,0.015800686553120613,3.5168371200561523,0.014118488878011703,6.766002178192139,0.01870928518474102,9.969975471496582,0.020025957375764847,13.270852088928223
2147721791,0,128.65574645996094,114.62968444824219,128.3761444091797,95.29068756103516,128.35203552246094,88.09078216552734,128.30282592773438,84.20661163330078,0.018179187551140785,3.503383159637451,0.019086351618170738,6.744485855102539,0.02585591748356819,9.941324234008789,0.02931896038353443,13.231956481933594
2172721792,0,128.63348388671875,114.80049133300781,128.31619262695312,95.34648132324219,128.28115844726562,88.11736297607422,128.2310791015625,84.21932220458984,0.017491919919848442,3.4878056049346924,0.016005931422114372,6.727412223815918,0.020616160705685616,9.924269676208496,0.022349314764142036,13.217777252197266
2197721792,0,128.59207153320312,114.85814666748047,128.27120971679688,95.35684967041016,128.2346649169922,88.10980224609375,128.1814422607422,84.20820617675781,0.016326438635587692,3.4825756549835205,0.013722765259444714,6.72424840927124,0.0172150619328022,9.929115295410156,0.017564557492733,13.230175971984863
2222721792,0,128.51913452148438,114.80696868896484,128.2130584716797,95.34579467773438,128.1791534423828,88.10334777832031,128.12620544433594,84.20188903808594,0.014332306571304798,3.487217426300049,0.010785511694848537,6.727621555328369,0.013147997669875622,9.933255195617676,0.01222367025911808,13.237232208251953
2247721793,0,128.53042602539062,114.8108901977539,128.23309326171875,95.35054779052734,128.1956329345703,88.10684204101562,128.13778686523438,84.20320892333984,0.014642701484262943,3.486861228942871,0.011797317303717136,6.726170539855957,0.014354306273162365,9.931013107299805,0.013343949802219868,13.235756874084473
2272721793,0,128.4696502685547,114.74507904052734,128.20938110351562,95.32100677490234,128.17535400390625,88.08638763427734,128.11776733398438,84.1856460571289,0.01298491470515728,3.4928455352783203,0.01061062142252922,6.7351975440979,0.012882726266980171,9.944149017333984,0.011421599425375462,13.255410194396973
2297721793,0,128.4539337158203,114.7425308227539,128.19119262695312,95.31609344482422,128.1542510986328,88.07969665527344,128.09365844726562,84.17752838134766,0.01255113072693348,3.493077516555786,0.00969094131141901,6.736701011657715,0.01133707631379366,9.948453903198242,0.009089467115700245,13.26451301574707
2322721794,0,128.40728759765625,114.67791748046875,128.1963348388672,95.27647399902344,128.16587829589844,88.04646301269531,128.10470581054688,84.14818572998047,0.011278429068624973,3.498971700668335,0.009968522004783154,6.7488484382629395,0.012216895818710327,9.969886779785156,0.01018614787608385,13.297517776489258
2347721794,0,128.3873291015625,114.67908477783203,128.19827270507812,95.27410888671875,128.1688690185547,88.04096984863281,128.10372924804688,84.14497375488281,0.010725454427301884,3.4988651275634766,0.010067937895655632,6.749575138092041,0.01244142185896635,9.973438262939453,0.010093813762068748,13.301140785217285
2372721794,0,128.3861846923828,114.67938232421875,128.1871337890625,95.26630401611328,128.15725708007812,88.0315170288086,128.0940704345703,84.13621520996094,0.010693688876926899,3.49883770942688,0.009505510330200195,6.7519731521606445,0.011592743918299675,9.979554176330566,0.009160528890788555,13.311029434204102
2397721795,0,128.36322021484375,114.60230255126953,128.19088745117188,95.23670196533203,128.16111755371094,88.01393127441406,128.09609985351562,84.1210708618164,0.010075986385345459,3.505891799926758,0.009708531200885773,6.76108455657959,0.01189037412405014,9.990952491760254,0.009369844570755959,13.328160285949707
2422721795,0,128.35504150390625,114.56202697753906,128.21554565429688,95.22085571289062,128.18589782714844,88.00216674804688,128.11329650878906,84.11529541015625,0.009858422912657261,3.5095877647399902,0.010970127768814564,6.765971660614014,0.013729228638112545,9.998591423034668,0.011051802895963192,13.33470344543457
2447721796,0,128.32142639160156,114.52519989013672,128.1968536376953,95.20703887939453,128.17274475097656,87.99309539794922,128.10398864746094,84.10516357421875,0.008932762779295444,3.5129737854003906,0.010024769231677055,6.770237922668457,0.012765064835548401,10.004490852355957,0.010152334347367287,13.346199989318848
2472721796,0,128.30169677734375,114.50363159179688,128.1742706298828,95.19783782958984,128.14918518066406,87.98833465576172,128.0806884765625,84.10248565673828,0.008388711139559746,3.5149590969085693,0.008878248743712902,6.7730817794799805,0.011027399450540543,10.007587432861328,0.007879299111664295,13.349241256713867
2497721796,0,128.31190490722656,114.4832763671875,128.1773681640625,95.19373321533203,128.1516571044922,87.98475646972656,128.0844268798828,84.0989990234375,0.008676704950630665,3.5168349742889404,0.009037652052938938,6.774351119995117,0.011212627403438091,10.009918212890625,0.008246732875704765,13.353203773498535
2522721797,0,128.3022003173828,114.45325469970703,128.18019104003906,95.1902847290039,128.1565704345703,87.98339080810547,128.08885192871094,84.09591674804688,0.008412683382630348,3.5196049213409424,0.009182855486869812,6.775418281555176,0.0115768788382411,10.010807037353516,0.008681179024279118,13.356708526611328
2547721797,0,128.30389404296875,114.44157409667969,128.19493103027344,95.18405151367188,128.17001342773438,87.97877502441406,128.09605407714844,84.09474182128906,0.008462161757051945,3.520683765411377,0.009936701506376266,6.777347087860107,0.012574490159749985,10.013814926147461,0.009385769255459309,13.35804557800293
2572721797,0,128.2989044189453,114.42071533203125,128.20201110839844,95.17320251464844,128.17953491210938,87.97164154052734,128.108642578125,84.08551788330078,0.008327314630150795,3.522611618041992,0.010302433744072914,6.780707836151123,0.013284645974636078,10.018465042114258,0.010623935610055923,13.368544578552246
2597721798,0,128.29286193847656,114.45240783691406,128.1934356689453,95.18761444091797,128.1685028076172,87.978759765625,128.09552001953125,84.09115600585938,0.008152883499860764,3.5196831226348877,0.009858960285782814,6.776244640350342,0.012462773360311985,10.013824462890625,0.009336352348327637,13.362125396728516
2622721798,0,128.2816619873047,114.41667175292969,128.19766235351562,95.17619323730469,128.1748046875,87.97276306152344,128.1004638671875,84.08811950683594,0.007847698405385017,3.5229854583740234,0.010079349391162395,6.779780864715576,0.01293372455984354,10.017733573913574,0.009822041727602482,13.365581512451172
2647721799,0,128.26513671875,114.41328430175781,128.17681884765625,95.17567443847656,128.15524291992188,87.9737319946289,128.08314514160156,84.09004211425781,0.007387859281152487,3.523298978805542,0.00901668332517147,6.779941558837891,0.011485663242638111,10.017102241516113,0.008127550594508648,13.363391876220703
2672721799,0,128.2803955078125,114.40547180175781,128.21109008789062,95.16939544677734,128.18777465820312,87.96759796142578,128.10791015625,84.08375549316406,0.007814474403858185,3.524021625518799,0.010767225176095963,6.781887531280518,0.013897862285375595,10.021103858947754,0.010553852654993534,13.370553016662598
2697721799,0,128.27218627929688,114.41527557373047,128.2018585205078,95.17862701416016,128.1761932373047,87.97276306152344,128.09373474121094,84.08899688720703,0.007583934813737869,3.5231146812438965,0.010292242281138897,6.779026985168457,0.013036463409662247,10.017733573913574,0.009163490496575832,13.364582061767578
2722721800,0,128.2801513671875,114.4001693725586,128.2132110595703,95.17537689208984,128.18856811523438,87.97018432617188,128.10394287109375,84.08563995361328,0.007808647118508816,3.52451229095459,0.010872604325413704,6.780034065246582,0.013954328373074532,10.019415855407715,0.010164258070290089,13.368406295776367
2747721800,0,128.28439331054688,114.40741729736328,128.21795654296875,95.1758804321289,128.19105529785156,87.9700927734375,128.10321044921875,84.08729553222656,0.007925527170300484,3.523841619491577,0.011114356108009815,6.779877662658691,0.014138464815914631,10.019475936889648,0.010091254487633705,13.366519927978516
2772721800,0,128.29078674316406,114.40556335449219,128.2260284423828,95.17494201660156,128.20156860351562,87.97062683105469,128.11753845214844,84.0857925415039,0.008104056119918823,3.5240132808685303,0.011526436544954777,6.780168533325195,0.014915972016751766,10.019126892089844,0.01149358507245779,13.368232727050781
2797721801,0,128.2842559814453,114.39418029785156,128.21482849121094,95.16805267333984,128.19273376464844,87.9656982421875,128.1115264892578,84.0813980102539,0.007924173958599567,3.52506685256958,0.010958547703921795,6.782303810119629,0.01426660269498825,10.022344589233398,0.010909665375947952,13.373239517211914
2822721801,0,128.27719116210938,114.3948745727539,128.2098388671875,95.17024993896484,128.18582153320312,87.969482421875,128.102294921875,84.08786010742188,0.007727102842181921,3.5250027179718018,0.010703007690608501,6.781622409820557,0.013751682825386524,10.019874572753906,0.010001272894442081,13.365877151489258
2847721802,0,128.2848663330078,114.37267303466797,128.23509216308594,95.1681900024414,128.21441650390625,87.96843719482422,128.13014221191406,84.08634185791016,0.007945219986140728,3.5270590782165527,0.011992138810455799,6.782260894775391,0.015868885442614555,10.020556449890137,0.012725472450256348,13.367606163024902
2872721802,0,128.26705932617188,114.35867309570312,128.22671508789062,95.16275787353516,128.20608520507812,87.96353912353516,128.12098693847656,84.07987976074219,0.007451025303453207,3.5283567905426025,0.011567533947527409,6.783945560455322,0.01525697112083435,10.023754119873047,0.011836587451398373,13.374971389770508
2897721802,0,128.27239990234375,114.37451171875,128.22689819335938,95.16329956054688,128.20559692382812,87.96176147460938,128.11961364746094,84.0801010131836,0.007597188465297222,3.526888608932495,0.011576605029404163,6.783777236938477,0.015222515910863876,10.024914741516113,0.011702018789947033,13.37471866607666
2922721803,0,128.2591552734375,114.3755111694336,128.24180603027344,95.16340637207031,128.22389221191406,87.95947265625,128.1349334716797,84.07533264160156,0.007227626629173756,3.5267958641052246,0.012337164022028446,6.7837443351745605,0.016579486429691315,10.026410102844238,0.0132059995085001,13.380159378051758
2947721803,0,128.2581787109375,114.39682006835938,128.23045349121094,95.16549682617188,128.20867919921875,87.95869445800781,128.1183624267578,84.07279968261719,0.007196772377938032,3.524822473526001,0.01175688672810793,6.7830963134765625,0.015453699044883251,10.026918411254883,0.011586613021790981,13.383049964904785
2972721803,0,128.2657012939453,114.3910903930664,128.22955322265625,95.16519165039062,128.2114715576172,87.96006774902344,128.12693786621094,84.07389068603516,0.007407466880977154,3.525352954864502,0.011711112223565578,6.783190727233887,0.015659138560295105,10.026020050048828,0.012424948625266552,13.381804466247559
2997721804,0,128.25111389160156,114.3942642211914,128.2017364501953,95.1632308959961,128.18301391601562,87.96134948730469,128.09962463378906,84.07843780517578,0.007000261452049017,3.5250589847564697,0.010292856022715569,6.783799171447754,0.013550806790590286,10.02518367767334,0.009747800417244434,13.376615524291992
3022721804,0,128.2583465576172,114.3851089477539,128.22238159179688,95.15919494628906,128.20455932617188,87.9599609375,128.1197509765625,84.07927703857422,0.007203441113233566,3.525906801223755,0.011348174884915352,6.785050392150879,0.015147400088608265,10.026090621948242,0.01171625405550003,13.375658988952637
3047721805,0,128.2428741455078,114.36486053466797,128.21478271484375,95.1618423461914,128.1986541748047,87.960693359375,128.11268615722656,84.07770538330078,0.006775262299925089,3.527783155441284,0.010959149338304996,6.784229278564453,0.014709455892443657,10.025612831115723,0.011026476509869099,13.377450942993164
3072721805,0,128.24423217773438,114.34226989746094,128.220947265625,95.14900207519531,128.20314025878906,87.95092010498047,128.11538696289062,84.06842041015625,0.006816781125962734,3.529878616333008,0.011279945261776447,6.788214683532715,0.01505084615200758,10.031999588012695,0.011299441568553448,13.38805103302002
3097721805,0,128.24171447753906,114.32936096191406,128.2318572998047,95.14353942871094,128.21482849121094,87.9499282836914,128.12515258789062,84.07073211669922,0.006748566869646311,3.5310771465301514,0.011839726008474827,6.789911270141602,0.0159178264439106,10.032648086547852,0.012253406457602978,13.38541030883789
3122721806,0,128.23448181152344,114.33548736572266,128.23277282714844,95.1452865600586,128.2180938720703,87.94763946533203,128.1279296875,84.06482696533203,0.006545687094330788,3.530508518218994,0.011885578744113445,6.789368152618408,0.016162097454071045,10.034146308898926,0.01253143697977066,13.392157554626465
3147721806,0,128.2343292236328,114.32888793945312,128.22789001464844,95.13967895507812,128.21519470214844,87.9432373046875,128.12818908691406,84.06035614013672,0.006542447488754988,3.531121253967285,0.01163907814770937,6.791110515594482,0.015951653942465782,10.037027359008789,0.012561501935124397,13.397270202636719
3172721806,0,128.23434448242188,114.32251739501953,128.2234649658203,95.13500213623047,128.21206665039062,87.94292449951172,128.1282958984375,84.0626220703125,0.00654385844245553,3.5317130088806152,0.011415384709835052,6.792564392089844,0.01572008989751339,10.0372314453125,0.012569607235491276,13.394679069519043
3197721807,0,128.2431640625,114.35284423828125,128.2207489013672,95.14669799804688,128.2101287841797,87.95063781738281,128.12942504882812,84.06977081298828,0.00678527494892478,3.528897762298584,0.01127094030380249,6.7889299392700195,0.015568907372653484,10.032184600830078,0.012672723270952702,13.386507987976074
3222721807,0,128.223388671875,114.34426879882812,128.21168518066406,95.14486694335938,128.20175170898438,87.9504165649414,128.11830139160156,84.07061767578125,0.006234722677618265,3.529693365097046,0.01080902200192213,6.789498805999756,0.014948438853025436,10.032329559326172,0.011582731269299984,13.385540962219238
3247721808,0,128.23126220703125,114.32160949707031,128.22024536132812,95.14132690429688,128.20907592773438,87.94866943359375,128.1240997314453,84.06913757324219,0.006457926705479622,3.531797170639038,0.011247840709984303,6.790598392486572,0.015492811799049377,10.033473014831543,0.012151929549872875,13.387231826782227
3272721808,0,128.2211456298828,114.29991149902344,128.22096252441406,95.12969970703125,128.20843505859375,87.93989562988281,128.12045288085938,84.06209564208984,0.006178592331707478,3.533813953399658,0.011290138587355614,6.79421329498291,0.01545382384210825,10.039215087890625,0.011801713146269321,13.395280838012695
3297721808,0,128.22698974609375,114.31432342529297,128.22967529296875,95.13688659667969,128.21902465820312,87.94465637207031,128.13136291503906,84.06610107421875,0.006339710671454668,3.5324740409851074,0.011731673963367939,6.791978359222412,0.016234111040830612,10.03609848022461,0.012866383418440819,13.390702247619629
3322721809,0,128.22850036621094,114.27536010742188,128.2370147705078,95.12086486816406,128.228271484375,87.93390655517578,128.1433868408203,84.05411529541016,0.006387784145772457,3.5360987186431885,0.012114960700273514,6.796962261199951,0.016930900514125824,10.043139457702637,0.014058034867048264,13.404414176940918
3347721809,0,128.21902465820312,114.30266571044922,128.22012329101562,95.12925720214844,128.20773315429688,87.93910217285156,128.11854553222656,84.05987548828125,0.006118935998529196,3.5335581302642822,0.011247471906244755,6.794350624084473,0.01540254894644022,10.039734840393066,0.011616973206400871,13.397820472717285
3372721809,0,128.23777770996094,114.30534362792969,128.23428344726562,95.12732696533203,128.22604370117188,87.93912506103516,128.14437866210938,84.06027221679688,0.006642423570156097,3.5333092212677,0.011972002685070038,6.794951438903809,0.016760176047682762,10.039719581604004,0.014148049056529999,13.397367477416992
3397721810,0,128.23199462890625,114.34768676757812,128.21029663085938,95.14625549316406,128.19911193847656,87.94985961914062,128.11647033691406,84.06877136230469,0.006474390625953674,3.529376268386841,0.01073747593909502,6.789067268371582,0.014753364026546478,10.032693862915039,0.011405199766159058,13.387649536132812
3422721810,0,128.23263549804688,114.32489013671875,128.22109985351562,95.13687133789062,128.21115112304688,87.94447326660156,128.1267547607422,84.06629943847656,0.0064957719296216965,3.5314924716949463,0.011293654330074787,6.791983604431152,0.015650702640414238,10.03621768951416,0.012414831668138504,13.390475273132324
3447721811,0,128.22030639648438,114.30009460449219,128.21449279785156,95.13435363769531,128.20440673828125,87.94499969482422,128.1189422607422,84.06771087646484,0.006155117880553007,3.533797025680542,0.010957361198961735,6.7927656173706055,0.015150301158428192,10.035872459411621,0.011648284271359444,13.388862609863281
3472721811,0,128.21743774414062,114.29791259765625,128.21649169921875,95.12408447265625,128.20779418945312,87.9344482421875,128.124267578125,84.05570983886719,0.006075284443795681,3.5339999198913574,0.011064386926591396,6.795959949493408,0.015411575324833393,10.042783737182617,0.012181918136775494,13.402587890625
3497721811,0,128.2230987548828,114.28961181640625,128.22317504882812,95.12427520751953,128.21484375,87.93632507324219,128.13174438476562,84.05826568603516,0.006234678905457258,3.5347721576690674,0.011405863799154758,6.795901298522949,0.015932545065879822,10.041553497314453,0.012912130914628506,13.399662971496582
3522721812,0,128.22341918945312,114.25038146972656,128.23216247558594,95.11192321777344,128.22476196289062,87.93000793457031,128.14132690429688,84.05301666259766,0.00624943058937788,3.5384256839752197,0.011871527880430222,6.799746990203857,0.016674676910042763,10.045694351196289,0.013857335783541203,13.405672073364258
3547721812,0,128.2333221435547,114.31404876708984,128.2343292236328,95.12875366210938,128.22360229492188,87.93628692626953,128.13720703125,84.05682373046875,0.006516613997519016,3.5324997901916504,0.011973603628575802,6.7945075035095215,0.016582109034061432,10.041579246520996,0.013449127785861492,13.401313781738281
3572721812,0,128.23069763183594,114.29390716552734,128.22137451171875,95.12726593017578,128.2123260498047,87.9388427734375,128.13150024414062,84.05940246582031,0.006446381099522114,3.534372568130493,0.011312378570437431,6.7949700355529785,0.015743348747491837,10.039904594421387,0.012886987067759037,13.398361206054688
3597721813,0,128.2329864501953,114.33634948730469,128.21282958984375,95.1392593383789,128.204345703125,87.94328308105469,128.12403869628906,84.0634765625,0.006503811106085777,3.530428409576416,0.010870090685784817,6.791240692138672,0.01514741126447916,10.03699779510498,0.012151653878390789,13.393702507019043
3622721813,0,128.22056579589844,114.32805633544922,128.21188354492188,95.13480377197266,128.20428466796875,87.94256591796875,128.12342834472656,84.06554412841797,0.006158295087516308,3.531198501586914,0.010823857970535755,6.79262638092041,0.015143565833568573,10.037466049194336,0.012089787051081657,13.391338348388672
3647721813,0,128.21432495117188,114.2977066040039,128.20909118652344,95.12890625,128.20333862304688,87.94004821777344,128.12290954589844,84.06128692626953,0.005988341756165028,3.5340192317962646,0.010683936066925526,6.794459819793701,0.015075817704200745,10.039114952087402,0.012043219059705734,13.39620590209961
3672721814,0,128.21316528320312,114.28915405273438,128.2086944580078,95.12040710449219,128.2013702392578,87.93165588378906,128.12069702148438,84.05227661132812,0.005957144312560558,3.5348148345947266,0.010667583905160427,6.797104835510254,0.014937744475901127,10.044614791870117,0.011835268698632717,13.40652084350586
3697721814,0,128.2164306640625,114.2784652709961,128.2151641845703,95.11946105957031,128.20718383789062,87.93609619140625,128.1248779296875,84.06019592285156,0.0060499282553792,3.5358095169067383,0.0109987398609519,6.797399520874023,0.01536471676081419,10.041703224182129,0.01223719771951437,13.397454261779785
3722721815,0,128.22772216796875,114.27047729492188,128.2355499267578,95.11634826660156,128.23007202148438,87.93120574951172,128.14964294433594,84.0538558959961,0.006366764660924673,3.536553382873535,0.012042436748743057,6.798368453979492,0.01706733927130699,10.044909477233887,0.014671715907752514,13.404711723327637
3747721815,0,128.2305145263672,114.3052978515625,128.22601318359375,95.12613677978516,128.2155303955078,87.93510437011719,128.13047790527344,84.05573272705078,0.006439530290663242,3.533313274383545,0.011549982242286205,6.795321464538574,0.01598469167947769,10.042354583740234,0.01279069110751152,13.402562141418457
3772721815,0,128.23165893554688,114.2876205444336,128.22007751464844,95.12275695800781,128.21197509765625,87.93462371826172,128.13209533691406,84.05565643310547,0.0064742048271000385,3.5349574089050293,0.011248295195400715,6.79637336730957,0.015721488744020462,10.042669296264648,0.012949329800903797,13.402649879455566
3797721816,0,128.22616577148438,114.32286071777344,128.20852661132812,95.13145446777344,128.20065307617188,87.9397964477539,128.1213836669922,84.06155395507812,0.006315423641353846,3.5316810607910156,0.010653914883732796,6.793667793273926,0.014876943081617355,10.03927993774414,0.011893443763256073,13.39590072631836
3822721816,0,128.22239685058594,114.32093048095703,128.21170043945312,95.13042449951172,128.20498657226562,87.93870544433594,128.12509155273438,84.06121826171875,0.0062104640528559685,3.5318603515625,0.010816550813615322,6.79398775100708,0.015199280343949795,10.039995193481445,0.012257092632353306,13.396285057067871
3847721816,0,128.21681213378906,114.28917694091797,128.2059326171875,95.12454223632812,128.1998748779297,87.93565368652344,128.1200408935547,84.05730438232422,0.006059056147933006,3.5348126888275146,0.010524529032409191,6.795817852020264,0.014823097735643387,10.041994094848633,0.011766021139919758,13.400762557983398
3872721817,0,128.20852661132812,114.26721954345703,128.20176696777344,95.11244201660156,128.19407653808594,87.9312515258789,128.11399841308594,84.05499267578125,0.005830535665154457,3.5368566513061523,0.010317034088075161,6.799585342407227,0.014397060498595238,10.044879913330078,0.011175899766385555,13.403409957885742
3897721817,0,128.2200469970703,114.286865234375,128.2208251953125,95.11947631835938,128.21522521972656,87.9341049194336,128.13600158691406,84.05960083007812,0.006149794440716505,3.5350277423858643,0.011288110166788101,6.797394275665283,0.015963058918714523,10.043008804321289,0.013327897526323795,13.398134231567383
3922721818,0,128.2255401611328,114.25817108154297,128.22996520996094,95.11553955078125,128.22349548339844,87.93119812011719,128.14266967773438,84.05189514160156,0.006307595409452915,3.5376996994018555,0.011757331900298595,6.798620700836182,0.016579480841755867,10.044914245605469,0.01399029791355133,13.406956672668457
3947721818,0,128.2344512939453,114.2993392944336,128.22772216796875,95.12237548828125,128.2181396484375,87.9312744140625,128.13404846191406,84.05227661132812,0.006550428457558155,3.533867359161377,0.01163920946419239,6.796492099761963,0.01618209294974804,10.0448637008667,0.0131444800645113,13.40652084350586
3972721818,0,128.23065185546875,114.31072998046875,128.2243194580078,95.1266860961914,128.21578979492188,87.93556213378906,128.1344757080078,84.05672454833984,0.006442538928240538,3.532808303833008,0.011463155038654804,6.795150279998779,0.016003470867872238,10.042054176330566,0.01318150945007801,13.401426315307617
3997721819,0,128.2239990234375,114.32687377929688,128.2093505859375,95.12979125976562,128.20201110839844,87.93775177001953,128.12344360351562,84.05878448486328,0.006254326552152634,3.531308174133301,0.010696780867874622,6.794184684753418,0.014979551546275616,10.040618896484375,0.012098059989511967,13.399069786071777
4022721819,0,128.22532653808594,114.3173828125,128.20997619628906,95.12548065185547,128.20297241210938,87.93413543701172,128.12466430664062,84.05697631835938,0.0062928032130002975,3.5321898460388184,0.010730746202170849,6.795525550842285,0.015054251067340374,10.042988777160645,0.012219525873661041,13.401138305664062
4047721819,0,128.21340942382812,114.27656555175781,128.20989990234375,95.11865997314453,128.2052764892578,87.93618774414062,128.1259002685547,84.06021118164062,0.005965743213891983,3.5359864234924316,0.010730012319982052,6.7976484298706055,0.015223180875182152,10.041644096374512,0.012337364256381989,13.397436141967773
4072721820,0,128.21295166015625,114.2982177734375,128.20809936523438,95.12079620361328,128.20103454589844,87.9325942993164,128.12078857421875,84.0564193725586,0.0059498995542526245,3.5339717864990234,0.01063698623329401,6.796983242034912,0.01491196546703577,10.043999671936035,0.011840174905955791,13.401775360107422
4097721820,0,128.21853637695312,114.27055358886719,128.21697998046875,95.11614227294922,128.210693359375,87.93201446533203,128.13075256347656,84.05490112304688,0.006109932903200388,3.536546230316162,0.01109315175563097,6.79843282699585,0.015628986060619354,10.044379234313965,0.012818500399589539,13.40351390838623
4122721821,0,128.22706604003906,114.25911712646484,128.23329162597656,95.1141357421875,128.22756958007812,87.92879486083984,128.1461944580078,84.05111694335938,0.0063501265831291676,3.537611484527588,0.01192812342196703,6.799057483673096,0.016884256154298782,10.046490669250488,0.014336866326630116,13.407848358154297
4147721821,0,128.22279357910156,114.30392456054688,128.2234649658203,95.11979675292969,128.21466064453125,87.92825317382812,128.13034057617188,84.05029296875,0.006224043667316437,3.5334408283233643,0.011422892101109028,6.797294616699219,0.015927031636238098,10.046844482421875,0.012782995589077473,13.408792495727539
4172721821,0,128.2339630126953,114.30258178710938,128.2296142578125,95.1213607788086,128.2217254638672,87.93156433105469,128.140380859375,84.05313110351562,0.006536284927278757,3.5335657596588135,0.011736433021724224,6.796808242797852,0.016447797417640686,10.044673919677734,0.013764443807303905,13.40554141998291
4197721822,0,128.23226928710938,114.31949615478516,128.21331787109375,95.12822723388672,128.2056884765625,87.93489074707031,128.12799072265625,84.05603790283203,0.006486373487859964,3.5319936275482178,0.010900226421654224,6.794671058654785,0.0152549734339118,10.042492866516113,0.012546556070446968,13.402212142944336
4222721822,0,128.21978759765625,114.32443237304688,128.2091522216797,95.12821960449219,128.20327758789062,87.93759155273438,128.1242218017578,84.06137084960938,0.006137092597782612,3.5315349102020264,0.010687372647225857,6.794673919677734,0.015073615126311779,10.04072380065918,0.012171714566648006,13.396109580993652
4247721822,0,128.222412109375,114.3045883178711,128.21450805664062,95.12747955322266,128.2099151611328,87.93936157226562,128.13182067871094,84.06260681152344,0.0062132892198860645,3.533379077911377,0.010961397551000118,6.794903755187988,0.015564082190394402,10.039565086364746,0.012914958409965038,13.394696235656738
4272721823,0,128.2185516357422,114.26835632324219,128.2116241455078,95.11274719238281,128.20321655273438,87.92919921875,128.12283325195312,84.05203247070312,0.006110677029937506,3.5367507934570312,0.010820923373103142,6.799490451812744,0.01507702935487032,10.046224594116211,0.012044984847307205,13.40679931640625
4297721823,0,128.22508239746094,114.27755737304688,128.22341918945312,95.11860656738281,128.216796875,87.9317626953125,128.13540649414062,84.05549621582031,0.00629190681502223,3.5358941555023193,0.011421140283346176,6.797665119171143,0.01608199253678322,10.044544219970703,0.013274098746478558,13.402832984924316
4322721824,0,128.23208618164062,114.281494140625,128.2357177734375,95.11701202392578,128.22872924804688,87.92833709716797,128.14752197265625,84.05070495605469,0.006487085018306971,3.5355277061462402,0.012050672434270382,6.79816198348999,0.016970783472061157,10.04679012298584,0.014467546716332436,13.408320426940918
4347721824,0,128.22857666015625,114.29231262207031,128.22850036621094,95.11883544921875,128.2229461669922,87.92768096923828,128.14349365234375,84.0517578125,0.006387355737388134,3.5345211029052734,0.011680773459374905,6.79759407043457,0.016542384400963783,10.047220230102539,0.014071257784962654,13.407114028930664
4372721824,0,128.23715209960938,114.25634765625,128.22274780273438,95.11590576171875,128.2169952392578,87.92667388916016,128.14048767089844,84.04840087890625,0.006632627919316292,3.537869691848755,0.011388150043785572,6.798506736755371,0.01610185019671917,10.047881126403809,0.013780324719846249,13.410961151123047
4397721825,0,128.2465362548828,114.27388000488281,128.2235565185547,95.11951446533203,128.21434020996094,87.92790985107422,128.13365173339844,84.05181884765625,0.006892222911119461,3.536236524581909,0.011427711695432663,6.797382831573486,0.015903601422905922,10.047070503234863,0.01310607511550188,13.407044410705566
4422721825,0,128.25767517089844,114.28162384033203,128.2339630126953,95.11848449707031,128.22608947753906,87.92786407470703,128.14479064941406,84.0568618774414,0.00720230583101511,3.535515546798706,0.01196020096540451,6.797703266143799,0.01677541993558407,10.047100067138672,0.014192434027791023,13.401269912719727
4447721825,0,128.26800537109375,114.2728500366211,128.24090576171875,95.1209716796875,128.22544860839844,87.9312973022461,128.13479614257812,84.0593032836914,0.007492600940167904,3.536332368850708,0.012313789688050747,6.796928882598877,0.01672426424920559,10.044848442077637,0.013210093602538109,13.398475646972656
4472721826,0,128.24061584472656,114.22662353515625,128.20843505859375,95.11027526855469,128.1886444091797,87.92816925048828,128.09530639648438,84.05796813964844,0.006734238937497139,3.5406415462493896,0.010658996179699898,6.800260066986084,0.013996798545122147,10.046900749206543,0.009341110475361347,13.400002479553223
4497721826,0,128.18792724609375,114.18445587158203,128.15780639648438,95.0941162109375,128.14231872558594,87.92001342773438,128.06008911132812,84.05113220214844,0.0052648731507360935,3.5445804595947266,0.008075582794845104,6.8052978515625,0.010564994066953659,10.052252769470215,0.0058927577920258045,13.407831192016602
4522721827,0,128.15867614746094,114.15217590332031,128.1161651611328,95.09296417236328,128.10464477539062,87.92160034179688,128.03269958496094,84.04875946044922,0.004448793828487396,3.5476012229919434,0.005944931413978338,6.805657386779785,0.007767503149807453,10.051210403442383,0.003207380883395672,13.410550117492676
4547721827,0,128.1973419189453,114.11162567138672,128.15139770507812,95.07585144042969,128.14720153808594,87.9127426147461,128.08628845214844,84.0389633178711,0.005538191646337509,3.5514028072357178,0.007753756828606129,6.811000823974609,0.01093246228992939,10.057028770446777,0.00847060140222311,13.421788215637207
4572721827,0,128.2172088623047,114.1327133178711,128.16046142578125,95.07793426513672,128.1595458984375,87.9078369140625,128.10653686523438,84.0262680053711,0.006092685274779797,3.549424886703491,0.00821720901876688,6.810349941253662,0.011852914467453957,10.060253143310547,0.010469350032508373,13.436379432678223
4597721828,0,128.22744750976562,114.02601623535156,128.1730194091797,95.0461654663086,128.18746948242188,87.89480590820312,128.1503448486328,84.0128402709961,0.006396076176315546,3.5594520568847656,0.008872516453266144,6.8202900886535645,0.013938819989562035,10.068828582763672,0.014790860936045647,13.451844215393066
4622721828,0,128.2404022216797,113.98092651367188,128.1810760498047,95.03645324707031,128.20249938964844,87.8900146484375,128.17083740234375,84.00927734375,0.006767637562006712,3.563704490661621,0.009289579465985298,6.823333740234375,0.015060869976878166,10.071985244750977,0.016811896115541458,13.455953598022461
4647721828,0,128.25193786621094,113.96711730957031,128.19436645507812,95.04521179199219,128.21267700195312,87.90203857421875,128.17413330078125,84.02750396728516,0.0070947143249213696,3.5650086402893066,0.009967614896595478,6.8205885887146,0.015805868431925774,10.064066886901855,0.017110275104641914,13.434957504272461
4672721829,0,128.21066284179688,113.95158386230469,128.1797332763672,95.03963470458984,128.2038116455078,87.89718627929688,128.169189453125,84.02296447753906,0.005934583023190498,3.566476821899414,0.009219418279826641,6.822336196899414,0.015151631087064743,10.067261695861816,0.01663077063858509,13.440180778503418
4697721829,0,128.21775817871094,113.82575988769531,128.19476318359375,94.99961853027344,128.2245635986328,87.87972259521484,128.19337463378906,84.01764678955078,0.006152919959276915,3.578409194946289,0.010007758624851704,6.834901809692383,0.016712717711925507,10.07877254486084,0.019016506150364876,13.446305274963379
4722721830,0,128.26254272460938,113.86534118652344,128.22244262695312,95.01399993896484,128.2515869140625,87.88739776611328,128.2213134765625,84.02266693115234,0.007411327213048935,3.574647903442383,0.011422905139625072,6.830381393432617,0.01871483027935028,10.073709487915039,0.021754929795861244,13.440522193908691
4747721830,0,128.25733947753906,113.90969848632812,128.24693298339844,95.0203857421875,128.2837371826172,87.88594055175781,128.25779724121094,84.0186767578125,0.007256755605340004,3.5704410076141357,0.012677019461989403,6.828375339508057,0.021108334884047508,10.074670791625977,0.02534966729581356,13.445117950439453
4772721830,0,128.2701416015625,114.03752899169922,128.25216674804688,95.06755065917969,128.2921142578125,87.90238189697266,128.27903747558594,84.02582550048828,0.007594600785523653,3.5583674907684326,0.012919239699840546,6.813595771789551,0.02170906774699688,10.063840866088867,0.027421945706009865,13.436887741088867
4797721831,0,128.30194091796875,114.13922119140625,128.2969512939453,95.1089096069336,128.34222412109375,87.91172790527344,128.3348846435547,84.03428649902344,0.008468102663755417,3.5488150119781494,0.015186455100774765,6.800685405731201,0.025418149307370186,10.057695388793945,0.03288709744811058,13.427159309387207
4822721831,0,128.30255126953125,114.15483093261719,128.31666564941406,95.11045837402344,128.35130310058594,87.90061950683594,128.3280792236328,84.02603149414062,0.008482078090310097,3.5473527908325195,0.016193587332963943,6.800203323364258,0.026110706850886345,10.065001487731934,0.032240889966487885,13.436650276184082
4847721831,0,128.30690002441406,114.15585327148438,128.29733276367188,95.09937286376953,128.3172607421875,87.88909149169922,128.28314208984375,84.0179672241211,0.008603787049651146,3.5472569465637207,0.015212242491543293,6.803658485412598,0.023597603663802147,10.072593688964844,0.02784351445734501,13.445935249328613
4872721832,0,128.2725372314453,114.28668212890625,128.268798828125,95.13572692871094,128.2969512939453,87.89736938476562,128.26832580566406,84.02574920654297,0.007616805844008923,3.5350449085235596,0.013730769976973534,6.792339324951172,0.022075500339269638,10.067139625549316,0.02636944130063057,13.436975479125977
4897721832,0,128.23133850097656,114.37838745117188,128.22328186035156,95.16038513183594,128.24557495117188,87.91739654541016,128.22096252441406,84.03248596191406,0.006451402325183153,3.526529312133789,0.011393530294299126,6.784681797027588,0.01823319122195244,10.053971290588379,0.021702704951167107,13.429227828979492
4922721832,0,128.2378692626953,114.38053131103516,128.2565460205078,95.15379333496094,128.2861785888672,87.91110229492188,128.2559051513672,84.03595733642578,0.006633191369473934,3.5263307094573975,0.0130946459248662,6.786726951599121,0.02125629037618637,10.05810546875,0.025127485394477844,13.425239562988281
4947721833,0,128.19644165039062,114.32568359375,128.23269653320312,95.14627075195312,128.26246643066406,87.90457153320312,128.22349548339844,84.0296859741211,0.0054850452579557896,3.531418800354004,0.011881178244948387,6.7890625,0.019503045827150345,10.062400817871094,0.02195660024881363,13.43244743347168
4972721833,0,128.09902954101562,114.29041290283203,128.10011291503906,95.14187622070312,128.10682678222656,87.90132904052734,128.05010986328125,84.0212631225586,0.002767409896478057,3.5346977710723877,0.005112604238092899,6.790428161621094,0.007939577102661133,10.064534187316895,0.004926333203911781,13.442139625549316
4997721834,0,127.98796844482422,114.28961181640625,127.98028564453125,95.14237213134766,127.98988342285156,87.9023666381836,127.93970489501953,84.01272583007812,-0.0003362317511346191,3.5347721576690674,-0.0010067586554214358,6.790273666381836,-0.0007518348866142333,10.063851356506348,-0.005931863561272621,13.451976776123047
5022721834,0,127.979736328125,114.35833740234375,127.97566986083984,95.13652038574219,127.98793029785156,87.89844512939453,127.93736267089844,84.01146697998047,-0.0005653662956319749,3.528388261795044,-0.0012427883921191096,6.792092323303223,-0.0008972067153081298,10.066431999206543,-0.006162938196212053,13.453428268432617
5047721834,0,128.02015686035156,114.5248031616211,127.98441314697266,95.17369079589844,127.99964904785156,87.9162826538086,127.96820831298828,84.0352554321289,0.0005601846496574581,3.513010263442993,-0.0007949025020934641,6.7805562019348145,-2.605894951557275e-05,10.054702758789062,-0.003121827496215701,13.426045417785645
5072721835,0,128.07481384277344,114.5475082397461,128.02182006835938,95.16881561279297,128.0477752685547,87.91209411621094,128.02996826171875,84.03599548339844,0.0020780619233846664,3.5109221935272217,0.00111301988363266,6.78206729888916,0.0035483501851558685,10.057455062866211,0.0029425930697470903,13.425196647644043
5097721835,0,128.054931640625,114.39926147460938,127.98347473144531,95.11259460449219,127.99539184570312,87.89643859863281,127.9740982055664,84.01692962646484,0.0015311400638893247,3.5245962142944336,-0.0008449878660030663,6.799537181854248,-0.00034259248059242964,10.067753791809082,-0.0025473402347415686,13.44713020324707
5122721835,0,127.9530258178711,114.5115966796875,127.88919067382812,95.1457748413086,127.89073181152344,87.9105453491211,127.8566665649414,84.0256576538086,-0.001305877580307424,3.514225959777832,-0.005657899659126997,6.789216995239258,-0.008116323500871658,10.058472633361816,-0.01408605370670557,13.437081336975098
5147721836,0,127.92294311523438,114.5118408203125,127.84628295898438,95.13227844238281,127.83680725097656,87.90087127685547,127.78016662597656,84.01124572753906,-0.002142161363735795,3.5142033100128174,-0.007853337563574314,6.7934112548828125,-0.012129155918955803,10.064835548400879,-0.02162998542189598,13.453683853149414
5172721836,0,127.9219741821289,114.56906127929688,127.82584381103516,95.15521240234375,127.82161712646484,87.92251586914062,127.77970886230469,84.029052734375,-0.002166181802749634,3.508941888809204,-0.008888752199709415,6.7862868309021,-0.013240125961601734,10.050610542297363,-0.021642940118908882,13.433176040649414
5197721837,0,127.94939422607422,114.52549743652344,127.86888122558594,95.13090515136719,127.88426208496094,87.9041519165039,127.8643569946289,84.01716613769531,-0.001406375551596284,3.512946367263794,-0.006699198856949806,6.793838024139404,-0.008600343018770218,10.062676429748535,-0.013339698314666748,13.446859359741211
5222721837,0,127.92185974121094,114.5412826538086,127.80245971679688,95.1374282836914,127.82327270507812,87.9101791381836,127.82386779785156,84.01927185058594,-0.002170775318518281,3.5114943981170654,-0.010090001858770847,6.791810035705566,-0.013127414509654045,10.05871295928955,-0.017318539321422577,13.444433212280273
5247721837,0,127.95381164550781,114.50827026367188,127.85533905029297,95.13151550292969,127.87580108642578,87.91012573242188,127.87064361572266,84.01921081542969,-0.0012841320130974054,3.5145320892333984,-0.007390908896923065,6.7936482429504395,-0.009225605055689812,10.058748245239258,-0.012719281949102879,13.444503784179688
5272721838,0,128.04087829589844,114.47517395019531,127.93712615966797,95.13152313232422,127.9472427368164,87.90434265136719,127.92520141601562,84.0260009765625,0.0011373870074748993,3.5175821781158447,-0.0032123022247105837,6.793645858764648,-0.0039202808402478695,10.062551498413086,-0.007350599393248558,13.436685562133789
5297721838,0,128.09658813476562,114.44219207763672,127.96043395996094,95.13288879394531,127.97620391845703,87.90399169921875,127.96609497070312,84.02678680419922,0.0026895313058048487,3.5206265449523926,-0.0020213585812598467,6.793221473693848,-0.0017682756297290325,10.062782287597656,-0.0033316942863166332,13.435781478881836
5322721838,0,128.1370086669922,114.32389831542969,128.01438903808594,95.10905456542969,128.05030822753906,87.90486145019531,128.06829833984375,84.02162170410156,0.003825718304142356,3.5315845012664795,0.0007358684670180082,6.800640106201172,0.003738176077604294,10.062209129333496,0.006714253686368465,13.441726684570312
5347721839,0,128.18145751953125,114.4035873413086,128.0995635986328,95.12936401367188,128.15016174316406,87.91775512695312,128.1839599609375,84.03071594238281,0.005057350266724825,3.524196147918701,0.005087302532047033,6.794317722320557,0.011148801073431969,10.053735733032227,0.0180710107088089,13.431262969970703
5372721839,0,128.1813201904297,114.38278198242188,128.09738159179688,95.13338470458984,128.1519775390625,87.93966674804688,128.19488525390625,84.0515365600586,0.005056003574281931,3.526122570037842,0.0049749454483389854,6.79306697845459,0.011268103495240211,10.039365768432617,0.019111167639493942,13.407368659973145
5397721840,0,128.21971130371094,114.3174057006836,128.13796997070312,95.11526489257812,128.19796752929688,87.94378662109375,128.2356414794922,84.06828308105469,0.006135980598628521,3.5321877002716064,0.007054014131426811,6.798705577850342,0.014674156904220581,10.036667823791504,0.023075805976986885,13.38820743560791
5422721840,0,128.14207458496094,114.3861083984375,128.05618286132812,95.13220977783203,128.09356689453125,87.94758605957031,128.10577392578125,84.07006072998047,0.003961352631449699,3.5258142948150635,0.0028703666757792234,6.793432712554932,0.006933905184268951,10.034180641174316,0.01035666186362505,13.386177062988281
5447721840,0,128.1309814453125,114.37686157226562,128.01637268066406,95.1485366821289,128.03501892089844,87.96440124511719,128.03170776367188,84.06822967529297,0.00365284807048738,3.5266706943511963,0.0008358857012353837,6.78835916519165,0.0025923927314579487,10.023191452026367,0.0031050792895257473,13.388269424438477
5472721841,0,128.17372131347656,114.34162902832031,128.1176300048828,95.13471221923828,128.13682556152344,87.9793930053711,128.12513732910156,84.0829849243164,0.004848821088671684,3.529938220977783,0.006009034346789122,6.792654991149902,0.010119465179741383,10.013411521911621,0.012239488773047924,13.371431350708008
5497721841,0,128.15994262695312,114.45106506347656,128.1128692626953,95.18657684326172,128.099853515625,88.03544616699219,128.05747985839844,84.144287109375,0.004452729132026434,3.5198071002960205,0.005752937868237495,6.7765655517578125,0.007359239272773266,9.977010726928711,0.005593637004494667,13.301915168762207
5522721841,0,128.16281127929688,114.13520050048828,128.1392059326172,95.08765411376953,128.12425231933594,87.99048614501953,128.0791015625,84.10253143310547,0.004566569346934557,3.549191951751709,0.007125716656446457,6.807314395904541,0.00918318796902895,10.006187438964844,0.007724306546151638,13.349189758300781
5547721842,0,128.19918823242188,114.10389709472656,128.2298126220703,95.05999755859375,128.2162322998047,87.9557113647461,128.1725311279297,84.06959533691406,0.005591033026576042,3.5521280765533447,0.011777830310165882,6.8159589767456055,0.0160160344094038,10.0288667678833,0.016893723979592323,13.386709213256836
5572721842,0,128.18466186523438,114.16346740722656,128.1837921142578,95.03771209716797,128.1692657470703,87.92627716064453,128.13623046875,84.04457092285156,0.005175967700779438,3.546544313430786,0.00942840427160263,6.822939395904541,0.012560456991195679,10.048141479492188,0.01336698792874813,13.415352821350098
5597721843,0,128.22044372558594,114.13999938964844,128.2403564453125,94.99437713623047,128.22769165039062,87.91098022460938,128.18714904785156,84.05675506591797,0.006182354409247637,3.5487422943115234,0.012353351339697838,6.836551666259766,0.016912227496504784,10.058186531066895,0.018344581127166748,13.40139102935791
5622721843,0,128.11248779296875,114.17996215820312,128.18861389160156,95.02391052246094,128.19888305664062,87.92137145996094,128.16940307617188,84.06952667236328,0.0031517359893769026,3.5450007915496826,0.009681557305157185,6.827268600463867,0.014762774109840393,10.051361083984375,0.016587527468800545,13.386786460876465
5647721843,0,128.1697235107422,114.3226318359375,128.14602661132812,95.04827880859375,128.1519775390625,87.90910339355469,128.1256561279297,84.04932403564453,0.004739363212138414,3.5317022800445557,0.007487625814974308,6.81962776184082,0.011289750225841999,10.059419631958008,0.012324566021561623,13.409903526306152
5672721844,0,128.1236572265625,114.4853744506836,128.06069946289062,95.06916809082031,128.06263732910156,87.89399719238281,128.03773498535156,84.02359008789062,0.003439780091866851,3.516641616821289,0.003109592944383621,6.813089847564697,0.004657477606087923,10.069361686706543,0.003709032665938139,13.439459800720215
5697721844,0,128.17691040039062,114.76628875732422,128.08599853515625,95.15909576416016,128.0858154296875,87.9195327758789,128.0657958984375,84.0291748046875,0.004888801835477352,3.490915060043335,0.004388540517538786,6.785081386566162,0.006370678544044495,10.052567481994629,0.006464182864874601,13.433035850524902
5722721844,0,128.2085723876953,114.64582061767578,128.15267944335938,95.14202880859375,128.14674377441406,87.91595458984375,128.11599731445312,84.02592468261719,0.005780041683465242,3.501906156539917,0.007797040045261383,6.790380477905273,0.01089626457542181,10.05491828918457,0.011399350129067898,13.436773300170898
5747721845,0,128.23594665527344,114.5716552734375,128.23878479003906,95.12748718261719,128.24081420898438,87.89678955078125,128.20111083984375,84.01763916015625,0.006550039630383253,3.5087039470672607,0.012201938778162003,6.794901371002197,0.01790289580821991,10.067522048950195,0.01977729983627796,13.446313858032227
5772721845,0,128.20896911621094,114.4584732055664,128.2516632080078,95.09099578857422,128.26734924316406,87.87100219726562,128.2312774658203,83.99433135986328,0.005816588643938303,3.5191233158111572,0.012880352325737476,6.806272029876709,0.019907891750335693,10.0845308303833,0.022788090631365776,13.473220825195312
5797721846,0,128.19334411621094,114.50782775878906,128.1885986328125,95.10477447509766,128.19944763183594,87.87179565429688,128.16941833496094,83.98922729492188,0.005375423468649387,3.514573097229004,0.009646892547607422,6.801974296569824,0.014850923791527748,10.084006309509277,0.016700131818652153,13.479126930236816
5822721846,0,128.15447998046875,114.42720794677734,128.1610565185547,95.0899887084961,128.16400146484375,87.87025451660156,128.12417602539062,83.98910522460938,0.004303069785237312,3.5220112800598145,0.008243378251791,6.806586265563965,0.012212778441607952,10.085023880004883,0.012240570038557053,13.479268074035645
5847721846,0,128.11990356445312,114.39659881591797,128.1184539794922,95.07133483886719,128.12840270996094,87.85626983642578,128.09278869628906,83.9709701538086,0.0033423486165702343,3.5248429775238037,0.006067749112844467,6.812413215637207,0.009570261463522911,10.094271659851074,0.009160440415143967,13.500293731689453
5872721847,0,128.1350555419922,114.55418395996094,128.12217712402344,95.10061645507812,128.12709045410156,87.8572769165039,128.09117126464844,83.96959686279297,0.003750773146748543,3.5103085041046143,0.006250531412661076,6.80327033996582,0.009471852332353592,10.09360408782959,0.009001794271171093,13.501887321472168
5897721847,0,128.15318298339844,114.49046325683594,128.08706665039062,95.06988525390625,128.08340454101562,87.83140563964844,128.04722595214844,83.94866180419922,0.004260589834302664,3.5161726474761963,0.0044602276757359505,6.8128662109375,0.006226168014109135,10.110753059387207,0.0046710241585969925,13.526246070861816
5922721847,0,128.14279174804688,114.42576599121094,128.06826782226562,95.04353332519531,128.05767822265625,87.82161712646484,128.01072692871094,83.94953155517578,0.003977627027779818,3.5221445560455322,0.0035012057051062584,6.821114540100098,0.004308356437832117,10.117255210876465,0.0010609016753733158,13.52523136138916
5947721848,0,128.1229248046875,114.38308715820312,128.08755493164062,95.02200317382812,128.07640075683594,87.80850219726562,128.02523803710938,83.95358276367188,0.0034276586957275867,3.5260941982269287,0.004494569730013609,6.82786750793457,0.005711597390472889,10.125981330871582,0.0024952159728854895,13.520512580871582
5972721848,0,128.12374877929688,114.5417251586914,128.05043029785156,95.06340026855469,128.029052734375,87.8197021484375,127.9691162109375,83.9610366821289,0.0034377670381218195,3.511453628540039,0.0025841565802693367,6.81489372253418,0.0021703976672142744,10.118528366088867,-0.0030514930840581656,13.511837005615234
5997721849,0,128.06182861328125,114.55826568603516,127.96253204345703,95.0719985961914,127.93953704833984,87.81537628173828,127.88424682617188,83.96891784667969,0.0017169443890452385,3.5099334716796875,-0.0019192228792235255,6.8122053146362305,-0.004518148023635149,10.121406555175781,-0.011429538950324059,13.502677917480469
6022721849,0,128.00311279296875,114.32907104492188,127.88276672363281,95.00288391113281,127.84488677978516,87.79547119140625,127.77752685546875,83.95250701904297,8.690847607795149e-05,3.53110408782959,-0.006023088935762644,6.83387565612793,-0.011605581268668175,10.134665489196777,-0.02199729159474373,13.521764755249023
6047721849,0,127.88990783691406,114.50237274169922,127.71830749511719,95.0566635131836,127.65431213378906,87.81428527832031,127.57549285888672,83.96971893310547,-0.00306121539324522,3.515075445175171,-0.014438746497035027,6.817002296447754,-0.02583361603319645,10.12213134765625,-0.04191328585147858,13.50174617767334
6072721850,0,127.91968536376953,114.29532623291016,127.76412200927734,95.01309204101562,127.68597412109375,87.79387664794922,127.58953857421875,83.94291687011719,-0.002244155388325453,3.534240484237671,-0.012113317847251892,6.830666542053223,-0.02349780686199665,10.135727882385254,-0.0406174436211586,13.532943725585938
6097721850,0,127.91659545898438,114.3575210571289,127.75685119628906,95.03524780273438,127.68915557861328,87.79547119140625,127.60160827636719,83.93425750732422,-0.0023270719684660435,3.528463840484619,-0.012474694289267063,6.82371187210083,-0.02325739897787571,10.134665489196777,-0.039451684802770615,13.543054580688477
6122721850,0,127.96776580810547,114.37002563476562,127.81465911865234,95.0364761352539,127.76854705810547,87.79655456542969,127.70012664794922,83.9373550415039,-0.0008991013746708632,3.527304172515869,-0.009508364833891392,6.82332706451416,-0.01731613650918007,10.133942604064941,-0.02968796156346798,13.539435386657715
6147721851,0,127.96903228759766,114.50408935546875,127.82421112060547,95.0811538696289,127.79661560058594,87.8275146484375,127.74046325683594,83.96733856201172,-0.0008610513177700341,3.5149171352386475,-0.009000871330499649,6.80934476852417,-0.015186425298452377,10.113337516784668,-0.025630194693803787,13.504510879516602
6172721851,0,127.90367126464844,114.49697875976562,127.74866485595703,95.06718444824219,127.72489166259766,87.82064056396484,127.67801666259766,83.95458221435547,-0.0026788502000272274,3.5155723094940186,-0.012876839376986027,6.813710689544678,-0.02055087685585022,10.117905616760254,-0.03183095529675484,13.519349098205566
6197721851,0,127.91107177734375,114.5200424194336,127.729248046875,95.0739517211914,127.68892669677734,87.82587432861328,127.64728546142578,83.95553588867188,-0.002471704501658678,3.5134482383728027,-0.013867567293345928,6.8115949630737305,-0.0232298094779253,10.114426612854004,-0.034866224974393845,13.518238067626953
6222721852,0,127.93294525146484,114.57510375976562,127.77456665039062,95.10166931152344,127.7490234375,87.84230041503906,127.71973419189453,83.97638702392578,-0.0018613345455378294,3.5083870887756348,-0.011532552540302277,6.802942276000977,-0.018722573295235634,10.103525161743164,-0.027656354010105133,13.494006156921387
6247721852,0,127.92008972167969,114.5035171508789,127.7684555053711,95.12156677246094,127.7396240234375,87.87466430664062,127.70531463623047,83.9996109008789,-0.0022219198290258646,3.514969825744629,-0.011834987439215183,6.796743392944336,-0.01938416063785553,10.082111358642578,-0.029022982344031334,13.46711540222168
6272721853,0,128.00448608398438,114.48846435546875,127.83805847167969,95.1279296875,127.8082046508789,87.890869140625,127.77645874023438,84.0111083984375,0.00012478057760745287,3.5163567066192627,-0.008275078609585762,6.794763565063477,-0.014263992197811604,10.071422576904297,-0.02199506387114525,13.453841209411621
6297721853,0,128.03517150878906,114.45831298828125,127.90621185302734,95.11979675292969,127.88665771484375,87.89310455322266,127.85552978515625,84.01270294189453,0.000978991505689919,3.5191380977630615,-0.004794182721525431,6.797294616699219,-0.008428181521594524,10.06994915008545,-0.0142130795866251,13.45200252532959
6322721853,0,128.11880493164062,114.45843505859375,128.0149688720703,95.13215637207031,128.0067901611328,87.90245819091797,127.97889709472656,84.02404022216797,0.0033069003839045763,3.5191266536712646,0.0007647572783753276,6.793449401855469,0.000504622352309525,10.063791275024414,-0.002074160845950246,13.438941955566406
6347721854,0,128.1229705810547,114.52581787109375,128.03602600097656,95.15379333496094,128.03872680664062,87.91931915283203,128.01190185546875,84.0443115234375,0.003417426720261574,3.5129170417785645,0.0018388425232842565,6.786726951599121,0.0028750000055879354,10.05270767211914,0.0011678399750962853,13.415650367736816
6372721854,0,128.08517456054688,114.52484893798828,127.98799896240234,95.1455078125,127.99407958984375,87.91996002197266,127.96772003173828,84.0473861694336,0.0023671062663197517,3.5130059719085693,-0.0006127773667685688,6.789299964904785,-0.00043950160034000874,10.052287101745605,-0.003166583366692066,13.412124633789062
6397721854,0,128.1725311279297,114.45411682128906,128.01083374023438,95.12872314453125,128.01280212402344,87.90696716308594,127.97824096679688,84.02144622802734,0.004802841693162918,3.5195252895355225,0.0005535762174986303,6.7945170402526855,0.0009511418174952269,10.060824394226074,-0.002139112213626504,13.44192886352539
6422721855,0,128.23666381835938,114.36427307128906,128.14552307128906,95.1139144897461,128.13253784179688,87.91860961914062,128.05873107910156,84.04226684570312,0.0066021098755300045,3.5278377532958984,0.007440618239343166,6.799126625061035,0.009839779697358608,10.053174018859863,0.005763818975538015,13.41799545288086
6447721855,0,128.35958862304688,114.41384887695312,128.3060760498047,95.14591217041016,128.27088928222656,87.93191528320312,128.1606903076172,84.05818176269531,0.010019565001130104,3.5232465267181396,0.015628082677721977,6.7891740798950195,0.02009437419474125,10.044445037841797,0.01574919931590557,13.399758338928223
6472721856,0,128.33160400390625,114.61103820800781,128.32456970214844,95.19744873046875,128.26641845703125,87.94819641113281,128.11981201171875,84.07130432128906,0.009197044186294079,3.5050911903381348,0.01653553918004036,6.773201942443848,0.019742555916309357,10.033781051635742,0.011729967780411243,13.384757041931152
6497721856,0,128.33152770996094,114.57218933105469,128.28997802734375,95.18231964111328,128.22486877441406,87.95179748535156,128.0852508544922,84.07888793945312,0.009203318506479263,3.5086545944213867,0.01478287298232317,6.777883529663086,0.0166598130017519,10.031425476074219,0.00834108330309391,13.376102447509766
6522721856,0,128.3852996826172,114.55535125732422,128.27708435058594,95.16012573242188,128.2124786376953,87.93293762207031,128.0807342529297,84.06647491455078,0.010700278915464878,3.5102012157440186,0.014139099046587944,6.784761905670166,0.015760501846671104,10.043773651123047,0.00790729746222496,13.390274047851562
6547721857,0,128.3354034423828,114.48333740234375,128.25904846191406,95.12602233886719,128.2135772705078,87.90079498291016,128.0954132080078,84.0383529663086,0.0093303844332695,3.516829490661621,0.013238254934549332,6.795357704162598,0.015874018892645836,10.064886093139648,0.009366817772388458,13.422489166259766
6572721857,0,128.33309936523438,114.59679412841797,128.15989685058594,95.19915771484375,128.07774353027344,87.95079040527344,127.93990325927734,84.07880401611328,0.00924160797148943,3.506397008895874,0.008145511150360107,6.772674083709717,0.005760135594755411,10.032085418701172,-0.005880003795027733,13.376197814941406
6597721857,0,128.26475524902344,114.62569427490234,128.10916137695312,95.22355651855469,127.99853515625,87.9803237915039,127.8350601196289,84.11328125,0.0073404680006206036,3.5037484169006348,0.005555087700486183,6.765138149261475,-0.00010833190754055977,10.012805938720703,-0.016092166304588318,13.336987495422363
6622721858,0,128.24075317382812,114.58920288085938,128.09637451171875,95.18917083740234,127.9756088256836,87.94395446777344,127.80220031738281,84.08063507080078,0.006680718157440424,3.5070934295654297,0.00491165230050683,6.775763034820557,-0.0018079535802826285,10.0365571975708,-0.019350243732333183,13.374110221862793
6647721858,0,128.17428588867188,114.66587829589844,128.05963134765625,95.1907958984375,127.94136047363281,87.92073059082031,127.76411437988281,84.06380462646484,0.004827610217034817,3.5000720024108887,0.0030388524755835533,6.775259971618652,-0.0043528941459953785,10.05178165435791,-0.023108290508389473,13.393326759338379
6672721859,0,128.1092987060547,114.70708465576172,127.97106170654297,95.21651458740234,127.85464477539062,87.93701171875,127.68321228027344,84.07962799072266,0.003024584846571088,3.4963090419769287,-0.0014730807160958648,6.767311096191406,-0.010778899304568768,10.041104316711426,-0.030993128195405006,13.375258445739746
6697721859,0,128.0449676513672,114.92262268066406,127.88542938232422,95.26957702636719,127.76356506347656,87.92928314208984,127.60247039794922,84.07938385009766,0.0012381253764033318,3.476743459701538,-0.005818826612085104,6.750967979431152,-0.017541473731398582,10.046170234680176,-0.03889334574341774,13.375536918640137
6722721859,0,128.02081298828125,114.999755859375,127.85379791259766,95.30200958251953,127.718017578125,87.94508361816406,127.5453872680664,84.09136199951172,0.0005720304325222969,3.4697892665863037,-0.007414994295686483,6.74101448059082,-0.020899981260299683,10.035818099975586,-0.044434163719415665,13.36189079284668
6747721860,0,127.90756225585938,114.98636627197266,127.75203704833984,95.3378677368164,127.6292953491211,87.98910522460938,127.46773529052734,84.12394714355469,-0.0025413779076188803,3.470994472503662,-0.012556721456348896,6.730042457580566,-0.027400249615311623,10.007086753845215,-0.05188409984111786,13.32490348815918
6772721860,0,128.00198364257812,115.02498626708984,127.85379791259766,95.30603790283203,127.73170471191406,87.9798583984375,127.56069946289062,84.12327575683594,5.448705269373022e-05,3.467519760131836,-0.007413712330162525,6.739779949188232,-0.0198422409594059,10.013108253479004,-0.04282451048493385,13.325663566589355
6797721860,0,128.00198364257812,115.14000701904297,127.87004089355469,95.375,127.755126953125,88.02142333984375,127.57122802734375,84.14868927001953,5.434177728602663e-05,3.4572081565856934,-0.00657061068341136,6.718716144561768,-0.018063027411699295,9.986093521118164,-0.041710712015628815,13.296950340270996
6822721861,0,127.95861053466797,115.4443359375,127.82994842529297,95.45303344726562,127.73301696777344,88.02845764160156,127.58439636230469,84.14842987060547,-0.0011259193997830153,3.4301881790161133,-0.008569041267037392,6.695030212402344,-0.019685322418808937,9.981534957885742,-0.040430568158626556,13.297243118286133
6847721861,0,127.82778930664062,115.7397232055664,127.66632843017578,95.56385803222656,127.53925323486328,88.0550765991211,127.39044189453125,84.16036224365234,-0.004653017967939377,3.4043219089508057,-0.016734912991523743,6.661661624908447,-0.0339156836271286,9.964323043823242,-0.059240568429231644,13.283802032470703
6872721862,0,127.72592163085938,115.70513916015625,127.48130798339844,95.48577880859375,127.32157135009766,87.98919677734375,127.15121459960938,84.11518096923828,-0.007411274593323469,3.407332420349121,-0.02610088512301445,6.68513822555542,-0.05014505982398987,10.007026672363281,-0.08279776573181152,13.334834098815918
6897721862,0,127.46540069580078,115.9068832397461,127.16495513916016,95.52822875976562,126.96299743652344,87.99494171142578,126.76240539550781,84.12909698486328,-0.01438952423632145,3.389838457107544,-0.04194413498044014,6.672355651855469,-0.07662099599838257,10.003289222717285,-0.12058702856302261,13.319075584411621
6922721862,0,127.34571838378906,115.82365417480469,127.01510620117188,95.51664733886719,126.79798889160156,88.00110626220703,126.58246612548828,84.1394271850586,-0.017644396051764488,3.397036075592041,-0.04949537664651871,6.675837993621826,-0.08877876400947571,9.99928092956543,-0.1380021572113037,13.307401657104492
6947721863,0,127.5767822265625,115.63209533691406,127.27252960205078,95.4928970336914,127.0818862915039,88.00846099853516,126.86827850341797,84.14430236816406,-0.011463268660008907,3.413706064224243,-0.03659564256668091,6.6829915046691895,-0.06777936965227127,9.994503021240234,-0.11013303697109222,13.301898002624512
6972721863,0,127.81278991699219,115.67269897460938,127.58624267578125,95.49713134765625,127.46987915039062,88.01306915283203,127.3441162109375,84.14369201660156,-0.005066053941845894,3.4101603031158447,-0.020810449495911598,6.68171501159668,-0.03912469372153282,9.991512298583984,-0.06383028626441956,13.302587509155273
6997721863,0,127.65443420410156,115.81075286865234,127.38284301757812,95.52587127685547,127.23883056640625,88.02284240722656,127.10870361328125,84.14187622070312,-0.009321819059550762,3.3981540203094482,-0.031002776697278023,6.673064231872559,-0.05614258348941803,9.985173225402832,-0.08675350248813629,13.30463695526123
7022721864,0,127.53649139404297,115.77393341064453,127.22166442871094,95.5230484008789,127.0584945678711,88.02973937988281,126.92816162109375,84.14453125,-0.012513905763626099,3.401348829269409,-0.039104245603084564,6.673912525177002,-0.06941398978233337,9.980705261230469,-0.10430357605218887,13.301640510559082
7047721864,0,127.46265411376953,115.55248260498047,127.08868408203125,95.45964813232422,126.9142074584961,88.01622772216797,126.78446197509766,84.13290405273438,-0.014581146650016308,3.420677661895752,-0.04590902477502823,6.693029880523682,-0.08011931926012039,9.989462852478027,-0.11840074509382248,13.314770698547363
7072721865,0,127.67776489257812,115.27808380126953,127.34403228759766,95.39179992675781,127.20332336425781,88.00201416015625,127.1162109375,84.11357116699219,-0.008799448609352112,3.444901943206787,-0.03314129263162613,6.713603496551514,-0.058838021010160446,9.998690605163574,-0.0862237811088562,13.33665943145752
7097721865,0,127.73925018310547,115.08686828613281,127.47264099121094,95.33861541748047,127.3768310546875,87.97972106933594,127.3187484741211,84.09471130371094,-0.007152036763727665,3.461965322494507,-0.026704343035817146,6.729814052581787,-0.04608793184161186,10.01319694519043,-0.066567562520504,13.35807991027832
7122721865,0,127.73453521728516,115.14163970947266,127.50860595703125,95.3330307006836,127.42213439941406,87.95904541015625,127.36565399169922,84.09305572509766,-0.007272117771208286,3.457062244415283,-0.024889109656214714,6.731520652770996,-0.04279278591275215,10.026688575744629,-0.06199273839592934,13.359963417053223
7147721866,0,127.69750213623047,115.08499145507812,127.41950225830078,95.31205749511719,127.3370132446289,87.95149230957031,127.27385711669922,84.07032012939453,-0.008297494612634182,3.4621336460113525,-0.029428664594888687,6.737936496734619,-0.04911952465772629,10.031625747680664,-0.07109743356704712,13.385880470275879
7172721866,0,127.60760498046875,114.9330062866211,127.2687759399414,95.27827453613281,127.21271514892578,87.94039154052734,127.15621948242188,84.0474853515625,-0.010801468975841999,3.4758057594299316,-0.03712362051010132,6.748295783996582,-0.05836917832493782,10.038890838623047,-0.08277206122875214,13.41201114654541
7197721866,0,127.90938568115234,114.69316864013672,127.68528747558594,95.22232818603516,127.62469482421875,87.94055938720703,127.55175018310547,84.04006958007812,-0.002508355537429452,3.4975788593292236,-0.01601617969572544,6.765517234802246,-0.027824772521853447,10.038780212402344,-0.043998897075653076,13.420517921447754
7222721867,0,128.03700256347656,114.62887573242188,127.85809326171875,95.18865966796875,127.78895568847656,87.92684936523438,127.70054626464844,84.02745056152344,0.0010258374968543649,3.5034570693969727,-0.007232326082885265,6.775920867919922,-0.01566009595990181,10.047765731811523,-0.029424341395497322,13.435017585754395
7247721867,0,128.08016967773438,114.76582336425781,127.8991470336914,95.21836853027344,127.80362701416016,87.93763732910156,127.68073272705078,84.05223083496094,0.0022154601756483316,3.490957260131836,-0.005133429542183876,6.7667388916015625,-0.014561578631401062,10.040694236755371,-0.03130672127008438,13.406572341918945
7272721868,0,128.1736297607422,115.02155303955078,127.99883270263672,95.29966735839844,127.88904571533203,87.96559143066406,127.74696350097656,84.07390594482422,0.00476967403665185,3.4678285121917725,-5.920827607042156e-05,6.741732597351074,-0.008213149383664131,10.022414207458496,-0.024767721071839333,13.381787300109863
7297721868,0,128.1247100830078,115.26415252685547,127.899658203125,95.35475158691406,127.74496459960938,87.96156311035156,127.55455017089844,84.07728576660156,0.0034066224470734596,3.4461400508880615,-0.005077585577964783,6.724887847900391,-0.018883205950260162,10.025044441223145,-0.04358931630849838,13.3779296875
7322721868,0,128.09133911132812,115.05292510986328,127.77083587646484,95.24755096435547,127.52448272705078,87.89836883544922,127.21310424804688,84.03568267822266,0.00250729126855731,3.465010166168213,-0.01164984330534935,6.757742881774902,-0.03534796088933945,10.066482543945312,-0.07726754993200302,13.425556182861328
7347721869,0,127.96312713623047,114.61854553222656,127.68085479736328,95.09571075439453,127.45481872558594,87.83827209472656,127.15441131591797,83.9790267944336,-0.0010224896250292659,3.5044033527374268,-0.01633080653846264,6.804800987243652,-0.04068026691675186,10.106196403503418,-0.08342346549034119,13.490943908691406
7372721869,0,127.86211395263672,114.94583892822266,127.58655548095703,95.20049285888672,127.39827728271484,87.89030456542969,127.10148620605469,84.01077270507812,-0.0037944589275866747,3.4746475219726562,-0.021060597151517868,6.772261142730713,-0.044752247631549835,10.071794509887695,-0.0884106233716011,13.454229354858398
7397721869,0,128.0128631591797,115.19367980957031,127.87619018554688,95.27637481689453,127.7710189819336,87.91740417480469,127.58253479003906,84.02424621582031,0.0003519476449582726,3.4524152278900146,-0.006286231800913811,6.748879432678223,-0.017001135274767876,10.053966522216797,-0.041031092405319214,13.438705444335938
7422721870,0,128.07908630371094,115.12374114990234,127.9613037109375,95.30403900146484,127.89326477050781,87.9614028930664,127.7500228881836,84.06596374511719,0.002167382277548313,3.45866322517395,-0.0019624056294560432,6.740392684936523,-0.007902916520833969,10.025148391723633,-0.024484366178512573,13.39085865020752
7447721870,0,128.05813598632812,114.96800231933594,128.02560424804688,95.29623413085938,127.9803466796875,88.00401306152344,127.8586196899414,84.12672424316406,0.0015990076353773475,3.472649097442627,0.0012989036040380597,6.7427849769592285,-0.00145130162127316,9.997391700744629,-0.01377831306308508,13.321759223937988
7472721870,0,128.13629150390625,114.99678039550781,127.95115661621094,95.35823822021484,127.88632202148438,88.06613159179688,127.74461364746094,84.19204711914062,0.0037461353931576014,3.4700570106506348,-0.002471247920766473,6.723824977874756,-0.008362106047570705,9.957191467285156,-0.02475549839437008,13.24824047088623
7497721871,0,128.34068298339844,115.1181640625,127.95894622802734,95.45602416992188,127.84803009033203,88.13352966308594,127.67610931396484,84.25011444091797,0.009337719529867172,3.4591622352600098,-0.0020684704650193453,6.694126129150391,-0.011132145300507545,9.913924217224121,-0.03124704584479332,13.183547019958496
7522721871,0,128.08395385742188,114.65882873535156,127.88270568847656,95.26715087890625,127.81582641601562,88.01380157470703,127.6794204711914,84.15074920654297,0.0023258535657078028,3.5007164478302,-0.0059577785432338715,6.751712799072266,-0.013592004776000977,9.991036415100098,-0.031180519610643387,13.294628143310547
7547721872,0,128.08102416992188,114.7975845336914,127.91973114013672,95.26025390625,127.8701171875,87.96382904052734,127.73847198486328,84.09637451171875,0.0022374121472239494,3.488069772720337,-0.004078338388353586,6.753833770751953,-0.009615354239940643,10.023564338684082,-0.025551337748765945,13.35618782043457
7572721872,0,128.2060089111328,115.21772766113281,127.95195007324219,95.40966796875,127.89823150634766,88.02568817138672,127.77672576904297,84.14623260498047,0.005633453838527203,3.4502716064453125,-0.002425761427730322,6.708173751831055,-0.007504941429942846,9.983329772949219,-0.021724393591284752,13.299720764160156
7597721872,0,127.98738098144531,115.3199234008789,127.86502838134766,95.4455337524414,127.80372619628906,88.02913665771484,127.66385650634766,84.16921997070312,-0.0003442615852691233,3.4411885738372803,-0.006803509313613176,6.697300434112549,-0.014471144415438175,9.981096267700195,-0.032644692808389664,13.273841857910156
7622721873,0,127.87329864501953,115.87046813964844,127.70809936523438,95.59127807617188,127.63064575195312,88.07843017578125,127.48936462402344,84.22178649902344,-0.003413183381780982,3.39298415184021,-0.014622922986745834,6.653453826904297,-0.027148766443133354,9.94926929473877,-0.04937724396586418,13.215030670166016
7647721873,0,127.84119415283203,115.8866195678711,127.62747192382812,95.60264587402344,127.54561614990234,88.0870590209961,127.41311645507812,84.22516632080078,-0.004276466090232134,3.3915882110595703,-0.018653012812137604,6.650056838989258,-0.03338081017136574,9.943717956542969,-0.05673457682132721,13.21126651763916
7672721873,0,128.11221313476562,115.67076873779297,127.677490234375,95.60213470458984,127.55414581298828,88.13059997558594,127.40965270996094,84.24977111816406,0.0030367113649845123,3.4103288650512695,-0.016148872673511505,6.650209426879883,-0.03266577795147896,9.915797233581543,-0.05695478990674019,13.183927536010742
7697721874,0,128.0113525390625,115.32905578613281,127.7015609741211,95.49283599853516,127.60887908935547,88.08716583251953,127.49020385742188,84.22412872314453,0.0003096452564932406,3.4403789043426514,-0.015013115480542183,6.683010101318359,-0.02873307839035988,9.943649291992188,-0.049286648631095886,13.212422370910645
7722721874,0,128.1601104736328,115.50814819335938,127.84078216552734,95.5531997680664,127.74380493164062,88.1033706665039,127.6176528930664,84.25535583496094,0.0043491036631166935,3.4245707988739014,-0.007989000529050827,6.664857387542725,-0.01880202628672123,9.93324089050293,-0.0368707999587059,13.17773723602295
7747721875,0,128.0507049560547,115.5240707397461,127.72198486328125,95.55168151855469,127.63056182861328,88.09066772460938,127.5211181640625,84.23320770263672,0.0013768022181466222,3.4231715202331543,-0.013950737193226814,6.66531229019165,-0.027134284377098083,9.941398620605469,-0.04626351594924927,13.202319145202637
7772721875,0,127.8249282836914,115.6514892578125,127.40129089355469,95.5670166015625,127.29930877685547,88.08283233642578,127.2118911743164,84.21762084960938,-0.0047398824244737625,3.4120118618011475,-0.030023539438843727,6.660715103149414,-0.05148903653025627,9.946435928344727,-0.07623425871133804,13.219672203063965
7797721875,0,127.76060485839844,115.65955352783203,127.32267761230469,95.56787872314453,127.23043060302734,88.0797348022461,127.15493774414062,84.21355438232422,-0.006480174604803324,3.4113078117370605,-0.033964525908231735,6.660456657409668,-0.05656132847070694,9.948430061340332,-0.08177062124013901,13.224207878112793
7822721876,0,127.73761749267578,115.6905746459961,127.36985778808594,95.57257080078125,127.2842788696289,88.08041381835938,127.2178726196289,84.20745849609375,-0.007097375579178333,3.4086015224456787,-0.03159237280488014,6.659051418304443,-0.052601397037506104,9.947992324829102,-0.07571864873170853,13.231010437011719
7847721876,0,127.77259063720703,115.74127197265625,127.46190643310547,95.57975769042969,127.37071228027344,88.06849670410156,127.28977966308594,84.20413970947266,-0.006144232116639614,3.4041874408721924,-0.026969263330101967,6.656899929046631,-0.046283334493637085,9.955666542053223,-0.06877594441175461,13.23471736907959
7872721876,0,127.92523193359375,115.22079467773438,127.66085052490234,95.39718627929688,127.57027435302734,87.97564697265625,127.47494506835938,84.13311004638672,-0.002044438384473324,3.449998378753662,-0.017130820080637932,6.711965560913086,-0.03178948163986206,10.015852928161621,-0.051142651587724686,13.31453800201416
7897721877,0,127.93215942382812,115.18643188476562,127.71646118164062,95.39375305175781,127.63867950439453,87.9930191040039,127.55172729492188,84.15433502197266,-0.0018564910860732198,3.453061819076538,-0.014323965646326542,6.713009834289551,-0.0267000962048769,10.00454044342041,-0.04358747974038124,13.290589332580566
7922721877,0,127.96760559082031,115.386962890625,127.78781127929688,95.4327392578125,127.70101928710938,88.00189208984375,127.6053466796875,84.16434478759766,-0.0008823918178677559,3.435253381729126,-0.010701628401875496,6.701175212860107,-0.02208118885755539,9.998769760131836,-0.03834225609898567,13.279322624206543
7947721878,0,127.8499755859375,115.67708587646484,127.51538848876953,95.49382019042969,127.37386322021484,87.99746704101562,127.25789642333984,84.13984680175781,-0.004059372935444117,3.409777879714966,-0.02437758632004261,6.682713031768799,-0.04625605791807175,10.001646041870117,-0.07224403321743011,13.306927680969238
7972721878,0,128.7613067626953,117.15586853027344,127.78378295898438,96.27716827392578,127.53609466552734,88.50509643554688,127.36856079101562,84.49576568603516,0.019924897700548172,3.285013437271118,-0.010525495745241642,6.454176425933838,-0.03321711719036102,9.681734085083008,-0.059719935059547424,12.916511535644531
7997721878,0,129.3214874267578,118.655517578125,127.89867401123047,97.20472717285156,127.64710235595703,89.20148468017578,127.52230834960938,85.0322265625,0.033474236726760864,3.1665661334991455,-0.004751048516482115,6.201935768127441,-0.02424563281238079,9.273584365844727,-0.04331912845373154,12.368348121643066
8022721879,0,129.1255340576172,116.99241638183594,128.2335968017578,96.32949829101562,128.0181427001953,88.69245910644531,127.80607604980469,84.7367172241211,0.02956446073949337,3.29840087890625,0.011347086168825626,6.439433574676514,0.0012844945304095745,9.568572998046875,-0.0179938692599535,12.664590835571289
8047721879,0,129.59767150878906,120.51844024658203,128.28775024414062,98.51873016357422,128.07183837890625,90.2468490600586,127.94984436035156,85.86767578125,0.03891627863049507,3.029623508453369,0.012823707424104214,5.874809741973877,0.004652852192521095,8.719382286071777,-0.004274317063391209,11.599126815795898
8072721879,0,130.3400115966797,121.62271118164062,128.59092712402344,98.85015106201172,128.31369018554688,90.3148422241211,128.1624755859375,85.80445098876953,0.055729884654283524,2.9533028602600098,0.026009850203990936,5.79735803604126,0.020241767168045044,8.685527801513672,0.013909758068621159,11.654082298278809
8097721880,0,130.04110717773438,118.23649597167969,128.49609375,97.1430892944336,128.30836486816406,89.27488708496094,128.18588256835938,85.1343994140625,0.05217128247022629,3.1988883018493652,0.02331824041903019,6.218120574951172,0.021096011623740196,9.2324800491333,0.01672549918293953,12.269021987915039
8122721880,0,131.02322387695312,120.63292694091797,128.55015563964844,98.48281860351562,128.32130432128906,90.31094360351562,128.27810668945312,85.99005126953125,0.0734666958451271,3.021549940109253,0.024551160633563995,5.883318901062012,0.020737504586577415,8.687461853027344,0.02349323220551014,11.494166374206543
8147721881,0,130.21339416503906,117.77702331542969,128.46466064453125,96.54378509521484,128.23397827148438,88.84973907470703,128.1291961669922,84.8528823852539,0.057142846286296844,3.235011100769043,0.022374069318175316,6.3797197341918945,0.01641092263162136,9.475523948669434,0.011879542842507362,12.546512603759766
8172721881,0,129.14527893066406,116.02224731445312,127.96778106689453,95.65005493164062,127.75250244140625,88.2039794921875,127.58660888671875,84.31947326660156,0.03074607625603676,3.37990665435791,-0.0016100140055641532,6.635923862457275,-0.018050942569971085,9.8690824508667,-0.03965698182582855,13.107070922851562
8197721881,0,128.5811004638672,115.18830108642578,128.06143188476562,95.3665771484375,127.96591186523438,88.0397720336914,127.8497314453125,84.18780517578125,0.015901414677500725,3.452895164489746,0.0031070581171661615,6.721282005310059,-0.0025116300676018,9.974211692810059,-0.014571131207048893,13.252991676330566
8222721882,0,128.7200164794922,115.25984954833984,128.08255004882812,95.44841003417969,127.98299407958984,88.11439514160156,127.87617492675781,84.25385284423828,0.019670167937874794,3.4465227127075195,0.00416058674454689,6.69642972946167,-0.0012472020462155342,9.92617130279541,-0.011942261829972267,13.179402351379395
8247721882,0,128.8868408203125,115.34638977050781,128.18319702148438,95.55316162109375,128.0605926513672,88.19827270507812,127.93838500976562,84.32575988769531,0.024179281666874886,3.438843250274658,0.0091922078281641,6.664868354797363,0.004420810844749212,9.872700691223145,-0.00590776652097702,13.100181579589844
8272721882,0,128.50845336914062,114.9517822265625,128.02427673339844,95.36344909667969,127.93568420410156,88.06302642822266,127.8279800415039,84.21280670166016,0.01399009209126234,3.474111318588257,0.001228015753440559,6.722235679626465,-0.004731958266347647,9.959193229675293,-0.016646157950162888,13.225042343139648
8297721883,0,128.85316467285156,115.20429992675781,128.0352325439453,95.51314544677734,127.91383361816406,88.17987060546875,127.8207778930664,84.30863952636719,0.02333761937916279,3.4514684677124023,0.0017708586528897285,6.676891803741455,-0.00629380764439702,9.884384155273438,-0.017208069562911987,13.118959426879883
8322721883,0,128.32833862304688,114.69405364990234,128.0333709716797,95.23014831542969,127.96755981445312,87.98169708251953,127.89591979980469,84.1491470336914,0.009088771417737007,3.497497797012329,0.0016977256163954735,6.7631049156188965,-0.0023988941684365273,10.011910438537598,-0.010124485939741135,13.29643440246582
8347721884,0,128.30035400390625,114.8854751586914,128.05433654785156,95.30528259277344,127.9937515258789,88.01727294921875,127.93251037597656,84.1802978515625,0.008277016691863537,3.4801013469696045,0.0027554233092814684,6.740012168884277,-0.0004610372707247734,9.988784790039062,-0.006548317614942789,13.261405944824219
8372721884,0,128.1363525390625,114.8766860961914,127.97234344482422,95.26518249511719,127.92794036865234,87.97541809082031,127.8784408569336,84.13382720947266,0.003758310340344906,3.4808967113494873,-0.0014048899756744504,6.752318859100342,-0.005330775864422321,10.016002655029297,-0.011839693412184715,13.313726425170898
8397721884,0,128.04078674316406,115.00577545166016,127.89277648925781,95.29621887207031,127.87277221679688,87.98715209960938,127.8445816040039,84.14478302001953,0.0011208379874005914,3.469247341156006,-0.005439453292638063,6.7427897453308105,-0.00940505787730217,10.008357048034668,-0.01512388326227665,13.301356315612793
8422721885,0,127.95305633544922,114.8604736328125,127.79020690917969,95.24403381347656,127.7802505493164,87.97427368164062,127.76209259033203,84.13563537597656,-0.0012944064801558852,3.4823646545410156,-0.010666705667972565,6.758825778961182,-0.0162576325237751,10.016749382019043,-0.023168401792645454,13.311683654785156
8447721885,0,127.80055236816406,115.25418853759766,127.59056854248047,95.41419982910156,127.56961059570312,88.04718017578125,127.5396499633789,84.1893081665039,-0.005449433345347643,3.447026014328003,-0.020665815100073814,6.706798553466797,-0.031696658581495285,9.969422340393066,-0.044633377343416214,13.251307487487793
8472721885,0,127.64308166503906,115.64592742919922,127.42572021484375,95.54934692382812,127.39265441894531,88.09456634521484,127.3587417602539,84.21393585205078,-0.00966441910713911,3.4124975204467773,-0.028820086270570755,6.666012763977051,-0.044597163796424866,9.93889331817627,-0.06204802542924881,13.223782539367676
8497721886,0,127.72018432617188,115.6535415649414,127.52754211425781,95.5023193359375,127.50653076171875,88.03385162353516,127.47349548339844,84.16252899169922,-0.007575358264148235,3.411832332611084,-0.02375762350857258,6.68015193939209,-0.03637247532606125,9.978042602539062,-0.051159802824258804,13.281365394592285
8522721886,0,127.68263244628906,115.61862182617188,127.49360656738281,95.47431945800781,127.43502807617188,88.02339172363281,127.3783950805664,84.1683120727539,-0.008598866872489452,3.414884090423584,-0.025494452565908432,6.688597202301025,-0.04166995733976364,9.984817504882812,-0.06037188321352005,13.274862289428711
8547721887,0,127.77916717529297,115.40034484863281,127.58740997314453,95.44757080078125,127.552978515625,88.0362777709961,127.491943359375,84.17155456542969,-0.006013413425534964,3.434070587158203,-0.020795604214072227,6.696683883666992,-0.03294393792748451,9.976472854614258,-0.049330636858940125,13.271220207214355
8572721887,0,127.63465881347656,115.49535369873047,127.42125701904297,95.44448852539062,127.37979125976562,88.0239028930664,127.33084869384766,84.16646575927734,-0.009926734492182732,3.4256956577301025,-0.029173975810408592,6.6976165771484375,-0.04574253037571907,9.984485626220703,-0.06499957293272018,13.276937484741211
8597721887,0,127.33574676513672,115.94657897949219,127.11514282226562,95.6300048828125,127.05049133300781,88.11639404296875,127.00443267822266,84.23806762695312,-0.0178631991147995,3.3864152431488037,-0.044254761189222336,6.641894340515137,-0.06962764263153076,9.92488956451416,-0.09614095091819763,13.196917533874512
8622721888,0,127.41818237304688,115.69511413574219,127.21452331542969,95.48555755615234,127.17424011230469,88.03411102294922,127.17434692382812,84.17667388916016,-0.015736371278762817,3.40820574760437,-0.039526015520095825,6.685204982757568,-0.06086386367678642,9.977874755859375,-0.08013450354337692,13.265472412109375
8647721888,0,127.52392578125,115.53091430664062,127.32572174072266,95.45711517333984,127.27143859863281,88.04413604736328,127.24132537841797,84.1919174194336,-0.012924909591674805,3.4225704669952393,-0.03397153690457344,6.693796157836914,-0.05366615578532219,9.971390724182129,-0.0735417827963829,13.248385429382324
8672721888,0,127.70758819580078,115.23036193847656,127.55413055419922,95.3826675415039,127.53340911865234,88.03994750976562,127.51014709472656,84.2097396850586,-0.00799386203289032,3.449146270751953,-0.022535350173711777,6.716382026672363,-0.03437826409935951,9.974098205566406,-0.04741436243057251,13.228464126586914
8697721889,0,127.75286865234375,115.21971893310547,127.62481689453125,95.3653335571289,127.57666778564453,88.02561950683594,127.51563262939453,84.20987701416016,-0.00675766309723258,3.450094223022461,-0.018976755440235138,6.721661567687988,-0.031218865886330605,9.983373641967773,-0.04688287898898125,13.228311538696289
8722721889,0,127.80142211914062,115.15106964111328,127.70875549316406,95.3978500366211,127.70694732666016,88.03643798828125,127.68399810791016,84.21294403076172,-0.005438635125756264,3.45621919631958,-0.014710670337080956,6.711764335632324,-0.021596752107143402,9.97636890411377,-0.030578764155507088,13.22488784790039
8747721889,0,127.88909149169922,115.08702850341797,127.80987548828125,95.39337921142578,127.81967163085938,88.033203125,127.79512786865234,84.20733642578125,-0.0030420683324337006,3.4619510173797607,-0.009604964405298233,6.713123321533203,-0.013292123563587666,9.978462219238281,-0.019834104925394058,13.231146812438965
8772721890,0,127.85429382324219,115.43283081054688,127.73810577392578,95.5301513671875,127.69580078125,88.10264587402344,127.6407699584961,84.24321746826172,-0.003964701667428017,3.4312031269073486,-0.013153818435966969,6.671777248382568,-0.02232602797448635,9.93370532989502,-0.034675899893045425,13.191198348999023
8797721890,0,128.4678497314453,115.94153594970703,128.1660614013672,95.81631469726562,128.09054565429688,88.33047485351562,127.98456573486328,84.4310302734375,0.012582930736243725,3.3868496417999268,0.008240333758294582,6.586806774139404,0.006552687380462885,9.789538383483887,-0.0014673356199637055,12.985857009887695
8822721891,0,128.59429931640625,115.52932739257812,128.35438537597656,95.6764907836914,128.2847442626953,88.30950927734375,128.14401245117188,84.45133972167969,0.016135184094309807,3.4227099418640137,0.017689237371087074,6.628068447113037,0.020633112639188766,9.802637100219727,0.01366893108934164,12.964022636413574
8847721891,0,128.97450256347656,116.42390441894531,128.44126892089844,96.45857238769531,128.3588104248047,89.01985168457031,128.24087524414062,85.11744689941406,0.025924889370799065,3.345731019973755,0.021321753039956093,6.4033403396606445,0.024914946407079697,9.376818656921387,0.021701687946915627,12.285395622253418
8872721891,0,129.02391052246094,117.05278778076172,128.45692443847656,97.05189514160156,128.37493896484375,89.50997924804688,128.26766967773438,85.52622985839844,0.026859071105718613,3.293444871902466,0.02155531942844391,6.242211818695068,0.02530612051486969,9.10315227508545,0.023386919870972633,11.902023315429688
8897721892,0,128.95103454589844,117.44290924072266,128.49957275390625,97.25640106201172,128.4350128173828,89.63739013671875,128.3207550048828,85.61485290527344,0.024733228608965874,3.261737108230591,0.02337641641497612,6.1884284019470215,0.02914864383637905,9.034502029418945,0.02784268744289875,11.821946144104004
8922721892,0,129.08273315429688,117.49124145507812,128.46585083007812,97.39563751220703,128.32891845703125,89.7767562866211,128.19711303710938,85.74947357177734,0.028128350153565407,3.2578465938568115,0.021678954362869263,6.152305603027344,0.02186685800552368,8.960537910461426,0.016942594200372696,11.70228099822998
8947721892,0,129.080322265625,116.58966064453125,128.4589385986328,96.59107971191406,128.33493041992188,89.11051177978516,128.23013305664062,85.1926040649414,0.02863319404423237,3.3318066596984863,0.02205604501068592,6.366681098937988,0.023133547976613045,9.325016021728516,0.020615749061107635,12.213128089904785
8972721893,0,128.9354248046875,116.18917846679688,128.43675231933594,96.23307037353516,128.3287811279297,88.7714614868164,128.2161102294922,84.87869262695312,0.02501748315989971,3.3656275272369385,0.021299894899129868,6.466649532318115,0.023167897015810013,9.521615982055664,0.01983143761754036,12.5205659866333
8997721893,0,128.9568634033203,116.42707824707031,128.39410400390625,96.45475006103516,128.2639617919922,88.95298767089844,128.13629150390625,85.04568481445312,0.025453811511397362,3.345463275909424,0.019045758992433548,6.4044036865234375,0.018401170149445534,9.41537857055664,0.01234674733132124,12.355175018310547
9022721894,0,128.82763671875,116.1141586303711,128.34803771972656,96.14875030517578,128.24594116210938,88.71966552734375,128.13626098632812,84.8533935546875,0.022172383964061737,3.3720312118530273,0.017032653093338013,6.490625381469727,0.017384182661771774,9.552351951599121,0.01252865232527256,12.545997619628906
9047721894,0,128.75140380859375,116.20295715332031,128.25341796875,96.17317199707031,128.1478729248047,88.70573425292969,128.042236328125,84.82586669921875,0.020089665427803993,3.3644537925720215,0.012389518320560455,6.483664035797119,0.010461012832820415,9.560651779174805,0.0038917961064726114,12.573781967163086
9072721894,0,128.9071044921875,116.40853118896484,128.29180908203125,96.17473602294922,128.1685333251953,88.67498016357422,128.06031799316406,84.78478240966797,0.024140238761901855,3.347027540206909,0.014265522360801697,6.483218193054199,0.011944586411118507,9.579022407531738,0.005575761664658785,12.615473747253418
9097721895,0,128.8165740966797,116.56636810302734,128.20753479003906,96.34980773925781,128.07850646972656,88.82334899902344,127.95597839355469,84.91534423828125,0.021654043346643448,3.333756923675537,0.01007270161062479,6.4337286949157715,0.005514976102858782,9.491015434265137,-0.0040281955152750015,12.48390007019043
9122721895,0,128.66986083984375,116.43206787109375,128.0487060546875,96.3260498046875,127.92255401611328,88.84044647216797,127.81331634521484,84.94621276855469,0.017817169427871704,3.3450424671173096,0.0023662575986236334,6.440403461456299,-0.005434955004602671,9.480973243713379,-0.017041750252246857,12.453179359436035
9147721895,0,128.29234313964844,116.23726654052734,127.8653564453125,96.18902587890625,127.77668762207031,88.72217559814453,127.6847915649414,84.83695983886719,0.007810075767338276,3.3615341186523438,-0.006578363478183746,6.479152679443359,-0.0157823134213686,9.550858497619629,-0.029019257053732872,12.56257152557373
9172721896,0,128.11471557617188,116.4240493774414,127.64461517333984,96.17424774169922,127.54763793945312,88.67383575439453,127.44874572753906,84.78404998779297,0.0030517918057739735,3.3457186222076416,-0.017373869195580482,6.483357906341553,-0.03206278756260872,9.579707145690918,-0.05096055567264557,12.616219520568848
9197721896,0,128.06968688964844,116.27806091308594,127.61385345458984,96.0141372680664,127.4947280883789,88.52157592773438,127.36743927001953,84.65815734863281,0.00186000089161098,3.3580687046051025,-0.019003596156835556,6.5292510986328125,-0.03614301234483719,9.67167854309082,-0.05905849486589432,12.745673179626465
9222721897,0,127.68668365478516,116.2157211303711,127.44840240478516,95.7496337890625,127.36567687988281,88.20111083984375,127.24945068359375,84.34387969970703,-0.008374462835490704,3.3633670806884766,-0.027448339387774467,6.606423377990723,-0.04627180099487305,9.870901107788086,-0.07185851037502289,13.080365180969238
9247721897,0,127.58617401123047,116.43954467773438,127.20388793945312,95.83255767822266,127.08893585205078,88.22103118896484,126.963134765625,84.35879516601562,-0.011005221866071224,3.3444125652313232,-0.039477914571762085,6.582045078277588,-0.06637754291296005,9.858287811279297,-0.09915094077587128,13.064095497131348
9272721897,0,127.14791870117188,116.56071472167969,126.51517486572266,95.92232513427734,126.28826141357422,88.25740814208984,126.08299255371094,84.39490509033203,-0.022598495706915855,3.334230899810791,-0.07335379719734192,6.555845260620117,-0.12443334609270096,9.835333824157715,-0.18278108537197113,13.024870872497559
9297721898,0,127.2552719116211,116.66932678222656,126.66864013671875,96.02050018310547,126.45254516601562,88.33650207519531,126.24748229980469,84.45294189453125,-0.019703298807144165,3.325150966644287,-0.06550343334674835,6.527415752410889,-0.11194625496864319,9.785778999328613,-0.16631871461868286,12.962305068969727
9322721898,0,127.45044708251953,116.15141296386719,126.99771118164062,95.81201171875,126.83040618896484,88.22754669189453,126.67039489746094,84.36739349365234,-0.014710097573697567,3.3688485622406006,-0.04974476993083954,6.588069438934326,-0.08517906069755554,9.854168891906738,-0.12705598771572113,13.05473518371582
9347721898,0,127.53475952148438,116.01559448242188,127.1864013671875,95.71250915527344,127.02630615234375,88.15046691894531,126.87796020507812,84.30268096923828,-0.012491701170802116,3.3804781436920166,-0.040549296885728836,6.617392539978027,-0.07125051319599152,9.903107643127441,-0.10778520256280899,13.125506401062012
9372721899,0,127.24797058105469,116.50554656982422,126.8010482788086,95.80026245117188,126.62008666992188,88.16520690917969,126.47917175292969,84.33116149902344,-0.019969690591096878,3.3388595581054688,-0.05953475460410118,6.591518878936768,-0.10088374465703964,9.893712997436523,-0.14575612545013428,13.094267845153809
9397721899,0,126.9320068359375,117.04613494873047,126.3082275390625,95.91083526611328,126.03739166259766,88.1854476928711,125.83809661865234,84.34871673583984,-0.028019577264785767,3.29399037361145,-0.08361762017011642,6.559187412261963,-0.14330442249774933,9.880840301513672,-0.20690219104290009,13.075084686279297
9422721900,0,127.23895263671875,117.10933685302734,126.80060577392578,95.88419342041016,126.61366271972656,88.16841125488281,126.49748229980469,84.35151672363281,-0.019938655197620392,3.2888147830963135,-0.05934743955731392,6.56695032119751,-0.10133330523967743,9.89167308807373,-0.143763929605484,13.072030067443848
9447721900,0,127.38739013671875,116.79398345947266,127.0347900390625,95.81216430664062,126.88320922851562,88.14834594726562,126.78340911865234,84.3414306640625,-0.01616273820400238,3.314784288406372,-0.04790419712662697,6.588024616241455,-0.08173242956399918,9.904460906982422,-0.11650101095438004,13.083039283752441
9472721900,0,127.5765380859375,116.50115966796875,127.28468322753906,95.74124908447266,127.19194793701172,88.13312530517578,127.1376953125,84.32789611816406,-0.01124588493257761,3.3392279148101807,-0.03560782968997955,6.608898162841797,-0.05919315293431282,9.914182662963867,-0.08266514539718628,13.0978422164917
9497721901,0,127.61642456054688,116.39364624023438,127.38937377929688,95.72884368896484,127.3309097290039,88.1403579711914,127.31877136230469,84.30555725097656,-0.010211290791630745,3.3482840061187744,-0.03041231632232666,6.61256217956543,-0.04899166524410248,9.909561157226562,-0.06542477756738663,13.122344970703125
9522721901,0,127.71743774414062,115.96215057373047,127.51876831054688,95.6205825805664,127.44694519042969,88.10713958740234,127.4182357788086,84.26714324951172,-0.0075960163958370686,3.3850741386413574,-0.024077657610177994,6.644702911376953,-0.04057890921831131,9.930822372436523,-0.056047238409519196,13.164690971374512
9547721901,0,127.78177642822266,115.85489654541016,127.57128143310547,95.58259582519531,127.49847412109375,88.08837127685547,127.48190307617188,84.235595703125,-0.005880769807845354,3.3943307399749756,-0.021484799683094025,6.656050682067871,-0.03684103861451149,9.94287395477295,-0.05004221573472023,13.199665069580078
9572721902,0,127.57569122314453,115.71672821044922,127.293701171875,95.51732635498047,127.19578552246094,88.05087280273438,127.16303253173828,84.19407653808594,-0.011470570228993893,3.406323194503784,-0.03549369424581528,6.675633907318115,-0.059213925153017044,9.967037200927734,-0.0811167061328888,13.245969772338867
9597721902,0,127.83808135986328,115.44220733642578,127.63687133789062,95.42678833007812,127.5680160522461,88.00955200195312,127.53105926513672,84.15752410888672,-0.004404895473271608,3.4303760528564453,-0.01831885799765587,6.70297908782959,-0.03188886493444443,9.993795394897461,-0.045585159212350845,13.286996841430664
9622721903,0,128.20718383789062,115.70574188232422,127.8961410522461,95.4978256225586,127.80464172363281,88.04940032958984,127.73533630371094,84.19817352294922,0.005602321587502956,3.4072799682617188,-0.005223563406616449,6.6815056800842285,-0.014385455287992954,9.967988014221191,-0.025641897693276405,13.241385459899902
9647721903,0,128.4652557373047,116.43733215332031,128.0615997314453,95.7428207397461,127.96410369873047,88.20414733886719,127.8966293334961,84.32005310058594,0.012373552657663822,3.3445990085601807,0.003066176548600197,6.608433723449707,-0.002618027152493596,9.868975639343262,-0.009915973991155624,13.10643482208252
9672721903,0,128.52627563476562,116.56104278564453,128.1859130859375,95.77183532714844,128.09791564941406,88.21617889404297,128.02137756347656,84.33475494384766,0.01395753026008606,3.3342032432556152,0.009242679923772812,6.599880218505859,0.007135989610105753,9.861356735229492,0.002048228168860078,13.090336799621582
9697721904,0,128.35171508789062,116.4293441772461,128.06166076660156,95.72469329833984,127.99494934082031,88.1886978149414,127.93681335449219,84.3174819946289,0.009355601854622364,3.3452723026275635,0.003071559825912118,6.613789081573486,-0.0003687115968205035,9.878775596618652,-0.006062531378120184,13.109253883361816
9722721904,0,128.30609130859375,117.1588134765625,128.0766143798828,95.85102844238281,128.0161590576172,88.2069091796875,127.9614028930664,84.32049560546875,0.00801049079746008,3.284773349761963,0.003796241246163845,6.5766377449035645,0.0011783288791775703,9.867226600646973,-0.0037023478653281927,13.105950355529785
9747721904,0,128.27853393554688,116.65180969238281,128.05517578125,95.73898315429688,127.99104309082031,88.13212585449219,127.91328430175781,84.2396469116211,0.007372074294835329,3.3266124725341797,0.0027468630578368902,6.609567165374756,-0.0006561712943948805,9.91482162475586,-0.00837296899408102,13.19516372680664
9772721905,0,128.1912078857422,116.04669189453125,128.0394287109375,95.56108856201172,128.00265502929688,88.0574722290039,127.9425048828125,84.18428039550781,0.005130304489284754,3.3778090476989746,0.0019777340348809958,6.662491798400879,0.00019540819630492479,9.962777137756348,-0.005576757714152336,13.256941795349121
9797721905,0,128.17010498046875,115.84272766113281,128.09344482421875,95.50188446044922,128.1011199951172,88.02674865722656,128.08517456054688,84.16057586669922,0.004585324786603451,3.3953840732574463,0.004698975943028927,6.6802825927734375,0.007456624414771795,9.98264217376709,0.00827763695269823,13.283561706542969
9822721906,0,128.0899658203125,115.80685424804688,128.110107421875,95.48308563232422,128.14781188964844,88.0163345336914,128.15101623535156,84.16133117675781,0.002427091356366873,3.3984920978546143,0.005541305057704449,6.685950756072998,0.010906788520514965,9.98939323425293,0.014675509184598923,13.282712936401367
9847721906,0,127.98698425292969,116.03128814697266,128.05140686035156,95.52947235107422,128.10617065429688,88.03788757324219,128.1083221435547,84.18773651123047,-0.00034934806171804667,3.3791306018829346,0.0025820196606218815,6.6719818115234375,0.007823624648153782,9.975431442260742,0.010503760538995266,13.253067970275879
9872721906,0,128.02023315429688,116.17972564697266,128.0897216796875,95.53144836425781,128.13455200195312,88.02342224121094,128.1361541748047,84.18263244628906,0.0005412416649051011,3.3664333820343018,0.004506084602326155,6.671387195587158,0.009923971258103848,9.984797477722168,0.013208103366196156,13.2587890625
9897721907,0,128.30564880371094,116.20275115966797,128.1874542236328,95.56179809570312,128.24900817871094,88.03929138183594,128.2984161376953,84.14669799804688,0.00817191880196333,3.364471435546875,0.009402372874319553,6.66227912902832,0.018347591161727905,9.974523544311523,0.029034525156021118,13.299196243286133
9922721907,0,128.27357482910156,116.16907501220703,128.22222900390625,95.49919128417969,128.27328491210938,87.9857406616211,128.2948760986328,84.11934661865234,0.007319956086575985,3.3673415184020996,0.01117631047964096,6.681094169616699,0.02020382322371006,10.00927734375,0.028754843398928642,13.330113410949707
9947721907,0,128.20152282714844,115.57719421386719,128.12744140625,95.38052368164062,128.15577697753906,87.95903015136719,128.16183471679688,84.10467529296875,0.005465320311486721,3.418510913848877,0.006441796198487282,6.717034816741943,0.01153579168021679,10.026698112487793,0.015800438821315765,13.34675407409668
9972721908,0,128.15663146972656,115.07232666015625,128.08877563476562,95.25788879394531,128.12567138671875,87.91270446777344,128.14183044433594,84.07583618164062,0.004297653213143349,3.4632692337036133,0.004511013627052307,6.754561424255371,0.009333468042314053,10.057053565979004,0.013880428858101368,13.379583358764648
9997721908,0,128.0374755859375,115.07289123535156,128.0559844970703,95.2568359375,128.1068878173828,87.91437530517578,128.1204376220703,84.08145141601562,0.0010282413568347692,3.4632184505462646,0.002844905247911811,6.754885196685791,0.007937600836157799,10.05595588684082,0.011781313456594944,13.37317943572998
10022721908,0,127.98646545410156,115.0689468383789,128.07264709472656,95.29585266113281,128.13714599609375,87.95603942871094,128.15956115722656,84.1161880493164,-0.0003713898768182844,3.4635722637176514,0.0036854478530585766,6.742901802062988,0.010158010758459568,10.02865219116211,0.015563663095235825,13.33369255065918
10047721909,0,128.09918212890625,115.08061981201172,128.14584350585938,95.2940902709961,128.21632385253906,87.95418548583984,128.24026489257812,84.12698364257812,0.002720834454521537,3.4625253677368164,0.007399322930723429,6.743442535400391,0.016024351119995117,10.029865264892578,0.023414677008986473,13.321466445922852
10072721909,0,128.06484985351562,114.87799072265625,128.03411865234375,95.25799560546875,128.09303283691406,87.93618774414062,128.1206817626953,84.10264587402344,0.0017874141922220588,3.480778694152832,0.0017336852615699172,6.754528522491455,0.006899259053170681,10.041644096374512,0.01178452093154192,13.349059104919434
10097721910,0,127.99536895751953,115.51985168457031,127.91548156738281,95.51163482666016,127.97090911865234,88.089599609375,128.01220703125,84.25101470947266,-0.00012575984874274582,3.423542022705078,-0.004248339682817459,6.677346706390381,-0.002136792289093137,9.942084312438965,0.0011775752063840628,13.182548522949219
10122721910,0,127.97382354736328,115.50871276855469,127.94961547851562,95.4173583984375,128.0291290283203,88.00959777832031,128.10293579101562,84.18367767333984,-0.0007110255537554622,3.4245212078094482,-0.0025427863001823425,6.70583963394165,0.002150285756215453,9.993764877319336,0.009984783828258514,13.257616996765137
10147721910,0,128.04856872558594,115.26373291015625,128.03436279296875,95.25113677978516,128.14329528808594,87.9036636352539,128.25494384765625,84.08200073242188,0.0013267324538901448,3.4461772441864014,0.001746605965308845,6.75663948059082,0.010648424737155437,10.062997817993164,0.024937694892287254,13.372552871704102
10172721911,0,128.10781860351562,115.14620971679688,128.10299682617188,95.2210922241211,128.2313995361328,87.89075469970703,128.3577423095703,84.07955932617188,0.0029532602056860924,3.4566538333892822,0.005241937469691038,6.765898704528809,0.01720951311290264,10.071497917175293,0.03500014543533325,13.375336647033691
10197721911,0,128.16073608398438,114.93231964111328,128.15467834472656,95.1962890625,128.25711059570312,87.88101196289062,128.3480987548828,84.06725311279297,0.0044246576726436615,3.475867748260498,0.007880643010139465,6.773561000823975,0.01913341134786606,10.077920913696289,0.03409138694405556,13.389385223388672
10222721911,0,128.1778106689453,115.38695526123047,128.21182250976562,95.31575012207031,128.2963104248047,87.92585754394531,128.34039306640625,84.10987854003906,0.004843388684093952,3.4352540969848633,0.010736762546002865,6.736806392669678,0.021988457068800926,10.048417091369629,0.03321938216686249,13.340847969055176
10247721912,0,128.1189422607422,115.47429656982422,128.20558166503906,95.33221435546875,128.3192138671875,87.92784118652344,128.38473510742188,84.09809875488281,0.003233361756429076,3.427548885345459,0.010413075797259808,6.731770038604736,0.023685114458203316,10.047115325927734,0.03758333623409271,13.354227066040039
10272721912,0,128.1992645263672,115.25279235839844,128.25595092773438,95.29534149169922,128.3571319580078,87.91740417480469,128.40138244628906,84.09077453613281,0.005444606300443411,3.447150230407715,0.012984889559447765,6.743058681488037,0.02651594765484333,10.053966522216797,0.03923330828547478,13.36255931854248
10297721913,0,128.24130249023438,114.88690948486328,128.35997009277344,95.21317291259766,128.4695587158203,87.90010833740234,128.51072692871094,84.06602478027344,0.006649479735642672,3.479971408843994,0.01832662895321846,6.768343448638916,0.0349012091755867,10.065337181091309,0.050023630261421204,13.390789031982422
10322721913,0,128.32627868652344,115.36714172363281,128.51382446289062,95.39495849609375,128.62234497070312,87.99398803710938,128.6366424560547,84.1651382446289,0.008891571313142776,3.4370059967041016,0.025956321507692337,6.712643146514893,0.04598593711853027,10.00390911102295,0.06184849888086319,13.278429985046387
10347721913,0,128.2888946533203,115.91535949707031,128.36233520507812,95.60845184326172,128.4225616455078,88.11096954345703,128.39901733398438,84.2579116821289,0.007774522062391043,3.3891067504882812,0.018138179555535316,6.648323059082031,0.030996954068541527,9.928366661071777,0.03847033157944679,13.174905776977539
10372721914,0,128.3819580078125,115.66661834716797,128.31570434570312,95.60783386230469,128.3787384033203,88.16099548339844,128.3737335205078,84.3027114868164,0.010337527841329575,3.410691022872925,0.015804292634129524,6.648507118225098,0.027696307748556137,9.896395683288574,0.03590143844485283,13.125473022460938
10397721914,0,128.23831176757812,116.10796356201172,128.19180297851562,95.82325744628906,128.24822998046875,88.30935668945312,128.23541259765625,84.42256164550781,0.006385268177837133,3.37256121635437,0.009514913894236088,6.584770679473877,0.017987385392189026,9.802732467651367,0.022395934909582138,12.994982719421387
10422721914,0,128.3115997314453,115.91209411621094,128.08987426757812,95.72237396240234,128.11093139648438,88.26748657226562,128.0937042236328,84.35852813720703,0.008386168628931046,3.3893887996673584,0.0044774203561246395,6.614474773406982,0.008059064857661724,9.82899284362793,0.00896072294563055,13.064386367797852
10447721915,0,128.4185791015625,115.59521484375,128.2045135498047,95.52285766601562,128.23834228515625,88.14008331298828,128.25247192382812,84.25357055664062,0.011347217485308647,3.4169325828552246,0.010275019332766533,6.6739702224731445,0.01745203137397766,9.909736633300781,0.02435011975467205,13.179716110229492
10472721915,0,128.43972778320312,115.75808715820312,128.27084350585938,95.53900146484375,128.30819702148438,88.15459442138672,128.31471252441406,84.26734924316406,0.011876164935529232,3.4027254581451416,0.013598187826573849,6.669118404388428,0.02254670299589634,9.90047550201416,0.030318936333060265,13.16446304321289
10497721916,0,128.44383239746094,116.17729187011719,128.21099853515625,95.59700775146484,128.23158264160156,88.14688873291016,128.2412872314453,84.2612075805664,0.011873275972902775,3.36664080619812,0.010567521676421165,6.651741027832031,0.01694992557168007,9.905390739440918,0.023256894201040268,13.171257019042969
10522721916,0,128.4397430419922,116.23701477050781,128.09739685058594,95.53683471679688,128.1038055419922,88.07301330566406,128.12387084960938,84.19509887695312,0.01174799632281065,3.361555576324463,0.00489043490961194,6.669769287109375,0.007632623892277479,9.952756881713867,0.01200423389673233,13.244826316833496
10547721916,0,128.41702270507812,116.3023681640625,128.1077880859375,95.52214050292969,128.11407470703125,88.0282211303711,128.12037658691406,84.14634704589844,0.011124574579298496,3.356006622314453,0.005415575113147497,6.6741862297058105,0.008411136455833912,9.981688499450684,0.011712429113686085,13.299592018127441
10572721917,0,128.34390258789062,116.2322998046875,128.12973022460938,95.43006134033203,128.1486053466797,87.9521484375,128.15377807617188,84.07820892333984,0.00918854121118784,3.3619565963745117,0.006543624680489302,6.701986789703369,0.011009456589818,10.031196594238281,0.015046745538711548,13.376877784729004
10597721917,0,128.25331115722656,116.02379608154297,128.07009887695312,95.41511535644531,128.085205078125,87.96023559570312,128.05995178222656,84.08815002441406,0.0068001337349414825,3.3797736167907715,0.003538061399012804,6.706520080566406,0.006309236865490675,10.025911331176758,0.005861286073923111,13.365547180175781
10622721917,0,128.16148376464844,115.72965240478516,127.95973205566406,95.33763885498047,127.95269012451172,87.93281555175781,127.91228485107422,84.05875396728516,0.00436418829485774,3.405198097229004,-0.002039168728515506,6.730112552642822,-0.003509214613586664,10.043854713439941,-0.008596522733569145,13.399104118347168
10647721918,0,128.23724365234375,115.66385650634766,128.0430908203125,95.31800079345703,128.02655029296875,87.93636322021484,127.97923278808594,84.05790710449219,0.0064213029108941555,3.4109320640563965,0.002183957025408745,6.736117362976074,0.001968932105228305,10.041528701782227,-0.0020354334264993668,13.400074005126953
10672721918,0,128.2170867919922,115.57693481445312,128.05950927734375,95.3333969116211,128.0865478515625,87.95384216308594,128.09124755859375,84.08229064941406,0.00588745204731822,3.4185338020324707,0.0030140976887196302,6.731408596038818,0.0064112343825399876,10.030089378356934,0.008925295434892178,13.372222900390625
10697721919,0,128.20223999023438,115.70721435546875,128.04525756835938,95.36241149902344,128.0702667236328,87.96012878417969,128.05479431152344,84.09273529052734,0.005468453746289015,3.407151699066162,0.0022894132416695356,6.722552299499512,0.005203121341764927,10.025980949401855,0.005355025641620159,13.36032772064209
10722721919,0,128.15708923339844,115.92725372314453,128.09640502929688,95.4136734008789,128.15855407714844,87.99385070800781,128.176513671875,84.14007568359375,0.004226326011121273,3.3880808353424072,0.004866097122430801,6.706957817077637,0.011715882457792759,10.003997802734375,0.017183341085910797,13.306669235229492
10747721919,0,128.31263732910156,116.26615905761719,128.21286010742188,95.5147933959961,128.25462341308594,88.04688262939453,128.25100708007812,84.19817352294922,0.008346793241798878,3.359079122543335,0.010698028840124607,6.676395893096924,0.018752463161945343,9.969615936279297,0.02431877888739109,13.241385459899902
10772721920,0,128.14784240722656,116.22554016113281,128.09356689453125,95.53201293945312,128.14024353027344,88.10041046142578,128.1352081298828,84.2588882446289,0.003950722515583038,3.3625314235687256,0.0046990904957056046,6.671217918395996,0.010294293984770775,9.935140609741211,0.013034739531576633,13.173824310302734
10797721920,0,128.0040740966797,116.39110565185547,127.98418426513672,95.51930236816406,128.0164031982422,88.08747100830078,127.98018646240234,84.25077056884766,0.00010846409713849425,3.3484983444213867,-0.0007947226404212415,6.675039768218994,0.0012050119694322348,9.943452835083008,-0.0019113896414637566,13.182818412780762
10822721920,0,127.91307067871094,116.64495849609375,127.88935852050781,95.48432159423828,127.90767669677734,88.01477813720703,127.85838317871094,84.1623306274414,-0.002301147673279047,3.3271842002868652,-0.00556788919493556,6.685577869415283,-0.006813041865825653,9.990403175354004,-0.013760958798229694,13.281588554382324
10847721921,0,127.94072723388672,117.00924682617188,127.9246597290039,95.58363342285156,127.91905975341797,88.04020690917969,127.8372802734375,84.17992401123047,-0.001556338625960052,3.297018051147461,-0.0037754359655082226,6.655740261077881,-0.005963554605841637,9.973931312561035,-0.015788696706295013,13.261826515197754
10872721921,0,127.9003677368164,116.72781372070312,127.873291015625,95.49549865722656,127.86992645263672,87.9886474609375,127.79339599609375,84.1329574584961,-0.002632527844980359,3.320279836654663,-0.00637343293055892,6.6822075843811035,-0.00961452629417181,10.007384300231934,-0.020124388858675957,13.314709663391113
10897721922,0,127.86132049560547,116.610595703125,127.76432037353516,95.47167205810547,127.73212432861328,87.97373962402344,127.63274383544922,84.12266540527344,-0.0036738791968673468,3.3300552368164062,-0.01186666451394558,6.689396858215332,-0.019818797707557678,10.017097473144531,-0.0358031801879406,13.326354026794434
10922721922,0,127.86015319824219,117.07601165771484,127.77027893066406,95.58749389648438,127.73176574707031,88.0194320678711,127.62567138671875,84.17831420898438,-0.003666550386697054,3.291541814804077,-0.01150985062122345,6.654585361480713,-0.019788721576333046,9.987384796142578,-0.036325909197330475,13.263630867004395
10947721922,0,127.95014190673828,117.04438781738281,127.8563003540039,95.57439422607422,127.84892272949219,88.01495361328125,127.7817153930664,84.15962219238281,-0.0013081140350550413,3.2941336631774902,-0.007203868590295315,6.658505439758301,-0.011148697696626186,9.990289688110352,-0.021215520799160004,13.284635543823242
10972721923,0,127.9926986694336,117.06778717041016,128.04379272460938,95.64891815185547,128.09487915039062,88.07862091064453,128.06272888183594,84.23544311523438,-0.00019146369595546275,3.292215585708618,0.0021884737070649862,6.6362624168396,0.006973851006478071,9.949146270751953,0.006058965809643269,13.199834823608398
10997721923,0,127.94048309326172,116.82586669921875,128.01832580566406,95.5844955444336,128.06422424316406,88.06340026855469,128.0003662109375,84.21638488769531,-0.001569142215885222,3.3121423721313477,0.0009183053625747561,6.655482292175293,0.004725112579762936,9.958951950073242,3.542739796102978e-05,13.221051216125488
11022721923,0,127.88597106933594,116.73466491699219,127.8421859741211,95.57467651367188,127.85858917236328,88.05748748779297,127.77886199951172,84.19635009765625,-0.0030124615877866745,3.3197102546691895,-0.007911347784101963,6.658421039581299,-0.010407722555100918,9.962766647338867,-0.021428123116493225,13.243425369262695
11047721924,0,127.8692626953125,116.32913208007812,127.80384063720703,95.4295654296875,127.82563018798828,87.9855728149414,127.7728500366211,84.14361572265625,-0.003485466819256544,3.353739023208618,-0.009894536808133125,6.702137470245361,-0.012891211546957493,10.00938606262207,-0.022106261923909187,13.30267333984375
11072721924,0,127.87510681152344,116.21483612060547,127.7885971069336,95.39571380615234,127.79251098632812,87.99402618408203,127.71739196777344,84.14936828613281,-0.0033382694236934185,3.3634424209594727,-0.010678868740797043,6.712413311004639,-0.015331616625189781,10.003884315490723,-0.02749042585492134,13.296185493469238
11097721925,0,127.86992645263672,116.03751373291016,127.82807159423828,95.39242553710938,127.88365173339844,88.01797485351562,127.86846160888672,84.17726135253906,-0.003490734612569213,3.378596544265747,-0.008686063811182976,6.713413238525391,-0.008584260940551758,9.98832893371582,-0.012765960767865181,13.264812469482422
11122721925,0,127.74557495117188,115.77568817138672,127.70637512207031,95.38092041015625,127.72817993164062,88.00897216796875,127.6622085571289,84.17329406738281,-0.006868747062981129,3.4011964797973633,-0.014841640368103981,6.71691370010376,-0.020066365599632263,9.994171142578125,-0.03279375657439232,13.269266128540039
11147721925,0,127.65461730957031,115.51815032958984,127.5732421875,95.32206726074219,127.54334259033203,87.97322845458984,127.42288208007812,84.14242553710938,-0.009379523806273937,3.423691749572754,-0.021625446155667305,6.734873294830322,-0.03378690779209137,10.017431259155273,-0.056170690804719925,13.304017066955566
11172721926,0,127.62751007080078,115.80471801757812,127.60279083251953,95.40782165527344,127.5788803100586,88.00592803955078,127.4605484008789,84.1733169555664,-0.010049496777355671,3.3986775875091553,-0.020054364576935768,6.708734512329102,-0.031093908473849297,9.996148109436035,-0.05237140506505966,13.269241333007812
11197721926,0,127.64352416992188,116.45869445800781,127.63423156738281,95.54694366455078,127.6201400756836,88.0573959350586,127.50838470458984,84.19518280029297,-0.009475978091359138,3.3427999019622803,-0.01835787110030651,6.666734218597412,-0.02795754373073578,9.962825775146484,-0.04764175042510033,13.244731903076172
11222721926,0,127.97409057617188,116.86372375488281,127.85108947753906,95.65935516357422,127.84150695800781,88.12205505371094,127.76875305175781,84.23981475830078,-0.0006825163727626204,3.3090097904205322,-0.007438290398567915,6.633158206939697,-0.011618241667747498,9.9212646484375,-0.022328102961182594,13.194977760314941
11247721927,0,128.21896362304688,116.63427734375,128.12644958496094,95.62455749511719,128.1451416015625,88.11040496826172,128.09498596191406,84.22543334960938,0.005797678139060736,3.328076124191284,0.006325638387352228,6.64351749420166,0.010647216811776161,9.928728103637695,0.009182180278003216,13.210968971252441
11272721927,0,128.7559356689453,117.32292938232422,128.5406494140625,95.830810546875,128.5265350341797,88.231689453125,128.45372009277344,84.33639526367188,0.01971140131354332,3.271430492401123,0.02681189775466919,6.58255672454834,0.038336656987667084,9.85155200958252,0.04346606880426407,13.088542938232422
11297721927,0,128.46250915527344,116.88775634765625,128.39781188964844,95.60047149658203,128.4369354248047,88.07306671142578,128.38966369628906,84.2037353515625,0.012177078053355217,3.3070240020751953,0.019920840859413147,6.650705814361572,0.03212692588567734,9.952722549438477,0.03773529827594757,13.235169410705566
11322721928,0,128.1309356689453,117.64010620117188,128.07899475097656,95.91392517089844,128.04115295410156,88.24482727050781,127.9075698852539,84.3065414428711,0.003390486119315028,3.2459158897399902,0.0039038939867168665,6.55828857421875,0.002993894973769784,9.843260765075684,-0.00887622032314539,13.12126350402832
11347721928,0,128.63568115234375,119.83795166015625,128.3325653076172,97.27741241455078,128.28749084472656,89.26976013183594,128.2056427001953,85.12366485595703,0.015704257413744926,3.0784096717834473,0.01554873213171959,6.182951927185059,0.019673803821206093,9.235339164733887,0.01851862668991089,12.27938461303711
11372721929,0,128.74832153320312,120.04841613769531,128.4173583984375,97.42033386230469,128.38729858398438,89.43830108642578,128.3438262939453,85.25857543945312,0.018406016752123833,3.0631730556488037,0.019403431564569473,6.14594030380249,0.026247765868902206,9.142213821411133,0.030647344887256622,12.150367736816406
11397721929,0,128.8466796875,120.64962768554688,128.65762329101562,98.21881866455078,128.67938232421875,90.1867904663086,128.66030883789062,85.9181137084961,0.020567914471030235,3.0203754901885986,0.029642492532730103,5.9465861320495605,0.04414777830243111,8.74949836730957,0.0560682974755764,11.555643081665039
11422721929,0,128.47811889648438,116.5158462524414,128.5414276123047,95.7994613647461,128.64772033691406,88.33583068847656,128.67820739746094,84.43760681152344,0.012693222612142563,3.337994337081909,0.026885857805609703,6.59175443649292,0.04685942828655243,9.786197662353516,0.06444308161735535,12.978778839111328
11447721930,0,128.21121215820312,117.29279327392578,128.2221221923828,95.92127227783203,128.25192260742188,88.3182373046875,128.2312469482422,84.4107666015625,0.005511127412319183,3.2738735675811768,0.010973832570016384,6.556151390075684,0.01824503019452095,9.79718017578125,0.02202054299414158,13.007712364196777
11472721930,0,128.35194396972656,117.0684585571289,128.20079040527344,95.72794342041016,128.21095275878906,88.15896606445312,128.17300415039062,84.30320739746094,0.009228932671248913,3.2921605110168457,0.010000771842896938,6.612828254699707,0.015428449958562851,9.897688865661621,0.016618385910987854,13.12492847442627
11497721930,0,128.49659729003906,117.23323822021484,128.2848663330078,95.6697769165039,128.29098510742188,88.10665130615234,128.2248992919922,84.26992797851562,0.012974699959158897,3.2787106037139893,0.014223208650946617,6.630061626434326,0.02135089784860611,9.931136131286621,0.02166190929710865,13.161611557006836
11522721931,0,128.49844360351562,117.39778137207031,128.3735809326172,96.24632263183594,128.45980834960938,88.73234558105469,128.48764038085938,84.85831451416016,0.012975736521184444,3.2653770446777344,0.018209140747785568,6.46289587020874,0.03247660771012306,9.54481029510498,0.0448194220662117,12.54104232788086
11547721931,0,128.72093200683594,118.88465118408203,128.94802856445312,99.24188232421875,129.1323699951172,91.53298950195312,129.2763671875,87.3625717163086,0.018172482028603554,3.1491355895996094,0.04112774878740311,5.7082414627075195,0.06851257383823395,8.118921279907227,0.09818889200687408,10.431520462036133
11572721932,0,128.7969207763672,116.46302795410156,128.92991638183594,98.69000244140625,129.19760131835938,91.48650360107422,129.4042510986328,87.45645141601562,0.021181991323828697,3.342435121536255,0.041176166385412216,5.834543704986572,0.07263215631246567,8.139243125915527,0.10737066715955734,10.365731239318848
11597721932,0,129.0599365234375,116.88435363769531,129.03184509277344,99.94966125488281,129.328857421875,92.78741455078125,129.6334228515625,88.65108489990234,0.027908438816666603,3.307305097579956,0.043630339205265045,5.553560256958008,0.07554896920919418,7.604842662811279,0.11593291163444519,9.593342781066895
11622721932,0,129.10018920898438,117.60066223144531,129.085205078125,99.44134521484375,129.46556091308594,92.25597381591797,129.79156494140625,88.25393676757812,0.028513260185718536,3.2490696907043457,0.04673659801483154,5.663842678070068,0.08550693839788437,7.814859867095947,0.1302640587091446,9.837519645690918
11647721933,0,130.29367065429688,121.04315948486328,129.9147186279297,103.11958312988281,130.16477966308594,95.43199920654297,130.36282348632812,90.7934341430664,0.055271755903959274,2.992929697036743,0.07271464169025421,4.947115421295166,0.10918299853801727,6.701399803161621,0.1485852748155594,8.454155921936035
11672721933,0,130.93597412109375,125.1978759765625,129.8170166015625,106.58914947509766,129.83157348632812,98.34112548828125,129.87844848632812,93.05609893798828,0.06522417068481445,2.7279441356658936,0.06208256632089615,4.410757064819336,0.08217518031597137,5.917117595672607,0.10543189942836761,7.502697944641113
11697721933,0,128.76083374023438,119.72695922851562,128.68499755859375,102.93296813964844,128.84701538085938,95.5443115234375,128.9734344482422,91.01994323730469,0.018839815631508827,3.086498975753784,0.026170862838625908,4.979373455047607,0.04251634702086449,6.667524337768555,0.06048506498336792,8.348711967468262
11722721934,0,126.58482360839844,122.27812957763672,127.0344467163086,101.94338989257812,126.90342712402344,93.9801025390625,126.80316162109375,89.32634735107422,-0.033264584839344025,2.909590005874634,-0.038108859211206436,5.1571526527404785,-0.05896013230085373,7.170483112335205,-0.08163551241159439,9.20387077331543
11747721934,0,128.53952026367188,120.0392074584961,128.1686248779297,102.18108367919922,127.95142364501953,94.28089904785156,127.75999450683594,89.48290252685547,0.013272799551486969,3.0638370513916016,0.006602941546589136,5.113386631011963,-0.0025765756145119667,7.068280220031738,-0.01622401364147663,9.117870330810547
11772721935,0,129.1788787841797,115.40300750732422,128.13392639160156,99.38818359375,127.85192108154297,92.1917953491211,127.72919464111328,87.84017181396484,0.03209962323307991,3.43383526802063,0.005779011640697718,5.675612449645996,-0.00866700243204832,7.840970516204834,-0.02020449750125408,10.104937553405762
11797721935,0,129.08274841308594,112.6959228515625,128.35549926757812,96.5163345336914,128.26678466796875,89.79254150390625,128.22406005859375,85.84922790527344,0.031443238258361816,3.68886137008667,0.017136961221694946,6.387310981750488,0.017720399424433708,8.95223331451416,0.019120071083307266,11.615110397338867
11822721935,0,128.73562622070312,114.64012145996094,128.25750732421875,97.23271179199219,128.26483154296875,90.41415405273438,128.32791137695312,86.40453338623047,0.02038869448006153,3.502427577972412,0.012060805223882198,6.194613933563232,0.016996854916214943,8.636527061462402,0.02690344676375389,11.151918411254883
11847721936,0,129.2294921875,117.95309448242188,128.26173400878906,99.12142944335938,128.03189086914062,91.91275024414062,128.03822326660156,87.3048324584961,0.03161998465657234,3.221083402633667,0.011405076831579208,5.735369682312012,0.0018927173223346472,7.956454753875732,0.0029515482019633055,10.472383499145508
11872721936,0,129.46275329589844,133.58021545410156,128.26605224609375,107.93770599365234,128.03562927246094,97.77998352050781,128.4143829345703,90.53665161132812,0.02807246521115303,2.30216646194458,0.008749177679419518,4.230234146118164,0.0016333336243405938,6.054619312286377,0.026419294998049736,8.576809883117676
11897721936,0,130.33824157714844,140.30242919921875,127.1436767578125,127.4479751586914,126.47383117675781,112.04785919189453,127.38716125488281,96.52222442626953,0.04045795276761055,2.0362236499786377,-0.018251672387123108,2.601011037826538,-0.045037463307380676,3.755028247833252,-0.029534999281167984,6.385680675506592
11922721937,0,129.9475860595703,140.3848419189453,126.47725677490234,129.7273406982422,125.39131927490234,115.03682708740234,125.71629333496094,97.11116027832031,0.03365793079137802,2.033287525177002,-0.031174231320619583,2.482516050338745,-0.07163599878549576,3.4664556980133057,-0.10747914016246796,6.226535797119141
11947721937,0,130.5796356201172,140.42747497558594,126.98567199707031,131.92828369140625,126.19638061523438,116.64544677734375,127.1349105834961,96.61051940917969,0.044553156942129135,2.031771659851074,-0.020003093406558037,2.3766517639160156,-0.04774395003914833,3.327143669128418,-0.041542328894138336,6.361335754394531
11972721938,0,129.8255615234375,140.49795532226562,126.581298828125,136.5594940185547,125.08625030517578,125.56588745117188,124.48082733154297,100.16027069091797,0.03149702399969101,2.0292694568634033,-0.025970568880438805,2.1774673461914062,-0.06428572535514832,2.7064545154571533,-0.14769111573696136,5.509033679962158
11997721938,0,130.41067504882812,140.58641052246094,127.28916931152344,139.31100463867188,125.67127990722656,132.86753845214844,124.66232299804688,105.7078857421875,0.0415385402739048,2.0261363983154297,-0.012480465695261955,2.0721068382263184,-0.04521496593952179,2.3338050842285156,-0.11702089756727219,4.536530017852783
12022721938,0,130.23565673828125,140.4287567138672,126.61292266845703,135.45440673828125,124.35979461669922,125.0632553100586,122.08143615722656,102.51397705078125,0.03861154243350029,2.031726121902466,-0.025833874940872192,2.2223551273345947,-0.08107420057058334,2.735879898071289,-0.22922827303409576,5.053238391876221
12047721939,0,129.65267944335938,140.21868896484375,126.36373138427734,134.101318359375,123.7671890258789,124.80007934570312,121.12843322753906,110.3167724609375,0.02863096073269844,2.0392141342163086,-0.031138982623815536,2.279492139816284,-0.09474252164363861,2.7515101432800293,-0.21194221079349518,3.9427452087402344
12072721939,0,130.0211944580078,140.4763641357422,127.47489929199219,138.8272247314453,125.60060119628906,134.12220764160156,123.07215118408203,118.33009338378906,0.03488333895802498,2.0300354957580566,-0.009286238811910152,2.09000301361084,-0.045646365731954575,2.2785911560058594,-0.12570276856422424,3.191617727279663
12097721939,0,129.45497131347656,140.2705535888672,125.9590835571289,133.53085327148438,122.86839294433594,121.82805633544922,119.72295379638672,105.34355926513672,0.025186723098158836,2.0373611450195312,-0.039199717342853546,2.3043341636657715,-0.12171106040477753,2.939483642578125,-0.2933689057826996,4.590468883514404
12122721940,0,129.36312866210938,140.0985565185547,123.71307373046875,129.55984497070312,119.72332000732422,116.63510131835938,116.57025909423828,103.38880920410156,0.02365645207464695,2.0435171127319336,-0.08801912516355515,2.4909040927886963,-0.21914435923099518,3.328007459640503,-0.4303404688835144,4.901252269744873
12147721940,0,128.28956604003906,139.10838317871094,123.38482666015625,121.6666488647461,120.42073059082031,108.0922622680664,117.72590637207031,97.72271728515625,0.005099428351968527,2.079570770263672,-0.10981806367635727,2.950336456298828,-0.24817834794521332,4.210406303405762,-0.4720384180545807,6.0689897537231445
12172721941,0,130.17190551757812,138.95126342773438,124.66707611083984,121.40594482421875,121.13709259033203,108.3928451538086,118.13807678222656,98.03471374511719,0.03833829611539841,2.0853898525238037,-0.07972542196512222,2.968015670776367,-0.22286546230316162,4.172327041625977,-0.447671502828598,5.991466045379639
12197721941,0,128.94393920898438,139.45542907714844,123.18618774414062,121.75131225585938,119.02579498291016,108.17245483398438,115.505859375,97.76795959472656,0.016537802293896675,2.0668139457702637,-0.11434974521398544,2.9446349143981934,-0.2932031750679016,4.200185298919678,-0.5730295181274414,6.057631492614746
12222721941,0,128.0225830078125,138.29443359375,118.31500244140625,120.29842376708984,112.80826568603516,109.1566390991211,108.30192565917969,100.42472076416016,0.0004025829257443547,2.1100144386291504,-0.2369830161333084,3.0452468395233154,-0.4831940531730652,4.078338146209717,-0.8189892172813416,5.454058647155762
12247721942,0,125.3738021850586,135.57485961914062,116.14817810058594,118.25992584228516,111.16172790527344,108.60468292236328,106.63107299804688,101.01322937011719,-0.04881942644715309,2.2173867225646973,-0.3027825355529785,3.197065591812134,-0.5436401963233948,4.145866394042969,-0.8704368472099304,5.3353142738342285
12272721942,0,127.83778381347656,138.68484497070312,117.80298614501953,122.19931030273438,111.84132385253906,111.06314086914062,105.85556030273438,100.80796813964844,-0.0028748668264597654,2.0953195095062256,-0.2400633841753006,2.9147865772247314,-0.48886534571647644,3.859769821166992,-0.9084535837173462,5.3761796951293945
12297721942,0,129.24114990234375,139.545654296875,118.97297668457031,124.54963684082031,111.72755432128906,112.44723510742188,103.0819091796875,99.09506225585938,0.021715881302952766,2.063518762588501,-0.20301376283168793,2.7665295600891113,-0.4754607081413269,3.7140016555786133,-1.0868641138076782,5.741340160369873
12322721943,0,128.82449340820312,139.53805541992188,120.45588684082031,124.34506225585938,114.02202606201172,110.96617126464844,106.89430236816406,97.86071014404297,0.014427440240979195,2.063796043395996,-0.1703268438577652,2.778905153274536,-0.4239426553249359,3.870370388031006,-0.9645171165466309,6.03447151184082
12347721943,0,128.15956115722656,139.80764770507812,121.1991958618164,127.23966979980469,114.84569549560547,113.70240020751953,107.57327270507812,100.01515197753906,0.002780988346785307,2.0540003776550293,-0.14549894630908966,2.612327814102173,-0.37278416752815247,3.5901777744293213,-0.8617006540298462,5.539642333984375
12372721944,0,128.6133575439453,140.30921936035156,123.57789611816406,134.80393981933594,117.19307708740234,124.25962829589844,106.58973693847656,106.52159881591797,0.010611701756715775,2.0359814167022705,-0.08321329951286316,2.2495152950286865,-0.24439164996147156,2.784101963043213,-0.7329624891281128,4.420170783996582
12397721944,0,129.75511169433594,140.38265991210938,124.40425109863281,136.3667449951172,118.5107421875,127.02366638183594,109.0643310546875,108.3453140258789,0.03033258579671383,2.033365249633789,-0.06602045148611069,2.185185670852661,-0.20381370186805725,2.6241531372070312,-0.6157194375991821,4.178306579589844
12422721944,0,130.50379943847656,140.54409790039062,126.38667297363281,139.29745483398438,121.99957275390625,134.4253692626953,111.18069458007812,113.70267486572266,0.04316980764269829,2.0276341438293457,-0.02833181619644165,2.0726044178009033,-0.11359826475381851,2.265582799911499,-0.47664469480514526,3.590151309967041
12447721945,0,130.47743225097656,140.5530548095703,126.19798278808594,139.31625366210938,121.20765686035156,133.86973571777344,109.72370910644531,112.1729965209961,0.04270961135625839,2.0273168087005615,-0.03163658827543259,2.071913957595825,-0.12974540889263153,2.2895216941833496,-0.5376559495925903,3.7420854568481445
12472721945,0,129.71041870117188,140.53463745117188,125.36400604248047,139.02967834472656,118.68881225585938,131.8799285888672,106.83431243896484,111.24321746826172,0.029494628310203552,2.0279691219329834,-0.046475909650325775,2.08248233795166,-0.18376992642879486,2.378894329071045,-0.6374093294143677,3.8402228355407715
12497721945,0,128.46139526367188,140.5233917236328,123.78482055664062,138.73675537109375,116.63664245605469,131.21937561035156,104.5535659790039,111.32295227050781,0.007957651279866695,2.028367519378662,-0.07464515417814255,2.0933783054351807,-0.22677411139011383,2.40989089012146,-0.7046627402305603,3.831624984741211
12522721946,0,127.97332000732422,140.49172973632812,122.60730743408203,138.17233276367188,114.98424530029297,129.63906860351562,104.02088928222656,109.71000671386719,-0.00046036066487431526,2.0294902324676514,-0.09631187468767166,2.1146459579467773,-0.26687201857566833,2.4869306087493896,-0.7514968514442444,4.012621879577637
12547721946,0,126.68563842773438,140.45372009277344,120.76904296875,136.9321746826172,112.6908187866211,125.77839660644531,103.59967803955078,106.28790283203125,-0.022691773250699043,2.030839204788208,-0.13160927593708038,2.1626739501953125,-0.33643001317977905,2.694179058074951,-0.8410179018974304,4.4530229568481445
12572721946,0,125.02313232421875,140.0726776123047,115.92585754394531,128.83665466308594,110.27425384521484,114.17560577392578,107.10263061523438,100.92953491210938,-0.0516817644238472,2.0444459915161133,-0.25106051564216614,2.5276880264282227,-0.49669963121414185,3.5454084873199463,-0.8536912202835083,5.351906776428223
12597721947,0,120.071533203125,139.4670867919922,108.78863525390625,124.06977081298828,105.35797119140625,110.49639892578125,104.13434600830078,99.9993667602539,-0.1388826221227646,2.06638765335083,-0.4360368251800537,2.7957117557525635,-0.6950977444648743,3.9224820137023926,-1.0073392391204834,5.5429911613464355
12622721947,0,119.76532745361328,139.3145751953125,107.89254760742188,122.68743896484375,104.64006042480469,108.62179565429688,103.32252502441406,98.37397003173828,-0.14457324147224426,2.0719757080078125,-0.46882131695747375,2.882864475250244,-0.7538462281227112,4.143742084503174,-1.1057981252670288,5.909250736236572
12647721948,0,117.84477996826172,139.3455047607422,107.97174072265625,122.09376525878906,105.07339477539062,108.36969757080078,103.63674926757812,98.56397247314453,-0.17820970714092255,2.070840358734131,-0.4725090563297272,2.9217703342437744,-0.7449904680252075,4.17523717880249,-1.0839091539382935,5.8641228675842285
12672721948,0,117.31047821044922,139.48089599609375,106.63200378417969,121.67984771728516,103.72048950195312,108.07649230957031,102.4323501586914,98.65442657470703,-0.1872095912694931,2.065882921218872,-0.5083164572715759,2.949446201324463,-0.7953646183013916,4.212421417236328,-1.133631944656372,5.842864990234375
12697721948,0,115.92903900146484,139.57040405273438,107.0844955444336,118.57691955566406,104.31231689453125,104.79541778564453,103.00237274169922,96.22793579101562,-0.21112319827079773,2.0626163482666016,-0.5306989550590515,3.1725847721099854,-0.853611171245575,4.673879623413086,-1.2193629741668701,6.468104362487793
12722721949,0,115.86534881591797,139.7172088623047,110.27383422851562,116.46146392822266,107.47737121582031,103.27932739257812,105.88031768798828,95.82821655273438,-0.21177704632282257,2.0572776794433594,-0.4711744487285614,3.342566728591919,-0.7754008173942566,4.919807434082031,-1.0970792770385742,6.583317279815674
12747721949,0,114.96800231933594,139.68695068359375,107.04713439941406,116.48741912841797,104.22626495361328,103.58118438720703,102.77682495117188,96.2080307006836,-0.22753944993019104,2.0583763122558594,-0.5566174983978271,3.340383291244507,-0.8896510004997253,4.868959903717041,-1.2313767671585083,6.473751544952393
12772721949,0,113.38047790527344,139.69940185546875,108.13836669921875,113.55322265625,105.0338134765625,100.77367401123047,103.01353454589844,93.9359359741211,-0.2552107572555542,2.0579240322113037,-0.5648860931396484,3.6045026779174805,-0.94328773021698,5.383063316345215,-1.3461682796478271,7.185726165771484
12797721950,0,114.9069595336914,139.41943359375,110.6248779296875,111.01121520996094,108.02021789550781,98.54747772216797,106.58634185791016,91.88784790039062,-0.22951236367225647,2.0681309700012207,-0.5263674855232239,3.8654398918151855,-0.8894429802894592,5.868015289306641,-1.272487998008728,7.966917514801025
12822721950,0,116.82157897949219,138.9939422607422,114.40187072753906,109.10403442382812,112.27462768554688,96.87025451660156,111.20777893066406,90.46183776855469,-0.19719484448432922,2.0838065147399902,-0.43312039971351624,4.084687232971191,-0.7472593188285828,6.2907233238220215,-1.0749390125274658,8.613186836242676
12847721951,0,118.01046752929688,138.91526794433594,113.605224609375,108.56684112548828,111.05772399902344,96.3590316772461,109.9383544921875,90.06800842285156,-0.17642924189567566,2.086726665496826,-0.46523046493530273,4.150570869445801,-0.8219820857048035,6.431141376495361,-1.1814019680023193,8.809648513793945
12872721951,0,118.89289093017578,138.4329071044922,115.26200866699219,108.05045318603516,112.79676818847656,95.84588623046875,111.53636169433594,89.53414916992188,-0.1620122790336609,2.1047825813293457,-0.41758114099502563,4.215753078460693,-0.7534824013710022,6.5781426429748535,-1.1096646785736084,9.090052604675293
12897721951,0,118.54998016357422,137.7048797607422,115.40216064453125,107.28511810302734,112.94446563720703,95.42534637451172,111.56517028808594,89.35729217529297,-0.16997526586055756,2.1325361728668213,-0.4219443202018738,4.315868854522705,-0.7595577239990234,6.703416347503662,-1.1190097332000732,9.186748504638672
12922721952,0,120.47281646728516,135.6962890625,118.21932220458984,105.62381744384766,116.00208282470703,94.4476089477539,114.45344543457031,88.76908874511719,-0.13965903222560883,2.2123968601226807,-0.34377366304397583,4.548872947692871,-0.6316644549369812,7.012815952301025,-0.9547068476676941,9.523019790649414
12947721952,0,120.3957748413086,135.7385711669922,118.06008911132812,105.72325134277344,115.69300842285156,94.40181732177734,114.10057067871094,88.63632202148438,-0.1409948766231537,2.2106640338897705,-0.3483402729034424,4.534280776977539,-0.6492609977722168,7.027968883514404,-0.9873935580253601,9.602210998535156
12972721952,0,120.86275482177734,134.0451202392578,118.7994155883789,104.81974792480469,116.82073974609375,93.93360137939453,115.39430236816406,88.39276123046875,-0.13594825565814972,2.281919002532959,-0.33130714297294617,4.6701178550720215,-0.6023567318916321,7.186532974243164,-0.9087939262390137,9.750822067260742
12997721953,0,120.15314483642578,134.53250122070312,117.08242797851562,105.40327453613281,114.71971893310547,94.39132690429688,113.04736328125,88.77470397949219,-0.14829976856708527,2.2610161304473877,-0.3862670660018921,4.581547260284424,-0.7009356021881104,7.031448841094971,-1.0534491539001465,9.519698143005371
13022721953,0,119.69451904296875,134.48085021972656,116.3302001953125,105.46973419189453,113.64323425292969,94.60799407958984,111.76127624511719,89.07205963134766,-0.1570972204208374,2.2632157802581787,-0.41206124424934387,4.5716552734375,-0.7504905462265015,6.960227966308594,-1.1241302490234375,9.346920013427734
13047721954,0,119.25447845458984,134.11044311523438,116.6013412475586,105.06179809570312,114.15670776367188,94.29084014892578,112.48793029785156,88.7698974609375,-0.16640706360340118,2.2790985107421875,-0.40745341777801514,4.632998943328857,-0.7339451909065247,7.0649495124816895,-1.0931758880615234,9.522541999816895
13072721954,0,119.92619323730469,133.53871154785156,117.25517272949219,104.75692749023438,115.07695007324219,94.19317626953125,113.60147857666016,88.7376480102539,-0.15505315363407135,2.3039889335632324,-0.3876563608646393,4.679841041564941,-0.6881707310676575,7.097799777984619,-1.0166561603546143,9.541659355163574
13097721954,0,121.023681640625,131.78369140625,118.16911315917969,104.12654876708984,116.17428588867188,93.91441345214844,114.84983825683594,88.60993957519531,-0.13790951669216156,2.3833677768707275,-0.3616423010826111,4.779516220092773,-0.6377466320991516,7.193175792694092,-0.935650646686554,9.618098258972168
13122721955,0,121.57527160644531,130.68313598632812,117.99392700195312,103.54149627685547,115.8561019897461,93.64207458496094,114.4472885131836,88.51924896240234,-0.12938743829727173,2.4355673789978027,-0.374914288520813,4.875589370727539,-0.6631471514701843,7.288726806640625,-0.9695863723754883,9.673096656799316
13147721955,0,121.89527130126953,130.2797088623047,119.4669418334961,102.98855590820312,117.57637023925781,93.24388122558594,116.29571533203125,88.20903778076172,-0.12379401922225952,2.4551961421966553,-0.3254272937774658,4.969723701477051,-0.5798768401145935,7.432843208312988,-0.853371798992157,9.865878105163574
13172721955,0,124.48065185546875,126.7079849243164,122.95037078857422,100.87145233154297,121.59085083007812,91.70881652832031,120.64511108398438,86.98171997070312,-0.07602600008249283,2.6416032314300537,-0.20670048892498016,5.363478183746338,-0.3843177855014801,8.042922019958496,-0.5801830887794495,10.706868171691895
13197721956,0,124.02118682861328,128.13290405273438,122.73312377929688,101.39889526367188,121.46954345703125,91.97947692871094,120.58686065673828,87.09925079345703,-0.08376964926719666,2.5643930435180664,-0.21172529458999634,5.260076522827148,-0.38628700375556946,7.92854642868042,-0.5802263021469116,10.620413780212402
13222721956,0,124.19014739990234,128.04623413085938,122.87863159179688,101.20755004882812,121.4374771118164,91.74531555175781,120.38433837890625,86.88481140136719,-0.08033640682697296,2.568977117538452,-0.20722471177577972,5.297156810760498,-0.39278724789619446,8.027315139770508,-0.6046651005744934,10.779180526733398
13247721957,0,124.69915771484375,126.55303955078125,123.22235107421875,100.48894500732422,121.76962280273438,91.30577087402344,120.6513442993164,86.57183074951172,-0.07150830328464508,2.650242328643799,-0.19819307327270508,5.440861701965332,-0.3813974857330322,8.219183921813965,-0.5959974527359009,11.019291877746582
13272721957,0,124.89071655273438,125.81375122070312,123.22799682617188,100.20118713378906,121.86215209960938,91.16542053222656,120.79022979736328,86.48637390136719,-0.0682837963104248,2.692146062850952,-0.1999788135290146,5.500460624694824,-0.3784847855567932,8.282303810119629,-0.5881828665733337,11.08665657043457
13297721957,0,125.85028076171875,125.5326156616211,125.034912109375,100.06592559814453,123.85176086425781,91.0802001953125,122.85877227783203,86.42285919189453,-0.04745848476886749,2.7083849906921387,-0.12485583126544952,5.528897285461426,-0.2569398880004883,8.321083068847656,-0.42127540707588196,11.137240409851074
13322721958,0,125.55086517333984,127.82252502441406,124.4338607788086,101.25750732421875,123.05938720703125,91.83567810058594,121.98993682861328,86.90599060058594,-0.051850609481334686,2.5808753967285156,-0.14404945075511932,5.287428855895996,-0.294363796710968,7.9889235496521,-0.4765065014362335,10.763297080993652
13347721958,0,126.19115447998047,127.84062194824219,124.78426361083984,101.41111755371094,123.44306182861328,92.00316619873047,122.38223266601562,87.04383087158203,-0.03828263655304909,2.579909086227417,-0.1292169690132141,5.257723808288574,-0.2692309617996216,7.91868257522583,-0.441322386264801,10.661012649536133
13372721958,0,126.16622161865234,126.09962463378906,124.96566772460938,100.27867126464844,123.84451293945312,91.19957733154297,122.91539001464844,86.46812438964844,-0.04005928710103035,2.675806760787964,-0.12681037187576294,5.484292984008789,-0.2557884156703949,8.266857147216797,-0.4153326153755188,11.101144790649414
13397721959,0,126.29335021972656,124.4437026977539,125.65098571777344,99.20683288574219,124.62134552001953,90.4354019165039,123.68495178222656,85.91281127929688,-0.038459330797195435,2.772926092147827,-0.10203714668750763,5.7161102294921875,-0.2165917009115219,8.62611198425293,-0.3665400445461273,11.560199737548828
13422721959,0,126.9713363647461,125.90454864501953,127.35969543457031,100.24935913085938,126.4564437866211,91.07456970214844,125.4813461303711,86.33223724365234,-0.022552702575922012,2.6869378089904785,-0.026787281036376953,5.49039888381958,-0.095635324716568,8.323657035827637,-0.20768500864505768,11.210190773010254
13447721960,0,127.14218139648438,127.51190185546875,127.73168182373047,100.9219741821289,126.77418518066406,91.46722412109375,125.68791961669922,86.56523895263672,-0.01826249063014984,2.597555160522461,-0.01096409559249878,5.353410720825195,-0.074416883289814,8.147700309753418,-0.18760135769844055,11.024460792541504
13472721960,0,127.94117736816406,128.52442932128906,128.62152099609375,101.60972595214844,127.3791275024414,91.99408721923828,125.9347152709961,86.98820495605469,-0.0012298690853640437,2.5438594818115234,0.024806877598166466,5.219775199890137,-0.03669876605272293,7.922460079193115,-0.16284745931625366,10.70206356048584
13497721960,0,128.46717834472656,129.45989990234375,129.17532348632812,102.08036804199219,127.68534088134766,92.26678466796875,125.97684478759766,87.12150573730469,0.009608784690499306,2.4959323406219482,0.04617691412568092,5.131846904754639,-0.018348734825849533,7.8104777336120605,-0.15811927616596222,10.604195594787598
13522721961,0,128.73704528808594,130.29751586914062,129.94424438476562,102.70790100097656,127.83515930175781,92.69734191894531,125.45072937011719,87.42240905761719,0.014941519126296043,2.4543237686157227,0.07482580095529556,5.018800258636475,-0.009412403218448162,7.639679431915283,-0.19535040855407715,10.389493942260742
13547721961,0,128.06993103027344,128.63348388671875,128.3708953857422,101.63668823242188,126.72377014160156,91.94459533691406,124.82649230957031,86.8871078491211,0.0014593091327697039,2.538191080093384,0.014790142886340618,5.214662075042725,-0.07562307268381119,7.943111896514893,-0.25192999839782715,10.777456283569336
13572721961,0,128.9823760986328,129.60690307617188,129.6795654296875,102.02497863769531,127.96923828125,92.2201156616211,125.96817016601562,87.06983947753906,0.020153658464550972,2.4885425567626953,0.06610964983701706,5.142052173614502,-0.00179795001167804,7.829428195953369,-0.15934166312217712,10.641922950744629
13597721962,0,131.77525329589844,131.92666625976562,133.6312255859375,103.60792541503906,131.02589416503906,93.2601318359375,128.14183044433594,87.72300720214844,0.07445204257965088,2.3767268657684326,0.21055112779140472,4.864501953125,0.16820481419563293,7.42685604095459,0.010660669766366482,10.18321704864502
13622721962,0,131.76275634765625,131.52670288085938,133.3833770751953,103.28439331054688,130.94223022460938,93.0025634765625,128.2189483642578,87.50151824951172,0.07470417767763138,2.395383834838867,0.20336569845676422,4.918945789337158,0.16555984318256378,7.5228424072265625,0.016692373901605606,10.334432601928711
13647721963,0,132.20706176757812,131.0460205078125,133.8184051513672,103.2355728149414,131.33218383789062,92.99032592773438,128.52374267578125,87.47297668457031,0.08420520275831223,2.4181406497955322,0.220143124461174,4.9272589683532715,0.187611922621727,7.527461051940918,0.04000319913029671,10.354232788085938
13672721963,0,132.15060424804688,130.1894989013672,133.8675537109375,103.15138244628906,131.45018005371094,92.98153686523438,128.677734375,87.4942398071289,0.0842980220913887,2.459622383117676,0.22260268032550812,4.941656589508057,0.19433683156967163,7.5307817459106445,0.05169396474957466,10.33947467803955
13697721963,0,131.5518798828125,129.44374084472656,133.3657684326172,102.75703430175781,131.10430908203125,92.7309799194336,128.46646118164062,87.34412384033203,0.07307456433773041,2.4967472553253174,0.2061760127544403,5.010144233703613,0.17696841061115265,7.626634120941162,0.03592725470662117,10.444541931152344
13722721964,0,129.5474853515625,126.8250503540039,130.34046936035156,100.9360122680664,128.8599090576172,91.34089660644531,127.01008605957031,86.32028198242188,0.033357858657836914,2.635108709335327,0.09559053927659988,5.350619316101074,0.05254441872239113,8.203531265258789,-0.08169519156217575,11.21988296508789
13747721964,0,128.77023315429688,124.73970031738281,129.08560180664062,99.5888671875,127.86833953857422,90.44007110595703,126.3177490234375,85.72862243652344,0.01725977659225464,2.7551181316375732,0.04650368168950081,5.631418228149414,-0.00843807589262724,8.623826026916504,-0.14481531083583832,11.720662117004395
13772721964,0,128.43141174316406,124.01148986816406,128.7103729248047,99.35134887695312,127.37127685546875,90.39396667480469,125.71424102783203,85.78179931640625,0.00980264600366354,2.799293041229248,0.03069434128701687,5.683794975280762,-0.04039566218852997,8.646445274353027,-0.19600863754749298,11.673895835876465
13797721965,0,127.970703125,122.77132415771484,128.1472625732422,98.76055145263672,127.00384521484375,90.03778076171875,125.55224609375,85.55333709716797,-0.0006819514092057943,2.8774404525756836,0.006503512617200613,5.818108081817627,-0.06526710838079453,8.825081825256348,-0.21343819797039032,11.877418518066406
13822721965,0,127.7143783569336,122.97891235351562,127.82875061035156,98.64181518554688,126.7503433227539,89.91702270507812,125.3797607421875,85.4602279663086,-0.006621420383453369,2.8640944957733154,-0.00759654026478529,5.84581995010376,-0.08242814242839813,8.88725757598877,-0.23005898296833038,11.962347030639648
13847721965,0,127.49020385742188,121.17875671386719,127.59497833251953,97.59429931640625,126.5343246459961,89.27042388916016,125.17316436767578,85.04061889648438,-0.012250945903360844,2.983574628829956,-0.01870189793407917,6.101447582244873,-0.10029642283916473,9.234969139099121,-0.25618457794189453,12.360130310058594
13872721966,0,127.19248962402344,122.44026184082031,127.19525146484375,98.08058166503906,126.04373168945312,89.5395278930664,124.65179443359375,85.20659637451172,-0.018920011818408966,2.898951768875122,-0.036466456949710846,5.980225563049316,-0.1318138837814331,9.087142944335938,-0.29962071776390076,12.199764251708984
13897721966,0,127.3150634765625,125.70429992675781,127.21432495117188,99.70561981201172,125.83193969726562,90.58145904541016,124.2255859375,85.942138671875,-0.01507272943854332,2.6984481811523438,-0.033513955771923065,5.606001377105713,-0.13789299130439758,8.555163383483887,-0.3199416697025299,11.535041809082031
13922721967,0,127.4205322265625,130.37844848632812,127.42906188964844,103.26089477539062,125.05119323730469,93.1841812133789,122.60276794433594,87.90228271484375,-0.011730792932212353,2.450366735458374,-0.021584317088127136,4.922944068908691,-0.16450734436511993,7.4549174308776855,-0.40110886096954346,10.0639066696167
13947721967,0,126.34867095947266,132.23495483398438,125.67141723632812,104.6091537475586,123.25889587402344,94.11031341552734,120.92921447753906,88.479248046875,-0.03239930421113968,2.3625152111053467,-0.08439228683710098,4.702861309051514,-0.2534167170524597,7.125899314880371,-0.5070851445198059,9.697547912597656
13972721967,0,126.5344467163086,131.5084991455078,125.38860321044922,103.79383087158203,123.02910614013672,93.35548400878906,120.73397827148438,87.83403015136719,-0.029105380177497864,2.3962390422821045,-0.09706901758909225,4.833719253540039,-0.27509060502052307,7.391909599304199,-0.5423202514648438,10.109010696411133
13997721968,0,125.85630798339844,130.32412719726562,124.38174438476562,103.27098083496094,122.28421020507812,93.15853881835938,120.24090576171875,87.83372497558594,-0.043437499552965164,2.45302152633667,-0.13674403727054596,4.921226978302002,-0.31925758719444275,7.464437007904053,-0.5791332721710205,10.109212875366211
14022721968,0,126.42454528808594,130.21473693847656,124.16649627685547,103.05677032470703,121.78471374511719,93.08540344238281,119.50162506103516,87.8524398803711,-0.031983327120542526,2.4583826065063477,-0.1458781510591507,4.957930088043213,-0.3483612537384033,7.4917144775390625,-0.6335638761520386,10.096806526184082
14047721968,0,128.40953063964844,130.314697265625,126.22006225585938,102.97885131835938,123.52753448486328,93.14588165283203,120.83094024658203,87.95095825195312,0.008299635723233223,2.4534828662872314,-0.06790319085121155,4.97140645980835,-0.2499607652425766,7.469144344329834,-0.531160831451416,10.031974792480469
14072721969,0,128.99728393554688,129.55416870117188,126.78929901123047,101.98892211914062,124.20463562011719,92.3293228149414,121.60513305664062,87.26695251464844,0.02047824300825596,2.4911892414093018,-0.047711897641420364,5.148715496063232,-0.2206384539604187,7.785220623016357,-0.4950280785560608,10.499360084533691
14097721969,0,129.00762939453125,127.76780700683594,126.57701110839844,101.0306167602539,124.52307891845703,91.63421630859375,122.483642578125,86.69654846191406,0.02135344408452511,2.5838003158569336,-0.05792897939682007,5.331879138946533,-0.2092820107936859,8.075000762939453,-0.4435960352420807,10.922386169433594
14122721970,0,129.393310546875,124.54969787597656,127.1146011352539,99.38551330566406,125.32931518554688,90.55980682373047,123.5540771484375,85.9499740600586,0.03133489936590195,2.766525983810425,-0.03820927068591118,5.676205158233643,-0.17005908489227295,8.565610885620117,-0.3766510486602783,11.528337478637695
14147721970,0,129.38905334472656,123.75724792480469,127.5960693359375,99.56352233886719,125.82322692871094,90.80962371826172,123.9998550415039,86.2064208984375,0.031717460602521896,2.8150084018707275,-0.017318997532129288,5.636964321136475,-0.13676774501800537,8.446535110473633,-0.33276814222335815,11.313014030456543
14172721970,0,129.52723693847656,121.75389862060547,127.64999389648438,98.5710678100586,126.18008422851562,90.20812225341797,124.66874694824219,85.80484771728516,0.03627688065171242,2.9444613456726074,-0.015567442402243614,5.86245059967041,-0.1181236281991005,8.738779067993164,-0.28518497943878174,11.65373706817627
14197721971,0,129.78955078125,124.5255126953125,127.88787078857422,100.09732818603516,126.25646209716797,91.25048828125,124.61763763427734,86.57260131835938,0.04026469215750694,2.76798415184021,-0.004716332536190748,5.522271156311035,-0.10703856498003006,8.243936538696289,-0.27430495619773865,11.018688201904297
14222721971,0,129.92161560058594,123.26847076416016,127.8493423461914,99.45675659179688,126.12406158447266,90.81712341308594,124.43971252441406,86.2929916381836,0.04429623484611511,2.8456592559814453,-0.006484740413725376,5.660438537597656,-0.1178191751241684,8.443009376525879,-0.29438287019729614,11.242069244384766
14247721971,0,129.22666931152344,121.36701965332031,126.86373901367188,98.34660339355469,125.23209381103516,90.06210327148438,123.68978881835938,85.75628662109375,0.02936576120555401,2.9706711769104004,-0.05096876248717308,5.915804386138916,-0.1811063438653946,8.81265926361084,-0.37029507756233215,11.696287155151367
14272721972,0,129.47512817382812,121.67250061035156,127.10819244384766,98.40648651123047,125.45604705810547,90.06311798095703,123.88491821289062,85.73796844482422,0.03509654849767685,2.949941873550415,-0.03991270437836647,5.901481628417969,-0.16644355654716492,8.812141418457031,-0.3540027439594269,11.712416648864746
14297721972,0,128.9283905029297,122.83856964111328,126.38897705078125,98.76325988769531,124.71001434326172,90.2960205078125,123.1810531616211,85.92961120605469,0.02158181741833687,2.87310528755188,-0.07113990932703018,5.817478179931641,-0.2125142216682434,8.694873809814453,-0.4088497757911682,11.545774459838867
14322721973,0,128.2652587890625,123.6366195678711,125.95040130615234,99.0226058959961,124.2677001953125,90.38199615478516,122.7204818725586,85.94568634033203,0.006071032956242561,2.822518825531006,-0.08963802456855774,5.75780725479126,-0.23995757102966309,8.652335166931152,-0.44740933179855347,11.532005310058594
14347721973,0,128.2258758544922,123.44892883300781,126.04020690917969,98.90660858154297,124.32305145263672,90.29185485839844,122.72247314453125,85.8761978149414,0.005188527051359415,2.834275007247925,-0.08607993274927139,5.784353733062744,-0.23756390810012817,8.696945190429688,-0.44948023557662964,11.591757774353027
14372721973,0,128.859619140625,126.32362365722656,126.48328399658203,100.14425659179688,124.3319320678711,91.13169860839844,122.2808609008789,86.4945068359375,0.018701134249567986,2.663123846054077,-0.06368909776210785,5.512395858764648,-0.2265867292881012,8.297607421875,-0.46631336212158203,11.08021068572998
14397721974,0,129.2415008544922,126.26109313964844,126.96965026855469,99.8938980102539,124.87523651123047,90.87437438964844,122.84009552001953,86.27175903320312,0.0270401518791914,2.666653871536255,-0.04365420341491699,5.565462112426758,-0.1956569254398346,8.416186332702637,-0.4272821843624115,11.259389877319336
14422721974,0,128.7849884033203,124.18734741210938,126.3701400756836,98.82901000976562,124.42660522460938,90.12381744384766,122.56023406982422,85.69574737548828,0.017776599153876305,2.7885122299194336,-0.07179534435272217,5.802241325378418,-0.23301395773887634,8.781288146972656,-0.46940216422080994,11.749755859375
14447721974,0,128.4667510986328,122.19754791259766,126.17010498046875,98.13835144042969,124.41511535644531,89.70157623291016,122.74042510986328,85.37129211425781,0.010988880880177021,2.914902687072754,-0.0827367827296257,5.966124057769775,-0.239339217543602,9.000292778015137,-0.46486613154411316,12.044570922851562
14472721975,0,128.87380981445312,124.5240707397461,126.34825897216797,99.425048828125,124.22447967529297,90.56696319580078,122.26223754882812,86.01107025146484,0.019661160185933113,2.768070936203003,-0.0711778998374939,5.667445182800293,-0.240318164229393,8.562154769897461,-0.48397383093833923,11.476323127746582
14497721975,0,128.8713836669922,125.77700805664062,126.34066772460938,100.22322082519531,123.940185546875,91.07218933105469,121.72325134277344,86.37753295898438,0.019149765372276306,2.6942591667175293,-0.06948281824588776,5.495853900909424,-0.2515685260295868,8.324746131896973,-0.5159421563148499,11.173613548278809
14522721976,0,128.65777587890625,124.98055267333984,125.89974975585938,100.14944458007812,123.48164367675781,91.10863494873047,121.31009674072266,86.48046112060547,0.014672769233584404,2.7407748699188232,-0.08817630261182785,5.5113067626953125,-0.2794482707977295,8.308104515075684,-0.5459942817687988,11.091346740722656
14547721976,0,128.7862091064453,127.36914825439453,126.23381042480469,101.72421264648438,123.51577758789062,92.18663787841797,121.0425033569336,87.21348571777344,0.016781117767095566,2.605283498764038,-0.07022271305322647,5.198129653930664,-0.26252689957618713,7.843076229095459,-0.5404741168022156,10.537663459777832
14572721976,0,128.67364501953125,126.82492065429688,126.16991424560547,101.49369049072266,123.4672622680664,92.01673126220703,120.95377349853516,87.08670806884766,0.014521241188049316,2.6351158618927,-0.07333190739154816,5.241884708404541,-0.26761969923973083,7.913045406341553,-0.5519664883613586,10.629575729370117
14597721977,0,128.39666748046875,125.75921630859375,125.66162872314453,100.61775207519531,123.20584106445312,91.37672424316406,120.94634246826172,86.6229248046875,0.0087201576679945,2.6952831745147705,-0.09656696021556854,5.414572238922119,-0.29240360856056213,8.187623023986816,-0.5700733661651611,10.979392051696777
14622721977,0,128.49923706054688,125.29685974121094,125.66654968261719,100.08968353271484,123.2247085571289,91.00598907470703,120.99053192138672,86.3564453125,0.011070209555327892,2.722134828567505,-0.09817532449960709,5.523882865905762,-0.2969340980052948,8.355134963989258,-0.5770172476768494,11.19061279296875
14647721977,0,128.9239044189453,125.48548126220703,126.53350067138672,100.20581817626953,123.85398864746094,91.07278442382812,121.35160827636719,86.4097900390625,0.020414642989635468,2.7111244201660156,-0.06144602969288826,5.4994916915893555,-0.25690171122550964,8.32447338104248,-0.5452674627304077,11.147704124450684
14672721978,0,129.98316955566406,125.96693420410156,127.58983612060547,100.46936798095703,124.70044708251953,91.32901000976562,121.97530364990234,86.63577270507812,0.043429289013147354,2.6833691596984863,-0.017026690766215324,5.444878101348877,-0.20174188911914825,8.208821296691895,-0.4864857792854309,10.969403266906738
14697721978,0,130.35118103027344,126.15056610107422,128.1780548095703,100.65255737304688,125.19683837890625,91.47920227050781,122.34806823730469,86.74365234375,0.051313746720552444,2.6729133129119873,0.007344140205532312,5.4075093269348145,-0.17006996273994446,8.142444610595703,-0.45304617285728455,10.886213302612305
14722721979,0,129.80487060546875,125.77021789550781,127.49285888671875,100.15811157226562,124.79302215576172,91.0350570678711,122.23261260986328,86.37152099609375,0.03966933488845825,2.6946496963500977,-0.02128511108458042,5.509486675262451,-0.19910970330238342,8.341765403747559,-0.4742715358734131,11.178454399108887
14747721979,0,128.96058654785156,123.96857452392578,126.54462432861328,99.14098358154297,124.1081771850586,90.381103515625,121.7800521850586,85.89575958251953,0.021844714879989624,2.8019349575042725,-0.063372403383255,5.730949401855469,-0.2502257823944092,8.652774810791016,-0.5289992690086365,11.574875831604004
14772721979,0,129.90113830566406,125.2502670288086,127.7159194946289,100.03646850585938,125.01339721679688,91.00672912597656,122.40023040771484,86.3313217163086,0.0421932078897953,2.7248666286468506,-0.011974814347922802,5.535126686096191,-0.18570378422737122,8.3547945022583,-0.4617794156074524,11.210931777954102
14797721980,0,129.58465576171875,121.44554901123047,127.9617691040039,98.12367248535156,125.77845764160156,89.74299621582031,123.55008697509766,85.41835021972656,0.03787550330162048,2.965317964553833,-0.0017295412253588438,5.969701766967773,-0.14797157049179077,8.978348731994629,-0.3919250965118408,12.00092887878418
14822721980,0,129.8633270263672,124.11919403076172,128.08523559570312,99.39696502685547,125.56259155273438,90.58439636230469,123.03115844726562,86.0431900024414,0.04225149005651474,2.7926814556121826,0.0036767933052033186,5.673665523529053,-0.15499956905841827,8.55374813079834,-0.4181576371192932,11.449159622192383
14847721980,0,128.97084045410156,126.14886474609375,126.85844421386719,100.13558197021484,124.26512908935547,91.0086898803711,121.71159362792969,86.34465026855469,0.02118893526494503,2.6730096340179443,-0.04795036092400551,5.514218807220459,-0.2322063446044922,8.353891372680664,-0.5180853009223938,11.200143814086914
14872721981,0,129.17083740234375,125.80081939697266,127.12733459472656,99.8595962524414,124.62010955810547,90.79950714111328,122.08789825439453,86.17821502685547,0.025719251483678818,2.692889451980591,-0.03701890632510185,5.5728068351745605,-0.21247448027133942,8.451295852661133,-0.4928002953529358,11.336315155029297
14897721981,0,129.2584228515625,127.19161987304688,126.83391571044922,100.23434448242188,124.18719482421875,90.96646881103516,121.48728942871094,86.30503845214844,0.02694660611450672,2.614950180053711,-0.04880933463573456,5.493531227111816,-0.23757939040660858,8.373377799987793,-0.5380508899688721,11.232264518737793
14922721982,0,129.90176391601562,126.29023742675781,127.6019515991211,99.83154296875,125.06634521484375,90.79499053955078,122.44664764404297,86.20491027832031,0.041398581117391586,2.6650073528289795,-0.016902433708310127,5.578827381134033,-0.18446651101112366,8.453422546386719,-0.46202701330184937,11.314258575439453
14947721982,0,130.26651000976562,127.25853729248047,127.64984893798828,100.34972381591797,124.78092956542969,91.18861389160156,121.97830200195312,86.53500366210938,0.04847399890422821,2.6112990379333496,-0.014596786350011826,5.469545364379883,-0.1982611119747162,8.271809577941895,-0.48961469531059265,11.048224449157715
14972721982,0,129.995849609375,126.64227294921875,126.99696350097656,99.80036926269531,124.0396957397461,90.77762603759766,121.13922119140625,86.22769165039062,0.043166786432266235,2.645261287689209,-0.04263995960354805,5.585531234741211,-0.24925190210342407,8.461609840393066,-0.5698881149291992,11.295501708984375
14997721983,0,130.23614501953125,124.12974548339844,127.43702697753906,98.78307342529297,124.54266357421875,90.22156524658203,121.58837890625,85.90692138671875,0.05069498345255852,2.7920353412628174,-0.02484150044620037,5.8128790855407715,-0.22423666715621948,8.732036590576172,-0.544863224029541,11.565264701843262
15022721983,0,129.42013549804688,119.98199462890625,127.45435333251953,97.1798095703125,124.89661407470703,89.20339965820312,122.08814239501953,85.19239044189453,0.03497857600450516,3.067967414855957,-0.025610007345676422,6.208468914031982,-0.21319259703159332,9.272506713867188,-0.5296038389205933,12.213332176208496
15047721983,0,128.89251708984375,118.32384490966797,127.30272674560547,96.62423706054688,124.88423156738281,88.84858703613281,122.1213607788086,84.95997619628906,0.022769976407289505,3.1921021938323975,-0.03346500173211098,6.357569217681885,-0.21855075657367706,9.47619915008545,-0.5360721349716187,12.439529418945312
15072721984,0,128.78024291992188,119.21111297607422,126.98197937011719,97.00711059570312,124.32042694091797,89.05378723144531,121.29151153564453,85.12234497070312,0.019531527534127235,3.124593496322632,-0.048110924661159515,6.2541069984436035,-0.25499239563941956,9.3573637008667,-0.6041765809059143,12.280660629272461
15097721984,0,128.5148162841797,119.75074768066406,126.53076171875,97.29911041259766,123.77266693115234,89.27656555175781,120.69865417480469,85.31745910644531,0.012741564773023129,3.0847620964050293,-0.06863372772932053,6.177305698394775,-0.28917428851127625,9.23154354095459,-0.6479361653327942,12.094876289367676
15122721984,0,129.56500244140625,125.483642578125,127.37529754638672,100.74534606933594,124.06201171875,91.57272338867188,120.5614242553711,87.01301574707031,0.034581564366817474,2.711231231689453,-0.025683624669909477,5.388762950897217,-0.2377791702747345,8.101627349853516,-0.5855615139007568,10.6837158203125
15147721985,0,129.76678466796875,125.8507080078125,126.8581771850586,101.23057556152344,123.21728515625,91.99149322509766,119.44556427001953,87.4172592163086,0.03877420350909233,2.6900243759155273,-0.04616490751504898,5.29266881942749,-0.2827351987361908,7.923539638519287,-0.6557447910308838,10.393098831176758
15172721985,0,130.14564514160156,125.55792999267578,126.74043273925781,100.69975280761719,123.2865982055664,91.52495574951172,119.76727294921875,86.98514556884766,0.04734615981578827,2.706915855407715,-0.051867324858903885,5.397958755493164,-0.2852955758571625,8.122426986694336,-0.6492820382118225,10.704329490661621
15197721986,0,130.43588256835938,126.37876892089844,126.0809097290039,101.25709533691406,122.30419158935547,92.01152801513672,118.61653137207031,87.3497314453125,0.05293923243880272,2.660017728805542,-0.07752019166946411,5.287508964538574,-0.3363765776157379,7.915206432342529,-0.7224591374397278,10.440580368041992
15222721986,0,130.16900634765625,129.53469848632812,124.84679412841797,103.2337646484375,120.61972045898438,93.35321807861328,116.68925476074219,88.31376647949219,0.0445534773170948,2.4921674728393555,-0.11931049823760986,4.927567958831787,-0.40846994519233704,7.392735958099365,-0.8193842172622681,9.79997444152832
15247721986,0,130.2738037109375,127.78632354736328,126.05758666992188,101.5751953125,122.57780456542969,92.06039428710938,119.2222900390625,87.29133605957031,0.04816991090774536,2.5828096866607666,-0.07761839777231216,5.2263360023498535,-0.31943783164024353,7.894951343536377,-0.6784009337425232,10.481979370117188
15272721987,0,130.3896942138672,127.73394775390625,127.14140319824219,102.32605743408203,123.33070373535156,92.8643569946289,119.54764556884766,88.03721618652344,0.05067259445786476,2.5856127738952637,-0.033459845930337906,5.087030410766602,-0.2644825875759125,7.575323104858398,-0.6228728294372559,9.975866317749023
15297721987,0,130.12234497070312,127.46143341064453,126.78321838378906,101.67545318603516,123.31549072265625,92.42828369140625,119.84070587158203,87.68461608886719,0.04522468149662018,2.600282669067383,-0.048458050936460495,5.207327842712402,-0.2710084617137909,7.745568752288818,-0.614793598651886,10.209121704101562
15322721987,0,129.76919555664062,128.0840606689453,125.8821792602539,102.46073913574219,122.09165954589844,93.07061004638672,118.41028594970703,88.15525817871094,0.03728095442056656,2.566974639892578,-0.0821673646569252,5.062768936157227,-0.33138972520828247,7.497255802154541,-0.7015237212181091,9.900052070617676
15347721988,0,129.3597869873047,127.76317596435547,124.73287200927734,101.23826599121094,121.14776611328125,91.9277114868164,117.76181030273438,87.13867950439453,0.028818674385547638,2.584047794342041,-0.13205815851688385,5.291172027587891,-0.4063735008239746,7.950180530548096,-0.799255907535553,10.59171199798584
15372721988,0,129.23020935058594,129.8067169189453,123.85049438476562,101.93287658691406,120.00606536865234,92.24098205566406,116.5057601928711,87.2947006225586,0.02515077404677868,2.47855806350708,-0.1638319343328476,5.159104824066162,-0.46674495935440063,7.820944309234619,-0.8881573677062988,10.479585647583008
15397721989,0,128.86952209472656,129.8018341064453,123.47709655761719,102.06763458251953,119.69316864013672,92.45161437988281,116.25259399414062,87.5263442993164,0.017778275534510612,2.4788010120391846,-0.17777417600154877,5.134189605712891,-0.4800189733505249,7.736276149749756,-0.8941767811775208,10.317268371582031
15422721989,0,128.29774475097656,130.33062744140625,122.99198150634766,102.40634155273438,119.12474060058594,92.63793182373047,115.63398742675781,87.67350769042969,0.006032510660588741,2.4527034759521484,-0.1946491003036499,5.072542190551758,-0.5082361102104187,7.66282320022583,-0.9324255585670471,10.216641426086426
15447721989,0,128.78126525878906,126.00421142578125,124.08677673339844,99.71686553955078,120.81983184814453,90.83414459228516,117.79598236083984,86.2751693725586,0.01709706336259842,2.681241035461426,-0.16685575246810913,5.603564739227295,-0.4505462348461151,8.435017585754395,-0.844774067401886,11.256604194641113
15472721990,0,128.80535888671875,129.56288146972656,123.25137329101562,102.69039154052734,119.33863067626953,93.36811065673828,115.72843170166016,88.51815032958984,0.016534747555851936,2.4907515048980713,-0.18285894393920898,5.0218915939331055,-0.4790392220020294,7.387304782867432,-0.8779894113540649,9.67376708984375
15497721990,0,128.12918090820312,132.53433227539062,121.14196014404297,105.0802001953125,116.80380249023438,95.17325592041016,112.99604797363281,89.97686767578125,0.002522012684494257,2.348853349685669,-0.24500925838947296,4.630198955535889,-0.570997416973114,6.780691146850586,-0.9863755106925964,8.856340408325195
15522721990,0,127.79653930664062,134.91064453125,118.90235900878906,107.28590393066406,113.92058563232422,96.67254638671875,109.97340393066406,91.02867126464844,-0.003822143655270338,2.245021104812622,-0.30470404028892517,4.3157639503479,-0.6744056940078735,6.3443379402160645,-1.119581937789917,8.344698905944824
15547721991,0,128.4696807861328,131.7607421875,121.70748138427734,105.18037414550781,117.42588806152344,95.35029602050781,113.8222427368164,90.19739532470703,0.009288325905799866,2.3844363689422607,-0.22412683069705963,4.615012168884277,-0.535182774066925,6.726247310638428,-0.920765221118927,8.744165420532227
15572721991,0,128.1774444580078,130.71409606933594,120.93356323242188,104.30852508544922,116.66726684570312,94.80215454101562,113.14270782470703,89.83000946044922,0.0035716646816581488,2.4340720176696777,-0.25848421454429626,4.750343322753906,-0.5873668193817139,6.897555351257324,-0.9847789406776428,8.932580947875977
15597721992,0,127.34429168701172,130.14598083496094,119.76301574707031,105.84083557128906,115.05360412597656,96.43438720703125,111.14407348632812,91.30282592773438,-0.013327283784747124,2.4617624282836914,-0.2876589000225067,4.517136096954346,-0.6261783242225647,6.410073757171631,-1.0320063829421997,8.220499992370605
15622721992,0,126.85127258300781,125.36233520507812,120.55418395996094,102.83187103271484,116.42399597167969,94.42499542236328,112.68474578857422,89.91542053222656,-0.025440920144319534,2.71830415725708,-0.2854059636592865,4.997012615203857,-0.6100661754608154,7.020290851593018,-1.0102941989898682,8.88808822631836
15647721992,0,126.62446594238281,122.843505859375,121.00856018066406,100.5508041381836,117.17498779296875,92.48138427734375,113.60708618164062,88.26001739501953,-0.031973231583833694,2.8727874755859375,-0.28940027952194214,5.428206920623779,-0.624625563621521,7.724450588226318,-1.0461124181747437,9.833691596984863
15672721993,0,126.13906860351562,119.98495483398438,121.34362030029297,98.81561279296875,117.48783874511719,91.07444763183594,113.76988220214844,87.05945587158203,-0.04583275318145752,3.067753553390503,-0.2933600842952728,5.80534029006958,-0.6513144373893738,8.323713302612305,-1.1167343854904175,10.6495361328125
15697721993,0,126.25330352783203,120.8728256225586,120.79501342773438,99.10269165039062,116.52286529541016,91.22357177734375,112.33365631103516,87.1735610961914,-0.04223773255944252,3.0047547817230225,-0.3141748607158661,5.739611625671387,-0.7055861353874207,8.2560396194458,-1.220199465751648,10.566444396972656
15722721993,0,126.09496307373047,119.7204818725586,120.63973236083984,98.50037384033203,116.33343505859375,90.78436279296875,112.08966064453125,86.83509826660156,-0.04717905446887016,3.086972236633301,-0.3282405734062195,5.879156589508057,-0.734001874923706,8.4584321975708,-1.2674758434295654,10.816643714904785
15747721994,0,126.13230895996094,118.54487609863281,120.31269836425781,97.72494506835938,115.87106323242188,90.11844635009766,111.57243347167969,86.22570037841797,-0.04742242768406868,3.175044059753418,-0.3531588613986969,6.068429470062256,-0.791138231754303,8.78400993347168,-1.3647410869598389,11.297140121459961
15772721994,0,125.89096069335938,117.43748474121094,119.85338592529297,97.2820816040039,115.33364868164062,89.90309143066406,110.94129180908203,86.10237884521484,-0.05485560745000839,3.262174367904663,-0.3808158040046692,6.181736469268799,-0.836130678653717,8.894484519958496,-1.4295666217803955,11.39942741394043
15797721995,0,125.9610824584961,116.34526062011719,120.87870788574219,96.62179565429688,117.07917022705078,89.39270782470703,113.39024353027344,85.65770721435547,-0.05433792620897293,3.3523736000061035,-0.3418138921260834,6.358239650726318,-0.7420600652694702,9.167227745056152,-1.2642000913619995,11.783596992492676
15822721995,0,125.82341766357422,116.89739227294922,120.54631042480469,96.72012329101562,116.59957122802734,89.3404312133789,112.84815216064453,85.5535888671875,-0.05729340389370918,3.3062281608581543,-0.3563455045223236,6.331357479095459,-0.7769837975502014,9.196070671081543,-1.3211798667907715,11.877191543579102
15847721995,0,126.1462631225586,117.08843231201172,121.66117095947266,96.6748275756836,118.17366027832031,89.1928482055664,114.85511779785156,85.37125396728516,-0.04858851060271263,3.290524959564209,-0.3036026358604431,6.343714237213135,-0.6754521727561951,9.278443336486816,-1.161810278892517,12.044607162475586
15872721996,0,125.97323608398438,116.44709014892578,122.01811218261719,96.1076889038086,118.51013946533203,88.73396301269531,115.01969146728516,84.99897766113281,-0.05389028042554855,3.3437767028808594,-0.2932468354701996,6.50236177444458,-0.6702111959457397,9.543848991394043,-1.180120825767517,12.401006698608398
15897721996,0,125.60437774658203,116.72244262695312,121.45476531982422,96.46405029296875,117.99656677246094,89.07687377929688,114.7128677368164,85.34442901611328,-0.0633057951927185,3.3207268714904785,-0.3161895275115967,6.4018168449401855,-0.6922953128814697,9.344172477722168,-1.1767438650131226,12.069623947143555
15922721996,0,125.65444946289062,116.54084014892578,121.18568420410156,96.45707702636719,117.53921508789062,89.11784362792969,114.11172485351562,85.3941650390625,-0.06223533675074577,3.3358969688415527,-0.3292822539806366,6.403756141662598,-0.7222139239311218,9.320850372314453,-1.2254153490066528,12.023320198059082
15947721997,0,125.55453491210938,116.44905853271484,120.89728546142578,96.34614562988281,117.18212890625,89.03974914550781,113.71953582763672,85.3422622680664,-0.06502038985490799,3.343611240386963,-0.34478217363357544,6.434757232666016,-0.7502901554107666,9.365402221679688,-1.2649211883544922,12.071647644042969
15972721997,0,125.62088775634766,116.40333557128906,122.56646728515625,95.88606262207031,120.00696563720703,88.51356506347656,117.5544662475586,84.79862976074219,-0.0633213222026825,3.347465991973877,-0.2688365876674652,6.566405296325684,-0.5720334649085999,9.67656421661377,-0.96453458070755,12.601391792297363
15997721998,0,126.03453063964844,116.46760559082031,123.20973205566406,95.89163208007812,120.79830169677734,88.54790496826172,118.51109313964844,84.87759399414062,-0.052236396819353104,3.3420498371124268,-0.23695431649684906,6.564781188964844,-0.5143308043479919,9.65565299987793,-0.8708274364471436,12.521668434143066
16022721998,0,126.24786376953125,116.36051940917969,123.39752960205078,95.91097259521484,120.99494171142578,88.6109848022461,118.6965103149414,84.97322845458984,-0.04667903855443001,3.3510830402374268,-0.22748062014579773,6.559147834777832,-0.4983873963356018,9.617467880249023,-0.8475170731544495,12.426413536071777
16047721998,0,126.95648956298828,115.9102783203125,125.48637390136719,95.50298309326172,124.29290771484375,88.17743682861328,123.18733215332031,84.49314880371094,-0.028085440397262573,3.389545202255249,-0.12639455497264862,6.679952144622803,-0.27081602811813354,9.885931015014648,-0.4552654027938843,12.91930103302002
16072721999,0,127.07576751708984,115.80789184570312,125.60027313232422,95.52726745605469,124.45842742919922,88.22874450683594,123.40841674804688,84.51934051513672,-0.024933287873864174,3.398402214050293,-0.1205427274107933,6.67264461517334,-0.2579062283039093,9.853411674499512,-0.4334426820278168,12.891435623168945
16097721999,0,127.25935363769531,115.74929809570312,125.94535827636719,95.50948333740234,124.93589782714844,88.2198715209961,123.99921417236328,84.4906997680664,-0.020007390528917313,3.403489351272583,-0.10328652709722519,6.677994728088379,-0.22325770556926727,9.859020233154297,-0.37853771448135376,12.921911239624023
16122721999,0,127.32276916503906,115.90262603759766,125.97343444824219,95.58123779296875,124.9087142944336,88.24623107910156,123.89035034179688,84.5029067993164,-0.01823042891919613,3.3902058601379395,-0.1015651524066925,6.656457424163818,-0.2248729169368744,9.842375755310059,-0.38845834136009216,12.908905029296875
16147722000,0,127.21647644042969,115.779541015625,125.88529968261719,95.52244567871094,124.8651123046875,88.14837646484375,123.93091583251953,84.39268493652344,-0.02115103043615818,3.400861978530884,-0.10624707490205765,6.674093723297119,-0.22942660748958588,9.904441833496094,-0.3880448341369629,13.027275085449219
16172722000,0,127.18814086914062,116.11815643310547,125.7529525756836,95.62937927246094,124.59776306152344,88.2154769897461,123.5316162109375,84.45719146728516,-0.021747732535004616,3.371689796447754,-0.1123855784535408,6.642080783843994,-0.24796220660209656,9.861801147460938,-0.42391714453697205,12.957746505737305
16197722001,0,127.27291107177734,116.7515869140625,125.74652099609375,95.9678955078125,124.5090103149414,88.50975799560547,123.36804962158203,84.72883605957031,-0.019201260060071945,3.3183035850524902,-0.11111539602279663,6.542619705200195,-0.24989555776119232,9.678888320922852,-0.43005678057670593,12.67267894744873
16222722001,0,127.49177551269531,116.92144775390625,126.0270004272461,96.03498840332031,124.83740997314453,88.50570678710938,123.7159652709961,84.69939422607422,-0.013370648957788944,3.304243803024292,-0.09701384603977203,6.523240089416504,-0.22644327580928802,9.68136215209961,-0.39867645502090454,12.702986717224121
16247722001,0,127.69564819335938,117.79380798339844,126.20172119140625,96.42774200439453,125.10521697998047,88.71469116210938,124.10490417480469,84.81982421875,-0.007854522205889225,3.2336788177490234,-0.0870010182261467,6.411926746368408,-0.20467665791511536,9.555314064025879,-0.35907629132270813,12.579896926879883
16272722002,0,127.90847778320312,117.93870544433594,126.87926483154297,96.45970916748047,126.24662780761719,88.63151550292969,125.68036651611328,84.67662048339844,-0.0023544984869658947,3.222217559814453,-0.05415048450231552,6.403024196624756,-0.12459280341863632,9.605101585388184,-0.21625515818595886,12.726526260375977
16297722002,0,128.11427307128906,119.25234985351562,126.83116912841797,97.2228012084961,126.07981872558594,89.15338134765625,125.42901611328125,85.07427215576172,0.002858058549463749,3.1215176582336426,-0.054765742272138596,6.197205066680908,-0.1322949230670929,9.300711631774902,-0.23239806294441223,12.327286720275879
16322722002,0,128.46640014648438,119.87144470214844,126.99195098876953,97.86616516113281,126.2750473022461,89.72533416748047,125.70111846923828,85.54256439208984,0.01151417475193739,3.0759761333465576,-0.04605748876929283,6.033114433288574,-0.11500941216945648,8.987692832946777,-0.20061634480953217,11.887185096740723
16347722003,0,128.76654052734375,121.75267028808594,126.79138946533203,98.81282806396484,125.9620590209961,90.3849105834961,125.36093139648438,86.02259826660156,0.018208298832178116,2.9445438385009766,-0.05327143147587776,5.805984020233154,-0.13100284337997437,8.650900840759277,-0.22241950035095215,11.466560363769531
16372722003,0,128.39247131347656,119.78565216064453,126.77986907958984,97.84423065185547,126.0192642211914,89.8111801147461,125.45317077636719,85.63014221191406,0.009706463664770126,3.082216501235962,-0.055794764310121536,6.038573741912842,-0.13142696022987366,8.9424467086792,-0.2208259403705597,11.808236122131348
16397722003,0,127.83708953857422,117.33888244628906,126.82933807373047,96.55933380126953,126.28861999511719,88.93091583251953,125.8792724609375,84.98834228515625,-0.004246477037668228,3.270138740539551,-0.05633334442973137,6.375427722930908,-0.1194583848118782,9.42817497253418,-0.19296643137931824,12.41148853302002
16422722004,0,127.80049896240234,116.48944091796875,126.88854217529297,96.02900695800781,126.41602325439453,88.51956176757812,126.04998016357422,84.64913940429688,-0.005299548152834177,3.3402130603790283,-0.05466480553150177,6.52496337890625,-0.113318532705307,9.672906875610352,-0.18219174444675446,12.755044937133789
16447722004,0,127.70896911621094,116.24119567871094,126.87345886230469,95.8952407836914,126.50311279296875,88.37126159667969,126.21453857421875,84.52058410644531,-0.007774327881634235,3.3611998558044434,-0.05571681261062622,6.563729286193848,-0.10805816203355789,9.764152526855469,-0.1685297191143036,12.890114784240723
16472722005,0,127.75238800048828,116.2122802734375,127.13340759277344,95.85379028320312,126.86161041259766,88.32691955566406,126.63743591308594,84.48177337646484,-0.006618802901357412,3.3636600971221924,-0.04293467104434967,6.575830459594727,-0.08240192383527756,9.791757583618164,-0.1290123611688614,12.931439399719238
16497722005,0,127.77053833007812,115.93572235107422,127.2080078125,95.7389144897461,126.95527648925781,88.25247192382812,126.74824523925781,84.4153060913086,-0.0061722430400550365,3.3873507976531982,-0.03942854329943657,6.609587669372559,-0.07596833258867264,9.8384428024292,-0.11915504932403564,13.00281047821045
16522722005,0,127.77326202392578,116.07855224609375,127.19979095458984,95.77484130859375,126.92324829101562,88.25079345703125,126.6737060546875,84.41421508789062,-0.0060792164877057076,3.3750784397125244,-0.03977740556001663,6.598994731903076,-0.07830538600683212,9.839499473571777,-0.12626156210899353,13.003988265991211
16547722006,0,127.72734069824219,116.00635528564453,127.18693542480469,95.72051239013672,126.8750991821289,88.2293701171875,126.58077239990234,84.42599487304688,-0.007322435732930899,3.3812718391418457,-0.04050900787115097,6.615025043487549,-0.08191496133804321,9.85301685333252,-0.13498066365718842,12.99128246307373
16572722006,0,127.8433609008789,115.89134979248047,127.28141021728516,95.69339752197266,126.96791076660156,88.23252868652344,126.66848754882812,84.42413330078125,-0.004217663314193487,3.3911795616149902,-0.03584299981594086,6.623053550720215,-0.07514181733131409,9.851021766662598,-0.1266571581363678,12.993288040161133
16597722006,0,127.87555694580078,115.8084716796875,127.30490112304688,95.68875122070312,127.0208740234375,88.23873901367188,126.76984405517578,84.40927124023438,-0.0033570914529263973,3.3983516693115234,-0.034678082913160324,6.6244306564331055,-0.0712585374712944,9.847101211547852,-0.11715599149465561,13.00932788848877
16622722007,0,127.86115264892578,116.06514739990234,127.21501922607422,95.83001708984375,126.90689849853516,88.34056854248047,126.6417465209961,84.4913101196289,-0.003723856993019581,3.3762266635894775,-0.03893008455634117,6.582789897918701,-0.07905766367912292,9.783244132995605,-0.12850601971149445,12.921260833740234
16647722007,0,127.9614028930664,116.40325164794922,127.2677230834961,95.9443359375,126.96681213378906,88.375,126.71089935302734,84.50315856933594,-0.00102728430647403,3.34747314453125,-0.03614291548728943,6.549450874328613,-0.07456733286380768,9.761832237243652,-0.12184781581163406,12.908637046813965
16672722008,0,128.13214111328125,116.77467346191406,127.32353210449219,96.0486068725586,127.01762390136719,88.40159606933594,126.76285552978516,84.5120849609375,0.0034878370352089405,3.3163864612579346,-0.03324358910322189,6.519319534301758,-0.07078517973423004,9.745354652404785,-0.11685340851545334,12.899142265319824
16697722008,0,128.16329956054688,117.24104309082031,127.3270034790039,96.24710845947266,127.02825164794922,88.49275207519531,126.7801513671875,84.57937622070312,0.004265825264155865,3.278075933456421,-0.032802239060401917,6.462673187255859,-0.0696323961019516,9.68928050994873,-0.11460339277982712,12.828001022338867
16722722008,0,128.04588317871094,116.63976287841797,127.49329376220703,95.89037322998047,127.25138092041016,88.27324676513672,127.03400421142578,84.42799377441406,0.0012147370725870132,3.32761812210083,-0.025065938010811806,6.56514835357666,-0.05436724051833153,9.825371742248535,-0.09185966104269028,12.989127159118652
16747722009,0,127.96094512939453,116.34514617919922,127.50059509277344,95.81075286865234,127.29093170166016,88.2337417602539,127.07588195800781,84.39732360839844,-0.0010408299276605248,3.3523833751678467,-0.024787364527583122,6.588438987731934,-0.0516202412545681,9.850255012512207,-0.08809477835893631,13.022252082824707
16772722009,0,127.9258041381836,115.88410949707031,127.60490417480469,95.59566497802734,127.4576187133789,88.11045837402344,127.30149841308594,84.29637145996094,-0.0019981267396360636,3.3918051719665527,-0.019788863137364388,6.65214204788208,-0.039787571877241135,9.928694725036621,-0.06713376939296722,13.1324462890625
16797722009,0,128.0060272216797,115.87725830078125,127.68868255615234,95.63776397705078,127.53032684326172,88.15740203857422,127.35507202148438,84.34693145751953,0.00016234103532042354,3.392397165298462,-0.015564949251711369,6.639582633972168,-0.03435380756855011,9.898685455322266,-0.06173092499375343,13.077032089233398
16822722010,0,127.9676513671875,115.8737564086914,127.70064544677734,95.57659149169922,127.54109191894531,88.08149719238281,127.34247589111328,84.2811508178711,-0.0008713683346286416,3.392699956893921,-0.015005674213171005,6.657847881317139,-0.0337248370051384,9.947295188903809,-0.06327370554208755,13.149218559265137
16847722010,0,127.96802520751953,116.50534057617188,127.72261047363281,95.75799560546875,127.54771423339844,88.15874481201172,127.3148422241211,84.34020233154297,-0.0008490754407830536,3.338876962661743,-0.013798469677567482,6.603957653045654,-0.03307927027344704,9.897829055786133,-0.0656173899769783,13.084382057189941
16872722011,0,128.1300811767578,116.52322387695312,127.9003677368164,95.8350830078125,127.727294921875,88.2326889038086,127.47692108154297,84.42605590820312,0.0034528563264757395,3.3373751640319824,-0.004940079990774393,6.581305027008057,-0.019854247570037842,9.850920677185059,-0.04974902793765068,12.991216659545898
16897722011,0,128.19369506835938,116.66215515136719,127.9615478515625,95.86084747314453,127.83248138427734,88.21693420410156,127.63484954833984,84.39029693603516,0.00512542063370347,3.325749158859253,-0.00190451939124614,6.573767185211182,-0.012208012863993645,9.860878944396973,-0.03482898324728012,13.029864311218262
16922722011,0,128.3414306640625,116.51126098632812,128.1149444580078,95.79306030273438,128.00625610351562,88.16705322265625,127.81929016113281,84.35260772705078,0.009065322577953339,3.3383796215057373,0.005709371995180845,6.593635082244873,0.0004573236801661551,9.892537117004395,-0.01728915609419346,13.070839881896973
16947722012,0,128.4578399658203,116.45573425292969,128.2931365966797,95.75540161132812,128.1677703857422,88.15744018554688,127.94302368164062,84.35151672363281,0.012171288952231407,3.3430490493774414,0.01458338275551796,6.604722023010254,0.012271380051970482,9.898661613464355,-0.005451609380543232,13.072030067443848
16972722012,0,128.4154510498047,116.37286376953125,128.28477478027344,95.73177337646484,128.1280059814453,88.15946197509766,127.83952331542969,84.37114715576172,0.011065041646361351,3.350039482116699,0.014181493781507015,6.611696243286133,0.009361684322357178,9.897372245788574,-0.015330369584262371,13.050652503967285
16997722012,0,128.32931518554688,116.16522979736328,128.24456787109375,95.63391876220703,128.13096618652344,88.10086059570312,127.89727783203125,84.3203353881836,0.008812149986624718,3.3676693439483643,0.012229658663272858,6.640727996826172,0.009613039903342724,9.93485164642334,-0.009853539988398552,13.106125831604004
17022722013,0,128.44883728027344,116.1092300415039,128.39419555664062,95.6455307006836,128.2539825439453,88.11714172363281,127.96185302734375,84.33668518066406,0.012025691568851471,3.372452735900879,0.019702136516571045,6.637270450592041,0.018623722717165947,9.92441177368164,-0.003654367523267865,13.088226318359375
17047722013,0,128.2086639404297,116.16951751708984,128.1883544921875,95.61714172363281,128.10238647460938,88.06230926513672,127.8919677734375,84.2744140625,0.00558309955522418,3.3673036098480225,0.0094253895804286,6.6457295417785645,0.0075332997366786,9.95965576171875,-0.010401671752333641,13.156654357910156
17072722014,0,128.20578002929688,116.01518249511719,128.17750549316406,95.57926940917969,128.0447998046875,88.05805969238281,127.80142211914062,84.27166748046875,0.005525243002921343,3.3805134296417236,0.008896765299141407,6.657046318054199,0.0032971117179840803,9.962397575378418,-0.019123965874314308,13.159689903259277
17097722014,0,128.2819366455078,116.20220947265625,128.37503051757812,95.66012573242188,128.3139190673828,88.08914947509766,128.1361846923828,84.28661346435547,0.007538036443293095,3.3645176887512207,0.018732691183686256,6.63292932510376,0.023058723658323288,9.942374229431152,0.013099259696900845,13.143194198608398
17122722014,0,128.26397705078125,115.6826171875,128.3003692626953,95.56575775146484,128.1890411376953,88.08108520507812,127.9578857421875,84.27132415771484,0.007141808047890663,3.4092953205108643,0.015063459053635597,6.661092281341553,0.01389285922050476,9.94756031036377,-0.004055910278111696,13.16006851196289
17147722015,0,128.25108337402344,115.58295440673828,128.2624053955078,95.53614807128906,128.04928588867188,88.07404327392578,127.68651580810547,84.27043914794922,0.006808507721871138,3.418006181716919,0.013176134787499905,6.669975757598877,0.003623665776103735,9.952094078063965,-0.030192995443940163,13.161046981811523
17172722015,0,128.21041870117188,115.59783935546875,127.9468994140625,95.56195068359375,127.59893798828125,88.11359405517578,127.14192199707031,84.29502868652344,0.005703874863684177,3.4167025089263916,-0.002663414226844907,6.662233352661133,-0.029415061697363853,9.926684379577637,-0.08247984945774078,13.133925437927246
17197722015,0,128.02947998046875,115.5714340209961,127.61968994140625,95.57592010498047,127.27783203125,88.12928771972656,126.84886169433594,84.29985809326172,0.000799605913925916,3.419015645980835,-0.019064253196120262,6.658048629760742,-0.05291437730193138,9.91663646697998,-0.11060583591461182,13.128610610961914
17222722016,0,127.8564453125,115.7003173828125,127.08316802978516,95.73446655273438,126.55519104003906,88.30142974853516,125.9512710571289,84.46946716308594,-0.003882249118760228,3.407752275466919,-0.0456521175801754,6.61090087890625,-0.10474549978971481,9.807693481445312,-0.19417227804660797,12.944595336914062
17247722016,0,127.4576644897461,115.96083068847656,126.39205169677734,96.0114974975586,125.70061492919922,88.55150604248047,124.9212875366211,84.72882843017578,-0.014579840004444122,3.3851873874664307,-0.07914134860038757,6.530013084411621,-0.16418172419071198,9.653465270996094,-0.28584548830986023,12.672687530517578
17272722017,0,126.322998046875,116.95220947265625,124.88040161132812,97.03286743164062,123.9383544921875,89.4223403930664,122.87323760986328,85.52388000488281,-0.04408929497003555,3.301708698272705,-0.14727827906608582,6.247260093688965,-0.2755155861377716,9.150956153869629,-0.4480149447917938,11.90416145324707
17297722017,0,128.88290405273438,116.86273956298828,129.2674560546875,95.80261993408203,129.0374755859375,88.13472747802734,128.5944061279297,84.3162841796875,0.023258322849869728,3.309091329574585,0.0629301518201828,6.590826511383057,0.07599182426929474,9.913158416748047,0.05703667923808098,13.110568046569824
17322722017,0,128.83387756347656,117.04012298583984,129.19891357421875,95.77743530273438,128.96890258789062,88.10547637939453,128.49496459960938,84.28842163085938,0.02188030630350113,3.2944836616516113,0.059590019285678864,6.598231315612793,0.0710979700088501,9.931889533996582,0.04760237783193588,13.141201972961426
17347722018,0,128.8674774169922,117.10818481445312,129.16546630859375,95.75849151611328,128.93423461914062,88.10003662109375,128.470458984375,84.28851318359375,0.022727593779563904,3.2889089584350586,0.05797376483678818,6.603811264038086,0.06857720017433167,9.935379981994629,0.04524526000022888,13.141101837158203
17372722018,0,128.75567626953125,117.0426254272461,128.9997100830078,95.7271728515625,128.78919982910156,88.0984115600586,128.3712615966797,84.28590393066406,0.019827261567115784,3.294278144836426,0.04979419335722923,6.61305570602417,0.057936809957027435,9.936423301696777,0.035712771117687225,13.143976211547852
17397722018,0,128.83566284179688,116.81819915771484,129.09823608398438,95.64768981933594,128.92405700683594,88.05050659179688,128.5299072265625,84.24673461914062,0.02203572355210781,3.312777280807495,0.05488549917936325,6.636627674102783,0.0680394321680069,9.96727466583252,0.051136408001184464,13.187295913696289
17422722019,0,128.75315856933594,117.24384307861328,129.12957763671875,95.74282836914062,129.03152465820312,88.0788345336914,128.70419311523438,84.27947235107422,0.019673315808176994,3.277848243713379,0.056225623935461044,6.608431816101074,0.07581859081983566,9.94900894165039,0.06777393817901611,13.151070594787598
17447722019,0,128.5583953857422,117.24432373046875,128.83778381347656,95.73754119873047,128.70321655273438,88.05758666992188,128.34140014648438,84.27581787109375,0.014585736207664013,3.2778091430664062,0.041710641235113144,6.609992980957031,0.05175584927201271,9.962702751159668,0.03286729007959366,13.155104637145996
17472722020,0,128.51394653320312,117.2243423461914,128.78504943847656,95.7325210571289,128.6223602294922,88.05293273925781,128.2273712158203,84.26615142822266,0.01343062799423933,3.2794342041015625,0.03909343108534813,6.611475467681885,0.045818205922842026,9.965706825256348,0.021906742826104164,13.165786743164062
17497722020,0,128.7236328125,117.01598358154297,129.00758361816406,95.70001220703125,128.84642028808594,88.04888153076172,128.44705200195312,84.25404357910156,0.01899774931371212,3.296464681625366,0.05024388059973717,6.621093273162842,0.06232925131917,9.968323707580566,0.04311508685350418,13.179191589355469
17522722020,0,128.5972137451172,116.45626068115234,128.8491973876953,95.56792449951172,128.6663818359375,88.00765991210938,128.27772521972656,84.21712493896484,0.01587623544037342,3.3430047035217285,0.042583167552948,6.660443305969238,0.04919783025979996,9.995023727416992,0.026865625753998756,13.22022533416748
17547722021,0,128.7252655029297,116.26976776123047,129.07623291015625,95.56383514404297,128.9556121826172,88.0213623046875,128.60902404785156,84.21983337402344,0.01936156302690506,3.3587725162506104,0.053977273404598236,6.66166877746582,0.07049087435007095,9.986133575439453,0.058900609612464905,13.217206954956055
17572722021,0,128.5966796875,116.4346923828125,128.8102569580078,95.5894546508789,128.6952362060547,88.0364990234375,128.39820861816406,84.25423431396484,0.015869738534092903,3.3448216915130615,0.040593408048152924,6.653998851776123,0.05123579129576683,9.976329803466797,0.03840387612581253,13.17897891998291
17597722021,0,128.52818298339844,116.52363586425781,128.67001342773438,95.6366958618164,128.52210998535156,88.06233215332031,128.21238708496094,84.26689910888672,0.01401988323777914,3.3373403549194336,0.033500198274850845,6.6399006843566895,0.03841528296470642,9.959641456604004,0.020461805164813995,13.164959907531738
17622722022,0,128.38604736328125,116.72224426269531,128.50326538085938,95.66844177246094,128.3562774658203,88.06501007080078,128.05694580078125,84.2731704711914,0.010201584547758102,3.3207433223724365,0.02512916550040245,6.630458354949951,0.026209454983472824,9.957914352416992,0.005483471322804689,13.158028602600098
17647722022,0,128.17874145507812,116.65216827392578,128.2563934326172,95.64036560058594,128.121826171875,88.06737518310547,127.86407470703125,84.28949737548828,0.004730787128210068,3.326582670211792,0.012817501090466976,6.638807773590088,0.008960790000855923,9.956389427185059,-0.013071239925920963,13.140016555786133
17672722022,0,128.20213317871094,116.13685607910156,128.27908325195312,95.52288818359375,128.11351013183594,88.02729034423828,127.84339141845703,84.23991394042969,0.005412362050265074,3.370091676712036,0.014021477662026882,6.673961162567139,0.008369994349777699,9.982291221618652,-0.01512125600129366,13.194867134094238
17697722023,0,128.1612091064453,116.03328704833984,128.2492218017578,95.51033020019531,128.07778930664062,88.03319549560547,127.80865478515625,84.2530746459961,0.004326723050326109,3.3789591789245605,0.01252788957208395,6.677739143371582,0.005733904428780079,9.97846794128418,-0.01845538802444935,13.180264472961426
17722722023,0,128.17648315429688,116.13964080810547,128.25729370117188,95.52589416503906,128.0983123779297,88.02088165283203,127.84624481201172,84.2417984008789,0.004725253209471703,3.3698534965515137,0.01292509213089943,6.6730570793151855,0.007252244278788567,9.986444473266602,-0.014843461103737354,13.192773818969727
17747722024,0,128.09927368164062,116.63668823242188,128.17469787597656,95.62134552001953,128.00439453125,88.02635192871094,127.74530792236328,84.26362609863281,0.0026284081395715475,3.3278746604919434,0.008740446530282497,6.64447546005249,0.0003240622754674405,9.982898712158203,-0.02454410307109356,13.168580055236816
17772722024,0,128.0742950439453,117.06842041015625,128.12359619140625,95.73457336425781,127.91222381591797,88.05540466308594,127.60446166992188,84.29773712158203,0.0019482206553220749,3.292163848876953,0.006154238246381283,6.610869407653809,-0.0064610945992171764,9.964111328125,-0.03801141306757927,13.13094425201416
17797722024,0,128.0687713623047,117.14695739746094,128.14031982421875,95.75035095214844,127.93350219726562,88.05561828613281,127.61418914794922,84.27774047851562,0.0018002373399212956,3.285740852355957,0.006982318591326475,6.606212139129639,-0.00489475391805172,9.963973045349121,-0.0371369831264019,13.152982711791992
17822722025,0,128.05044555664062,117.08698272705078,128.15408325195312,95.74579620361328,127.95511627197266,88.06697082519531,127.65091705322266,84.25907897949219,0.0013222767738625407,3.2906436920166016,0.007668657228350639,6.607555389404297,-0.0033014563377946615,9.956650733947754,-0.03365281969308853,13.173613548278809
17847722025,0,128.26625061035156,118.5424575805664,128.2325897216797,96.44342803955078,128.0286102294922,88.47993469238281,127.73090362548828,84.5025863647461,0.006760704331099987,3.175230026245117,0.01124550774693489,6.40755558013916,0.002051712479442358,9.697127342224121,-0.025436576455831528,12.909246444702148
17872722025,0,128.3844757080078,117.39253997802734,128.29315185546875,95.97090148925781,128.11729431152344,88.2381591796875,127.84549713134766,84.33587646484375,0.010010023601353168,3.2658004760742188,0.014453031122684479,6.541749477386475,0.008536715991795063,9.847467422485352,-0.014801890589296818,13.089110374450684
17897722026,0,128.92462158203125,120.52352142333984,128.39752197265625,97.11265563964844,128.1204376220703,88.84735107421875,127.76077270507812,84.69819641113281,0.022519687190651894,3.029264450073242,0.018707646057009697,6.22614049911499,0.008448529988527298,9.476922988891602,-0.02226482704281807,12.704222679138184
17922722026,0,129.21078491210938,122.7037353515625,128.3730010986328,97.87999725341797,128.06158447265625,89.25428009033203,127.70160675048828,84.9236068725586,0.02822134457528591,2.8818092346191406,0.017033211886882782,6.0296759605407715,0.004218179266899824,9.24398422241211,-0.027287008240818977,12.475663185119629
17947722027,0,129.35250854492188,124.2641372680664,128.34304809570312,98.62322998046875,128.00714111328125,89.68412780761719,127.622314453125,85.22229766845703,0.030583476647734642,2.783827304840088,0.015228071250021458,5.850180149078369,0.0004772357060573995,9.009568214416504,-0.03375779464840889,12.184802055358887
17972722027,0,129.74110412597656,127.22530364990234,128.2952423095703,99.99095916748047,127.86580657958984,90.44338989257812,127.41930389404297,85.69483947753906,0.03725951910018921,2.6131112575531006,0.012465550564229488,5.544776439666748,-0.008598865009844303,8.62220287322998,-0.05011209845542908,11.750561714172363
17997722027,0,129.55616760253906,128.645751953125,127.94847869873047,100.64669799804688,127.42584991455078,90.76618194580078,126.9619140625,85.87722778320312,0.032466813921928406,2.5375547409057617,-0.002125508850440383,5.408697128295898,-0.036157649010419846,8.46701431274414,-0.08840589970350266,11.59086799621582
18022722028,0,129.3780975341797,126.96355438232422,127.88565826416016,100.09848022460938,127.28873443603516,90.58512878417969,126.76876068115234,85.88185119628906,0.02963164635002613,2.627460479736328,-0.004809197504073381,5.52202844619751,-0.0452289879322052,8.55339527130127,-0.1048203855752945,11.586874008178711
18047722028,0,129.27320861816406,126.23711395263672,127.87391662597656,99.78380584716797,127.30644989013672,90.43412017822266,126.83363342285156,85.79222869873047,0.027743013575673103,2.6680095195770264,-0.005363110918551683,5.589100360870361,-0.04446374624967575,8.626739501953125,-0.09994273632764816,11.664764404296875
18072722028,0,128.54576110839844,129.38294982910156,127.72802734375,101.31266784667969,127.08821868896484,91.32939910888672,126.42874145507812,86.3941650390625,0.011240105144679546,2.4998159408569336,-0.010965300723910332,5.276726245880127,-0.05574718862771988,8.208648681640625,-0.12900657951831818,11.160240173339844
18097722029,0,128.6171875,132.08746337890625,127.56614685058594,103.038818359375,126.88739776611328,92.3624038696289,126.16642761230469,87.12759399414062,0.012139027938246727,2.3692963123321533,-0.016519170254468918,4.961028575897217,-0.06457456946372986,7.771922588348389,-0.14324480295181274,10.599766731262207
18122722029,0,128.3065643310547,130.99752807617188,127.60589599609375,102.07180786132812,127.00366973876953,91.7293701171875,126.33384704589844,86.65399169921875,0.006140990182757378,2.420456886291504,-0.015488235279917717,5.133421421051025,-0.059681639075279236,8.034126281738281,-0.13437224924564362,10.955267906188965
18147722030,0,128.1410369873047,124.14768981933594,127.82168579101562,98.78653717041016,127.36434936523438,89.85992431640625,126.85778045654297,85.44142150878906,0.0031963076908141375,2.7909369468688965,-0.007867196574807167,5.812075138092041,-0.04206195846199989,8.916948318481445,-0.10042804479598999,11.979642868041992
18172722030,0,128.24795532226562,120.34788513183594,128.16932678222656,97.12635040283203,127.86181640625,88.83695983886719,127.467041015625,84.7560043334961,0.00606103241443634,3.041722297668457,0.00796428695321083,6.222529411315918,-0.009699368849396706,9.483019828796387,-0.049377575516700745,12.644837379455566
18197722030,0,128.06451416015625,119.4810562133789,127.95028686523438,96.77661895751953,127.65133666992188,88.62044525146484,127.27842712402344,84.62506103515625,0.0016057773027569056,3.104555368423462,-0.002371263224631548,6.316009044647217,-0.024792151525616646,9.611764907836914,-0.06754564493894577,12.780134201049805
18222722031,0,128.17457580566406,119.62338256835938,127.9903793334961,96.76683807373047,127.66968536376953,88.59542846679688,127.2682876586914,84.60932922363281,0.004332259297370911,3.0940816402435303,-0.0004590766620822251,6.318660736083984,-0.02352285385131836,9.62685775756836,-0.06858024001121521,12.796577453613281
18247722031,0,128.10028076171875,119.73262023925781,127.74295043945312,96.90873718261719,127.28241729736328,88.72251892089844,126.73872375488281,84.73175811767578,0.0024828645400702953,3.086085557937622,-0.012195955030620098,6.280386447906494,-0.0507131889462471,9.550654411315918,-0.11707723140716553,12.669678688049316
18272722031,0,128.0083770751953,119.32829284667969,127.50789642333984,96.7116928100586,127.04280853271484,88.6061019897461,126.52617645263672,84.63607025146484,0.00020918098744004965,3.1158671379089355,-0.023534482344985008,6.333653926849365,-0.06812111288309097,9.620412826538086,-0.1378427892923355,12.76865005493164
18297722032,0,127.90193939208984,119.46436309814453,127.42341613769531,96.73994445800781,126.98222351074219,88.60054016113281,126.4834213256836,84.61323547363281,-0.0024416171945631504,3.105787992477417,-0.027543198317289352,6.325964450836182,-0.07245707511901855,9.623769760131836,-0.1420983523130417,12.79249095916748
18322722032,0,127.92681884765625,119.58789825439453,127.40575408935547,96.81909942626953,127.03241729736328,88.64165496826172,126.62936401367188,84.62127685546875,-0.0018174119759351015,3.096687078475952,-0.028296377509832382,6.304513931274414,-0.06871353089809418,9.599005699157715,-0.12834219634532928,12.784085273742676
18347722033,0,127.98529052734375,118.75415802001953,127.53893280029297,96.41427612304688,127.27323150634766,88.42266845703125,126.99473571777344,84.43529510498047,-0.00037181549123488367,3.159041404724121,-0.022318808361887932,6.415683746337891,-0.052300162613391876,9.73233699798584,-0.0955377072095871,12.981266975402832
18372722033,0,128.08493041992188,119.31098937988281,127.53783416748047,96.60903930664062,127.2403793334961,88.50084686279297,126.92732238769531,84.49899291992188,0.0021215430460870266,3.1171529293060303,-0.022194931283593178,6.3617424964904785,-0.054405294358730316,9.684330940246582,-0.10142495483160019,12.913071632385254
18397722033,0,128.16175842285156,119.80921936035156,127.51173400878906,96.73615264892578,127.14547729492188,88.53192901611328,126.73960876464844,84.52098846435547,0.003998580854386091,3.0804998874664307,-0.023327864706516266,6.326995849609375,-0.061087265610694885,9.66537094116211,-0.11896450072526932,12.88968563079834
18422722034,0,128.07749938964844,119.21568298339844,127.64259338378906,96.4597396850586,127.36420440673828,88.3763427734375,127.04324340820312,84.41119384765625,0.0019398254808038473,3.1242525577545166,-0.017268769443035126,6.403016090393066,-0.0458829402923584,9.760998725891113,-0.09110423177480698,13.007251739501953
18447722034,0,128.14195251464844,119.0991439819336,127.7721176147461,96.4385986328125,127.50739288330078,88.37033081054688,127.17764282226562,84.43206787109375,0.0035618916153907776,3.132972478866577,-0.011020089499652386,6.408900737762451,-0.035562630742788315,9.764730453491211,-0.07817497104406357,12.984739303588867
18472722034,0,128.26251220703125,118.89258575439453,127.95230102539062,96.35753631591797,127.6286849975586,88.3355712890625,127.2107925415039,84.41349792480469,0.006616007536649704,3.1485352516174316,-0.002314335433766246,6.431560516357422,-0.02686326391994953,9.786358833312988,-0.07513592392206192,13.00476360321045
18497722035,0,128.1933135986328,118.52201843261719,127.82376861572266,96.21778869628906,127.4063720703125,88.296875,126.90379333496094,84.40422058105469,0.004910825751721859,3.1768009662628174,-0.008600019849836826,6.470982551574707,-0.043048761785030365,9.810546875,-0.10444162040948868,13.014788627624512
18522722035,0,128.13661193847656,117.89984893798828,127.90351104736328,96.02685546875,127.55671691894531,88.21965026855469,127.14108276367188,84.35185241699219,0.00351745099760592,3.2252840995788574,-0.004746038932353258,6.525583267211914,-0.032299090176820755,9.859160423278809,-0.0821807011961937,13.071662902832031
18547722036,0,128.1794891357422,117.31365966796875,128.09217834472656,95.83393096923828,127.80962371826172,88.11717224121094,127.43299865722656,84.30322265625,0.004681226797401905,3.272181510925293,0.004570712335407734,6.581643104553223,-0.013959652744233608,9.924391746520996,-0.05446478724479675,13.124911308288574
18572722036,0,128.31109619140625,116.87247467041016,128.2519989013672,95.69330596923828,127.94837951660156,88.04804992675781,127.50694274902344,84.27395629882812,0.008193421177566051,3.308286190032959,0.012569663114845753,6.623080730438232,-0.00380146037787199,9.96886157989502,-0.047474831342697144,13.157160758972168
18597722036,0,128.32054138183594,116.96304321289062,128.1740264892578,95.75454711914062,127.83000183105469,88.07449340820312,127.35315704345703,84.28199768066406,0.00842517800629139,3.3008170127868652,0.008658032864332199,6.604974269866943,-0.012498491443693638,9.951804161071777,-0.0622415617108345,13.148284912109375
18622722037,0,128.3173065185547,116.61463165283203,128.13156127929688,95.64634704589844,127.7736587524414,88.02327728271484,127.279296875,84.24685668945312,0.008405283093452454,3.3297181129455566,0.0065752859227359295,6.637027263641357,-0.016694100573658943,9.984891891479492,-0.06954764574766159,13.187159538269043
18647722037,0,128.20130920410156,116.60939025878906,127.9864730834961,95.67140197753906,127.62519073486328,88.03298950195312,127.1337661743164,84.24964141845703,0.005333201959729195,3.3301563262939453,-0.000675344665069133,6.629579067230225,-0.02762780897319317,9.97860050201416,-0.08357230573892593,13.184070587158203
18672722037,0,128.20474243164062,116.48980712890625,128.03785705566406,95.60855102539062,127.68106079101562,88.00496673583984,127.19058227539062,84.23306274414062,0.0054387361742556095,3.340182304382324,0.0018950826488435268,6.648293495178223,-0.023550698533654213,9.996772766113281,-0.07819664478302002,13.20248031616211
18697722038,0,128.12269592285156,116.30799102783203,127.9186782836914,95.5507583618164,127.55436706542969,87.98897552490234,127.08257293701172,84.21609497070312,0.0032726440113037825,3.355530261993408,-0.004080865532159805,6.665589332580566,-0.03293875977396965,10.007170677185059,-0.08875437825918198,13.221373558044434
18722722038,0,128.2303924560547,116.48300170898438,128.13632202148438,95.59904479980469,127.87638854980469,87.98798370361328,127.53389739990234,84.21086120605469,0.0061210342682898045,3.340754508972168,0.00682687945663929,6.651132583618164,-0.009137253277003765,10.007816314697266,-0.04511135444045067,13.227212905883789
18747722038,0,128.16537475585938,116.28860473632812,128.06056213378906,95.52009582519531,127.83197784423828,87.95323181152344,127.54485321044922,84.16607666015625,0.0044129379093647,3.3571736812591553,0.003043075557798147,6.674800872802734,-0.012447111308574677,10.030488967895508,-0.04421316087245941,13.277375221252441
18772722039,0,128.06134033203125,116.19416046142578,127.92813110351562,95.50456237792969,127.72325134277344,87.942626953125,127.465087890625,84.14634704589844,0.0016403323970735073,3.3652031421661377,-0.003613594686612487,6.679476261138916,-0.02051522210240364,10.037425994873047,-0.05204600468277931,13.299592018127441
18797722039,0,128.13571166992188,115.80048370361328,127.86783599853516,95.45377349853516,127.6648178100586,87.93276977539062,127.41890716552734,84.12330627441406,0.0036617519799619913,3.3990445137023926,-0.0066596451215445995,6.6948065757751465,-0.024862244725227356,10.04388427734375,-0.05664676055312157,13.325628280639648
18822722040,0,128.0940399169922,116.30279541015625,127.70235443115234,95.71831512451172,127.4154281616211,88.11701965332031,127.07272338867188,84.265625,0.0025086021050810814,3.355970621109009,-0.014830856584012508,6.61567497253418,-0.042865097522735596,9.924489974975586,-0.08934500068426132,13.166369438171387
18847722040,0,128.00389099121094,116.62591552734375,127.61550903320312,95.89604187011719,127.31412506103516,88.25787353515625,126.9471435546875,84.37090301513672,0.00010304425086360425,3.328774929046631,-0.019015632569789886,6.563495635986328,-0.04985765740275383,9.835041046142578,-0.1005815714597702,13.050917625427246
18872722040,0,128.047119140625,117.03763580322266,127.57471466064453,96.00926208496094,127.14482116699219,88.3236083984375,126.65055847167969,84.43231964111328,0.001236438169144094,3.294687509536743,-0.020934000611305237,6.53065824508667,-0.061914365738630295,9.793824195861816,-0.12827810645103455,12.984469413757324
18897722041,0,128.08612060546875,116.890380859375,127.49359893798828,96.02340698242188,126.97441864013672,88.36412811279297,126.41228485107422,84.48016357421875,0.002267276169732213,3.306807279586792,-0.024912117049098015,6.526577472686768,-0.07406754046678543,9.768583297729492,-0.15034984052181244,12.933158874511719
18922722041,0,127.76953125,117.16041564941406,126.54167938232422,96.57917785644531,125.6324234008789,88.94786071777344,124.678466796875,85.07312774658203,-0.0060312142595648766,3.284642457962036,-0.07011909037828445,6.369957447052002,-0.16509723663330078,9.41834831237793,-0.3002684712409973,12.328399658203125
18947722041,0,127.80762481689453,117.41531372070312,126.89700317382812,96.47245788574219,126.16732025146484,88.75516510009766,125.39054107666016,84.85391998291016,-0.005006075371056795,3.2639620304107666,-0.053265661001205444,6.399479866027832,-0.12926726043224335,9.531266212463379,-0.2399194836616516,12.545467376708984
18972722042,0,127.744873046875,117.22441864013672,126.76676940917969,96.42446899414062,126.16105651855469,88.71748352050781,125.5220947265625,84.82340240478516,-0.006667054258286953,3.279428005218506,-0.05967189371585846,6.412839889526367,-0.13000142574310303,9.553650856018066,-0.22836634516716003,12.576275825500488
18997722042,0,127.21196746826172,117.25979614257812,126.07660675048828,96.7135238647461,125.44303894042969,89.01106262207031,124.80877685546875,85.08519744873047,-0.02057700604200363,3.2765519618988037,-0.09197801351547241,6.333155155181885,-0.17764103412628174,9.381869316101074,-0.2882222533226013,12.316658973693848
19022722043,0,127.18334197998047,117.12471771240234,125.95796966552734,96.59840393066406,125.20582580566406,88.98628997802734,124.4786376953125,85.10194396972656,-0.021388307213783264,3.287557601928711,-0.09810832887887955,6.364665985107422,-0.19440418481826782,9.396136283874512,-0.3176330029964447,12.300405502319336
19047722043,0,125.91846466064453,117.47213745117188,123.45704650878906,97.44696044921875,122.030029296875,89.9097900390625,120.655029296875,86.04672241210938,-0.05409897863864899,3.2593836784362793,-0.2109857052564621,6.1390910148620605,-0.39394208788871765,8.891008377075195,-0.6179676055908203,11.446179389953613
19072722043,0,125.5563735961914,117.55551147460938,122.95507049560547,97.86113739013672,121.40309143066406,90.31212615966797,119.8677978515625,86.41277313232422,-0.0633934736251831,3.2526862621307373,-0.2305462807416916,6.034364700317383,-0.42574775218963623,8.686875343322754,-0.6668240427970886,11.14531421661377
19097722044,0,125.23306274414062,118.20006561279297,121.6988525390625,98.46975708007812,119.7485580444336,90.79214477539062,117.94197082519531,86.8105239868164,-0.0707794800400734,3.201726198196411,-0.28133276104927063,5.88641881942749,-0.5189244747161865,8.454763412475586,-0.8025887608528137,10.835253715515137
19122722044,0,125.24254608154297,118.1235122680664,121.47810363769531,98.48318481445312,119.5518798828125,90.81107330322266,117.79606628417969,86.84467315673828,-0.07065396010875702,3.2077040672302246,-0.2910411059856415,5.883232116699219,-0.5307587385177612,8.445854187011719,-0.8123583197593689,10.809408187866211
19147722044,0,123.98516845703125,117.3486099243164,118.37962341308594,98.96064758300781,115.45506286621094,91.537841796875,112.89225769042969,87.62454986572266,-0.10462946444749832,3.2693514823913574,-0.4217085540294647,5.771958351135254,-0.7588265538215637,8.116805076599121,-1.1427276134490967,10.249906539916992
19172722045,0,124.3276138305664,117.77076721191406,119.11319732666016,99.1930160522461,116.38330078125,91.59332275390625,113.99105834960938,87.59126281738281,-0.09482236206531525,3.2355079650878906,-0.38622358441352844,5.719217777252197,-0.7006890177726746,8.092689514160156,-1.0618780851364136,10.27264404296875
19197722045,0,123.83073425292969,118.59004974365234,118.25753021240234,99.88611602783203,115.35857391357422,92.07600402832031,112.8674545288086,87.89820861816406,-0.10575893521308899,3.1715779304504395,-0.41288745403289795,5.567126750946045,-0.744165301322937,7.8885016441345215,-1.124901294708252,10.066588401794434
19222722046,0,124.07384490966797,119.33138275146484,119.45696258544922,100.02474975585938,117.07781219482422,91.99368286132812,114.96867370605469,87.70225524902344,-0.09803224354982376,3.11563777923584,-0.36026430130004883,5.537608623504639,-0.6456058621406555,7.922627925872803,-0.9807926416397095,10.197203636169434
19247722046,0,123.61551666259766,118.73796844482422,119.37528228759766,99.6504135131836,117.01561737060547,91.81694793701172,114.7964859008789,87.60582733154297,-0.11086621880531311,3.1602742671966553,-0.3686327636241913,5.617993354797363,-0.6550726890563965,7.996852397918701,-0.9998927116394043,10.262683868408203
19272722046,0,122.63117980957031,118.08529663085938,118.2508773803711,99.34952545166016,115.54426574707031,91.77477264404297,112.89546203613281,87.69291687011719,-0.13767880201339722,3.210695743560791,-0.42127567529678345,5.684200286865234,-0.7444036602973938,8.014761924743652,-1.1375077962875366,10.203509330749512
19297722047,0,123.45716857910156,119.444580078125,120.09795379638672,100.18060302734375,118.03276824951172,92.30831909179688,115.89652252197266,88.05221557617188,-0.11315940320491791,3.1072497367858887,-0.3313904106616974,5.504770755767822,-0.5800310373306274,7.793686389923096,-0.8910987377166748,9.966170310974121
19322722047,0,123.3359603881836,121.23194122314453,119.02159118652344,101.37014770507812,116.69983673095703,93.1385498046875,114.45931243896484,88.6258316040039,-0.11196078360080719,2.97991943359375,-0.3612799644470215,5.265616416931152,-0.6317716836929321,7.471873760223389,-0.9625161290168762,9.608522415161133
19347722047,0,127.17047119140625,120.00524139404297,125.17304992675781,99.76510620117188,123.958251953125,91.60668182373047,122.58911895751953,87.26528930664062,-0.020421773195266724,3.0662877559661865,-0.12032876908779144,5.593133926391602,-0.2436215877532959,8.086902618408203,-0.41890308260917664,10.5005464553833
19372722048,0,125.07113647460938,122.35806274414062,120.01165771484375,102.0666275024414,117.52951049804688,93.56903076171875,115.33625793457031,88.8538589477539,-0.06873545050621033,2.90433669090271,-0.3139948844909668,5.134375095367432,-0.5737028121948242,7.314764499664307,-0.8880008459091187,9.47311019897461
19397722048,0,124.7161636352539,122.94873809814453,119.84445190429688,102.07587432861328,117.46575164794922,93.43819427490234,115.4642333984375,88.69502258300781,-0.07617258280515671,2.866027593612671,-0.32046863436698914,5.132673263549805,-0.5807189345359802,7.361847400665283,-0.8873900175094604,9.567042350769043
19422722049,0,127.67853546142578,123.15811157226562,123.48521423339844,101.740478515625,121.45936584472656,92.93856048583984,119.59593200683594,88.23029327392578,-0.007426243741065264,2.852660894393921,-0.17940717935562134,5.195067405700684,-0.369167685508728,7.547060012817383,-0.6119470596313477,9.852433204650879
19447722049,0,127.85699462890625,128.31997680664062,123.361328125,104.38159942626953,121.71394348144531,94.47123718261719,120.16600036621094,89.07850646972656,-0.0030008237808942795,2.554546356201172,-0.16929574310779572,4.738720893859863,-0.330599308013916,7.005021572113037,-0.5421061515808105,9.343240737915039
19472722049,0,128.7397003173828,130.06863403320312,123.58424377441406,105.20643615722656,121.85928344726562,94.88374328613281,120.26850128173828,89.22341918945312,0.015054447576403618,2.465574264526367,-0.15715689957141876,4.611076354980469,-0.3171338737010956,6.871537208557129,-0.5305116772651672,9.261263847351074
19497722050,0,127.60293579101562,129.90188598632812,122.40726470947266,105.3682861328125,120.54249572753906,95.07699584960938,118.91004180908203,89.35447692871094,-0.008104358799755573,2.4738268852233887,-0.1980801671743393,4.586770534515381,-0.38191336393356323,6.810643196105957,-0.6190147399902344,9.18830394744873
19522722050,0,125.95140075683594,130.84800720214844,120.27969360351562,105.7991943359375,118.38805389404297,95.3331069946289,116.87315368652344,89.47647094726562,-0.041141096502542496,2.4276230335235596,-0.26994720101356506,4.523193836212158,-0.4868434965610504,6.731497287750244,-0.752435028553009,9.121373176574707
19547722050,0,131.0777130126953,130.05270385742188,128.00050354003906,105.98274230957031,126.13806915283203,95.59943389892578,124.2780532836914,89.76070404052734,0.06265508383512497,2.4663608074188232,1.7511618352727965e-05,4.496603012084961,-0.09324222803115845,6.651016712188721,-0.24766269326210022,8.968997955322266
19572722051,0,131.15023803710938,130.03085327148438,127.28275299072266,105.90592956542969,125.42967987060547,95.5187759399414,123.70974731445312,89.69537353515625,0.06415567547082901,2.467440128326416,-0.02500021457672119,4.50769567489624,-0.12915854156017303,6.675197601318359,-0.2865324318408966,9.00358772277832
19597722051,0,131.94625854492188,130.7466583251953,126.6191177368164,106.38487243652344,124.4896240234375,95.79499053955078,122.83583068847656,89.87969207763672,0.07938766479492188,2.4325013160705566,-0.04746132716536522,4.439337253570557,-0.17434871196746826,6.5930681228637695,-0.3413430452346802,8.906647682189941
19622722052,0,134.3787078857422,131.03842163085938,128.72169494628906,106.49404907226562,126.44074249267578,95.88140869140625,124.67646789550781,89.97969055175781,0.12768755853176117,2.4185032844543457,0.02472635544836521,4.424020290374756,-0.07716289907693863,6.567762851715088,-0.21845819056034088,8.854887008666992
19647722052,0,133.68875122070312,131.21543884277344,128.0569610595703,106.73983764648438,125.63835906982422,95.91702270507812,123.72984313964844,89.85176086425781,0.11353575438261032,2.4100778102874756,0.0019377641147002578,4.389889717102051,-0.11669638752937317,6.557387351989746,-0.28269192576408386,8.921209335327148
19672722052,0,133.2254638671875,131.37075805664062,128.6632843017578,107.00265502929688,126.3446273803711,96.14458465576172,124.48773956298828,90.04255676269531,0.10401664674282074,2.402726173400879,0.02239491231739521,4.353924751281738,-0.08102641999721527,6.491814136505127,-0.23005904257297516,8.822640419006348
19697722053,0,133.52676391601562,130.9897003173828,129.5060577392578,106.68396759033203,127.06877136230469,95.89280700683594,124.95864868164062,89.83598327636719,0.11072491854429245,2.4208312034606934,0.051317259669303894,4.3976054191589355,-0.0460616797208786,6.564438343048096,-0.20152094960212708,8.929454803466797
19722722053,0,132.71902465820312,129.98377990722656,129.10372924804688,106.35356140136719,126.777099609375,95.84937286376953,124.7236557006836,89.94984436035156,0.09618256241083145,2.4697678089141846,0.03797006607055664,4.443747520446777,-0.06059890240430832,6.577122211456299,-0.21571457386016846,8.870275497436523
19747722053,0,131.55528259277344,129.61492919921875,128.18133544921875,106.12081146240234,125.93203735351562,95.7419204711914,123.88645935058594,89.89340209960938,0.07292723655700684,2.488140106201172,0.006280785426497459,4.476788520812988,-0.10293842107057571,6.608699798583984,-0.27168992161750793,8.899517059326172
19772722054,0,130.8454132080078,129.90731811523438,127.66329956054688,106.52950286865234,125.41307067871094,96.02081298828125,123.37995910644531,90.05582427978516,0.058071430772542953,2.473557233810425,-0.011524020694196224,4.4190673828125,-0.12727628648281097,6.527325630187988,-0.302398145198822,8.815862655639648
19797722054,0,130.27235412597656,129.5842742919922,127.49632263183594,106.02052307128906,125.9756851196289,95.61181640625,124.63137817382812,89.74134063720703,0.04663616046309471,2.489677667617798,-0.01749693788588047,4.491164684295654,-0.10132095962762833,6.647318363189697,-0.2243967056274414,8.97922420501709
19822722055,0,130.25439453125,129.87266540527344,128.195068359375,105.89791870117188,127.06279754638672,95.55924987792969,125.93757629394531,89.7714614868164,0.04603700339794159,2.4752776622772217,0.006800869479775429,4.50885534286499,-0.047013502568006516,6.663043022155762,-0.1371530145406723,8.963326454162598
19847722055,0,127.8707504272461,130.24295043945312,125.07758331298828,106.16416931152344,124.07938385009766,95.77120208740234,123.18074035644531,89.90298461914062,-0.002622626256197691,2.456998109817505,-0.10109319537878036,4.47059965133667,-0.19491885602474213,6.600066661834717,-0.3181306719779968,8.894539833068848
19872722055,0,128.7538604736328,131.37893676757812,126.39437103271484,106.76805114746094,125.45025634765625,96.19325256347656,124.4214859008789,90.20198822021484,0.015004074200987816,2.4023404121398926,-0.05457773059606552,4.386002540588379,-0.12455262988805771,6.477950572967529,-0.23234564065933228,8.74185848236084
19897722056,0,128.1546630859375,131.95956420898438,125.4354476928711,107.34918212890625,124.52374267578125,96.61328125,123.56452178955078,90.53079223632812,0.003048448357731104,2.3752033710479736,-0.085739865899086,4.307322025299072,-0.16691409051418304,6.36057710647583,-0.2828766703605652,8.579648971557617
19922722056,0,128.2189483642578,132.2216033935547,125.39386749267578,107.26467895507812,124.4568862915039,96.37084197998047,123.51507568359375,90.25912475585938,0.004296749364584684,2.3631277084350586,-0.08733879029750824,4.318602085113525,-0.1718166321516037,6.427831172943115,-0.29028579592704773,8.713252067565918
19947722056,0,128.1031494140625,131.3422088623047,125.70447540283203,106.33465576171875,124.88004302978516,95.72348022460938,124.08589172363281,89.87403869628906,0.0020542519632726908,2.4040746688842773,-0.07901324331760406,4.446414947509766,-0.15542498230934143,6.614147186279297,-0.25879791378974915,8.909591674804688
19972722057,0,128.06398010253906,130.6068572998047,125.24340057373047,105.51807403564453,124.55765533447266,95.16583251953125,123.96697998046875,89.52139282226562,0.0012901707086712122,2.439258098602295,-0.09719530493021011,4.564485549926758,-0.1756131649017334,6.782991886138916,-0.27202722430229187,9.096961975097656
19997722057,0,130.20950317382812,129.96942138671875,128.15008544921875,105.41732025146484,126.96807098388672,95.15824890136719,125.80931091308594,89.52764892578125,0.04504496976733208,2.4704787731170654,0.005307837389409542,4.579453468322754,-0.05266168713569641,6.78534460067749,-0.14770925045013428,9.093571662902832
20022722057,0,132.25852966308594,130.9750518798828,129.62750244140625,106.20796203613281,127.85246276855469,95.67717742919922,126.25306701660156,89.83560180664062,0.08533790707588196,2.4215316772460938,0.056227024644613266,4.464364528656006,-0.007364145014435053,6.627864360809326,-0.11575482785701752,8.929654121398926
20047722058,0,132.58404541015625,129.38833618164062,130.04766845703125,105.56861114501953,128.05397033691406,95.4500503540039,126.2552719116211,89.76943969726562,0.09440085291862488,2.4995436668395996,0.07209032028913498,4.557011604309082,0.0027199566829949617,6.695932865142822,-0.11603918671607971,8.96439266204834
20072722058,0,132.8974151611328,128.74388122558594,129.8983612060547,104.98837280273438,127.91819763183594,95.06936645507812,126.23997497558594,89.50992584228516,0.10199961811304092,2.5324747562408447,0.06800934672355652,4.644201278686523,-0.0041906447149813175,6.813027858734131,-0.11879145354032516,9.103181838989258
20097722059,0,132.39376831054688,129.41473388671875,129.48257446289062,104.86923217773438,127.7589111328125,94.86589813232422,126.33152770996094,89.33277893066406,0.09044080972671509,2.4982106685638428,0.05330618843436241,4.662485122680664,-0.012460616417229176,6.877212047576904,-0.11376310884952545,9.20030689239502
20122722059,0,131.49856567382812,130.8471221923828,128.63388061523438,105.64617919921875,126.81349182128906,95.2954330444336,125.39302825927734,89.59124755859375,0.07026117295026779,2.4276654720306396,0.022264981642365456,4.545583724975586,-0.06019364297389984,6.743031024932861,-0.17514201998710632,9.059249877929688
20147722059,0,131.74102783203125,130.6258087158203,128.8709716796875,105.16213989257812,127.10678100585938,94.93775177001953,125.74919128417969,89.33432006835938,0.07541412860155106,2.438339948654175,0.031039312481880188,4.617769718170166,-0.04602117836475372,6.8544158935546875,-0.1534554809331894,9.199453353881836
20172722060,0,132.1370086669922,130.47293090820312,129.05604553222656,105.17855072021484,127.08126831054688,94.99087524414062,125.57903289794922,89.40410614013672,0.08361461758613586,2.44576096534729,0.03761628270149231,4.615288257598877,-0.04722629114985466,6.837653636932373,-0.16439469158649445,9.160962104797363
20197722060,0,131.6715545654297,131.70584106445312,129.04568481445312,105.7783432006836,127.28179931640625,95.29769134521484,125.88953399658203,89.53768920898438,0.07267479598522186,2.3869967460632324,0.03658584877848625,4.526233196258545,-0.03643205016851425,6.74233865737915,-0.1422186642885208,9.088136672973633
20222722060,0,132.44517517089844,132.12379455566406,129.84735107421875,106.02307891845703,128.01638793945312,95.42808532714844,126.56166076660156,89.61163330078125,0.0873761922121048,2.3676228523254395,0.06416917592287064,4.490797519683838,0.000826681440230459,6.7025861740112305,-0.09651890397071838,9.048300743103027
20247722061,0,128.6304931640625,132.27867126464844,123.44749450683594,105.5674057006836,121.57793426513672,95.01789855957031,120.43040466308594,89.28458404541016,0.012361391447484493,2.3605117797851562,-0.1602814793586731,4.557189464569092,-0.32973095774650574,6.829156398773193,-0.5175643563270569,9.227075576782227
20272722061,0,129.41795349121094,132.18431091308594,124.44249725341797,105.29804992675781,122.56554412841797,94.84400939941406,121.33196258544922,89.1832504272461,0.02784384973347187,2.364839792251587,-0.12626329064369202,4.597289562225342,-0.2811475992202759,6.884184837341309,-0.45860981941223145,9.283848762512207
20297722062,0,127.36409759521484,131.97630310058594,120.69252014160156,104.75765991210938,119.05392456054688,94.3905258178711,118.16961669921875,88.8213119506836,-0.01253029890358448,2.3744289875030518,-0.26363641023635864,4.679727554321289,-0.47219228744506836,7.031713962554932,-0.6906551718711853,9.492213249206543
20322722062,0,131.75039672851562,131.14407348632812,128.244384765625,104.5594253540039,126.41175842285156,94.32939147949219,125.07510375976562,88.81292724609375,0.0749405100941658,2.413468599319458,0.008870498277246952,4.7106547355651855,-0.0840601772069931,7.052061080932617,-0.20559747517108917,9.497145652770996
20347722062,0,129.92886352539062,130.59962463378906,126.0296630859375,104.62626647949219,124.39237213134766,94.39485168457031,123.32624816894531,88.77120971679688,0.03890068829059601,2.439608335494995,-0.07137132436037064,4.7001848220825195,-0.1903812736272812,7.030279159545898,-0.3293456435203552,9.521764755249023
20372722063,0,128.77655029296875,130.18470764160156,124.66871643066406,104.55949401855469,123.32032775878906,94.40557861328125,122.5545654296875,88.80132293701172,0.015772894024848938,2.459857940673828,-0.12091623246669769,4.710644245147705,-0.2468368113040924,7.026721477508545,-0.38303613662719727,9.503982543945312
20397722063,0,129.3031463623047,130.00621032714844,125.09419250488281,104.68732452392578,123.59539031982422,94.61709594726562,122.687744140625,89.035888671875,0.02655029483139515,2.468658208847046,-0.10506017506122589,4.690658092498779,-0.23015545308589935,6.957266330718994,-0.36852318048477173,9.36761474609375
20422722063,0,129.84848022460938,130.403076171875,125.59937286376953,104.73623657226562,124.04378509521484,94.66409301757812,123.0531005859375,89.09091186523438,0.03740500658750534,2.449164867401123,-0.0866655707359314,4.683052062988281,-0.2062966525554657,6.942009925842285,-0.3420727550983429,9.33616828918457
20447722064,0,128.65744018554688,130.93594360351562,124.18939971923828,105.18382263183594,122.8323745727539,94.83882141113281,122.02528381347656,89.11840057373047,0.013183376751840115,2.4234042167663574,-0.13571180403232574,4.6144914627075195,-0.26740404963493347,6.885839462280273,-0.41248175501823425,9.320534706115723
20472722064,0,130.75816345214844,131.3286590576172,125.93778228759766,105.59490203857422,124.30101013183594,95.05976867675781,123.26932525634766,89.1705551147461,0.05494220554828644,2.404715061187744,-0.07254572212696075,4.5531325340271,-0.18957401812076569,6.816030025482178,-0.32560378313064575,9.291008949279785
20497722065,0,129.4388885498047,133.5732421875,123.80535888671875,106.59204864501953,121.80366516113281,95.519287109375,120.35099792480469,89.35879516601562,0.02761758863925934,2.3024723529815674,-0.14330758154392242,4.410353660583496,-0.3113589584827423,6.675044059753418,-0.5207578539848328,9.185918807983398
20522722065,0,130.0289764404297,133.6623077392578,124.45178985595703,106.67984771728516,122.23810577392578,95.71379852294922,120.61388397216797,89.61509704589844,0.03888730704784393,2.2985689640045166,-0.1209157258272171,4.398175239562988,-0.2871539294719696,6.617011070251465,-0.4955434799194336,9.046442985534668
20547722065,0,127.43059539794922,132.30319213867188,122.87791442871094,106.33834838867188,121.14485931396484,95.53938293457031,119.87564086914062,89.472900390625,-0.011159155517816544,2.359389543533325,-0.17628608644008636,4.44589376449585,-0.34416916966438293,6.669003963470459,-0.5495089292526245,9.123318672180176
20572722066,0,126.16397094726562,130.90773010253906,122.36631774902344,106.06001281738281,121.23943328857422,95.6227798461914,120.44924926757812,89.74678802490234,-0.03683476522564888,2.4247565269470215,-0.19547812640666962,4.485494136810303,-0.3382226824760437,6.644047737121582,-0.5028297901153564,8.976344108581543
20597722066,0,125.36870574951172,127.82330322265625,123.1182632446289,104.36251068115234,122.17647552490234,94.59181213378906,121.3486328125,89.20500946044922,-0.05570632591843605,2.580833673477173,-0.17827185988426208,4.741751670837402,-0.30463898181915283,6.9654998779296875,-0.4568847417831421,9.271601676940918
20622722066,0,125.87393951416016,128.86846923828125,123.5901107788086,104.47859191894531,122.761962890625,94.51818084716797,121.95081329345703,89.07115173339844,-0.044182952493429184,2.526050090789795,-0.1604653000831604,4.723374366760254,-0.27490705251693726,6.989583969116211,-0.4187789261341095,9.34743881225586
20647722067,0,126.53679656982422,129.69732666015625,123.21321105957031,104.73410034179688,122.10250854492188,94.59574127197266,121.16358184814453,89.06261444091797,-0.029970891773700714,2.484015464782715,-0.17282019555568695,4.683383464813232,-0.308454692363739,6.964219570159912,-0.47351494431495667,9.352314949035645
20672722067,0,126.16564178466797,129.03965759277344,122.96347045898438,104.18465423583984,122.04530334472656,94.12726593017578,121.29196166992188,88.67314147949219,-0.0380064956843853,2.517268180847168,-0.18494099378585815,4.77016544342041,-0.3180406093597412,7.120133876800537,-0.4754761755466461,9.580122947692871
20697722068,0,125.00992584228516,128.698974609375,122.10884857177734,104.24504089355469,121.05118560791016,94.16421508789062,120.15184783935547,88.62518310546875,-0.062324296683073044,2.534797191619873,-0.21591754257678986,4.760483264923096,-0.3705177307128906,7.1075968742370605,-0.5578938722610474,9.608912467956543
20722722068,0,128.41241455078125,128.90199279785156,125.69287872314453,104.18987274169922,124.8028564453125,94.21578216552734,124.02999877929688,88.72779846191406,0.008565587922930717,2.5243263244628906,-0.08470358699560165,4.769327163696289,-0.17007918655872345,7.090170383453369,-0.28048035502433777,9.547513008117676
20747722068,0,124.099609375,128.70555114746094,120.23097229003906,104.35547637939453,119.2375259399414,94.30561065673828,118.59004211425781,88.73820495605469,-0.08128925412893295,2.534456729888916,-0.28377199172973633,4.7428693771362305,-0.4642621576786041,7.060006618499756,-0.6643998026847839,9.541329383850098
20772722069,0,123.20215606689453,128.15858459472656,120.6136245727539,104.1418228149414,119.92743682861328,94.10640716552734,119.39937591552734,88.53730773925781,-0.10096726566553116,2.563037395477295,-0.27158859372138977,4.777055263519287,-0.4315626919269562,7.127228736877441,-0.6146329045295715,9.662096977233887
20797722069,0,123.37092590332031,127.53477478027344,120.66670227050781,104.09353637695312,119.62276458740234,94.23418426513672,118.88310241699219,88.7088394165039,-0.09850987792015076,2.596320629119873,-0.27004265785217285,4.784844398498535,-0.4452769160270691,7.0839715003967285,-0.6448391675949097,9.55880069732666
20822722069,0,125.64372253417969,127.02092742919922,122.79459381103516,104.19541931152344,121.33442687988281,94.51263427734375,120.21195983886719,89.07533264160156,-0.050611499696969986,2.6243038177490234,-0.19107821583747864,4.768436908721924,-0.34991440176963806,6.9914045333862305,-0.5390259027481079,9.345051765441895
20847722070,0,127.40926361083984,127.15718078613281,123.79044342041016,104.31094360351562,122.24311828613281,94.53527069091797,121.09405517578125,89.09487915039062,-0.012657335959374905,2.616832733154297,-0.15397043526172638,4.74995756149292,-0.301908403635025,6.983980178833008,-0.47742781043052673,9.333909034729004
20872722070,0,133.5276336669922,122.58563232421875,130.90834045410156,100.9217300415039,129.38064575195312,92.07978057861328,127.96159362792969,87.38985443115234,0.12914058566093445,2.8894715309143066,0.11884245276451111,5.353458881378174,0.08125946670770645,7.886943340301514,-0.002949303016066551,10.412317276000977
20897722071,0,132.53445434570312,118.90625762939453,130.81028747558594,98.07386779785156,129.8566131591797,89.9996337890625,128.9271697998047,85.77303314208984,0.11424702405929565,3.147500991821289,0.1273784339427948,5.981868267059326,0.12190130352973938,8.844632148742676,0.07955735176801682,11.68157958984375
20922722071,0,131.73410034179688,118.156005859375,130.4532012939453,97.427734375,129.65234375,89.50267028808594,128.8678436279297,85.37257385253906,0.09561111778020859,3.2051644325256348,0.11401871591806412,6.144035339355469,0.11156982183456421,9.107120513916016,0.07669678330421448,12.043378829956055
20947722071,0,130.02854919433594,121.17481994628906,128.5492401123047,99.81874084472656,127.7511215209961,91.25624084472656,126.89200592041016,86.74357604980469,0.048752110451459885,2.9838454723358154,0.023333262652158737,5.581579208374023,-0.015274482779204845,8.241354942321777,-0.08881478011608124,10.886271476745605
20972722072,0,128.0345916748047,121.21751403808594,127.15727996826172,100.19065856933594,126.53282165527344,91.67047882080078,125.8486557006836,87.12405395507812,0.0008306202944368124,2.980910062789917,-0.035328786820173264,5.502664089202881,-0.08814924210309982,8.05937671661377,-0.16810953617095947,10.602340698242188
20997722072,0,126.96240997314453,122.10784912109375,125.6739273071289,100.97978973388672,124.82429504394531,92.31200408935547,124.06820678710938,87.6319580078125,-0.02447206899523735,2.920836925506592,-0.0948590338230133,5.34193229675293,-0.184772789478302,7.792199611663818,-0.29725417494773865,10.24485969543457
21022722072,0,123.09052276611328,123.17539978027344,122.18603515625,101.70463562011719,121.322509765625,92.90511322021484,120.67086029052734,88.10650634765625,-0.1133769229054451,2.851562261581421,-0.2313123494386673,5.201818943023682,-0.377495139837265,7.559774398803711,-0.5377771258354187,9.931228637695312
21047722073,0,120.66712951660156,123.62824249267578,120.43531799316406,101.29765319824219,119.8302001953125,92.43144226074219,119.42338562011719,87.62547302246094,-0.1678561568260193,2.8230416774749756,-0.30514657497406006,5.279635906219482,-0.4725666046142578,7.744309902191162,-0.6486842632293701,10.24927806854248
21072722073,0,120.74845886230469,124.67686462402344,119.967529296875,101.88383483886719,119.3327865600586,92.7505874633789,118.89398193359375,87.80631256103516,-0.16269007325172424,2.7588818073272705,-0.31766068935394287,5.168227672576904,-0.4936279356479645,7.619049549102783,-0.6808455586433411,10.127439498901367
21097722074,0,127.99686431884766,118.6395034790039,127.39471435546875,97.48077392578125,127.02052307128906,89.49993133544922,126.61656188964844,85.34719848632812,-7.945635297801346e-05,3.1677908897399902,-0.028073620051145554,6.130414009094238,-0.06614674627780914,9.10860824584961,-0.12249553203582764,12.067035675048828
21122722074,0,128.21209716796875,118.69119262695312,127.54007720947266,97.52666473388672,127.09259796142578,89.53900909423828,126.60331726074219,85.38003540039062,0.0053684706799685955,3.1638412475585938,-0.02129322662949562,6.118673324584961,-0.061142802238464355,9.087423324584961,-0.12336477637290955,12.036439895629883
21147722074,0,127.76728820800781,117.45169067382812,127.22059631347656,96.59322357177734,126.85426330566406,88.85308074951172,126.49492645263672,84.82549285888672,-0.006050886586308479,3.2610297203063965,-0.03745395317673683,6.366091251373291,-0.08034449070692062,9.473565101623535,-0.13868653774261475,12.5741605758667
21172722075,0,127.96334838867188,116.708984375,127.51673126220703,96.00540924072266,127.24768829345703,88.38417053222656,126.9775619506836,84.4251708984375,-0.0009688329300843179,3.3218467235565186,-0.023791957646608353,6.5317702293396,-0.054265521466732025,9.756143569946289,-0.09724902361631393,12.992169380187988
21197722075,0,127.70206451416016,117.40150451660156,127.3897476196289,96.36005401611328,127.17050170898438,88.64210510253906,126.95404052734375,84.62940216064453,-0.007755372207611799,3.2650766372680664,-0.02960614301264286,6.430854320526123,-0.05890577659010887,9.598734855651855,-0.09787746518850327,12.775604248046875
21222722075,0,128.21983337402344,116.06897735595703,128.13568115234375,95.74713134765625,128.01596069335938,88.27189636230469,127.86304473876953,84.3604965209961,0.005895373411476612,3.375898838043213,0.006752413231879473,6.607161998748779,0.0011592155788093805,9.826220512390137,-0.013094635680317879,13.062241554260254
21247722076,0,128.29818725585938,116.27022552490234,128.410888671875,95.8418197631836,128.2837371826172,88.34358978271484,128.1165771484375,84.41007232666016,0.007960272952914238,3.358733654022217,0.020367393270134926,6.5793328285217285,0.020517263561487198,9.78136157989502,0.011101706884801388,13.008462905883789
21272722076,0,128.07916259765625,115.60861206054688,128.11061096191406,95.415283203125,128.05198669433594,88.04491424560547,127.95169830322266,84.16917419433594,0.0021453513763844967,3.415759801864624,0.005582765210419893,6.7064690589904785,0.003829177003353834,9.970887184143066,-0.004690854344516993,13.273894309997559
21297722076,0,128.22633361816406,115.44438171386719,128.23590087890625,95.3436279296875,128.1827392578125,87.98943328857422,128.06988525390625,84.1329116821289,0.006156956311315298,3.4301841259002686,0.011942955665290356,6.728282928466797,0.01350670587271452,10.00687313079834,0.006807241588830948,13.314762115478516
21322722077,0,128.2213897705078,115.58392333984375,128.2600555419922,95.40730285644531,128.20819091796875,88.02869415283203,128.08302307128906,84.17707824707031,0.006003187038004398,3.417921304702759,0.01313002035021782,6.708892345428467,0.015350209549069405,9.981382369995117,0.008057611994445324,13.265018463134766
21347722077,0,128.11106872558594,115.37345886230469,128.15509033203125,95.31439208984375,128.1047821044922,87.96747589111328,127.9886474609375,84.12450408935547,0.003026344580575824,3.4364473819732666,0.00786160584539175,6.737221717834473,0.007755352184176445,10.021183967590332,-0.0011065718717873096,13.324272155761719
21372722078,0,127.98382568359375,115.33297729492188,127.98683166503906,95.30977630615234,127.92453002929688,87.9874267578125,127.82597351074219,84.13442993164062,-0.0004411213449202478,3.4400315284729004,-0.0006676416378468275,6.738635063171387,-0.005578869953751564,10.0081787109375,-0.01694909855723381,13.3130464553833
21397722078,0,128.13111877441406,116.15850067138672,128.11878967285156,95.85206604003906,127.92827606201172,88.37289428710938,127.6846923828125,84.44275665283203,0.003509144065901637,3.36824369430542,0.005885770078748465,6.576333999633789,-0.005177132785320282,9.763138771057129,-0.029948044568300247,12.973241806030273
21422722078,0,128.34490966796875,117.97901916503906,128.24720764160156,96.80376434326172,127.77509307861328,89.03814697265625,127.20916748046875,84.96436309814453,0.00886535830795765,3.219041585922241,0.01177863497287035,6.308659076690674,-0.01560023333877325,9.366320610046387,-0.0720914900302887,12.435185432434082
21447722079,0,128.80389404296875,117.57328033447266,128.4409637451172,96.66642761230469,127.94134521484375,88.94865417480469,127.36022186279297,84.90400695800781,0.020846789702773094,3.2512621879577637,0.021127458661794662,6.346011161804199,-0.0040899585001170635,9.417888641357422,-0.05859431251883507,12.495219230651855
21472722079,0,129.3460235595703,116.8880615234375,128.92910766601562,96.37342834472656,128.36932373046875,88.79151916503906,127.72844696044922,84.79141235351562,0.03543826565146446,3.3069987297058105,0.04505055025219917,6.427106857299805,0.02599368803203106,9.509764671325684,-0.02508920058608055,12.60872745513916
21497722079,0,130.8814697265625,117.81950378417969,130.13314819335938,96.9969253540039,129.30807495117188,89.22453308105469,128.4129638671875,85.14611053466797,0.07432147860527039,3.2316410541534424,0.1008521318435669,6.2568182945251465,0.08975028246641159,9.260639190673828,0.037124909460544586,12.257736206054688
21522722080,0,128.21554565429688,116.13294982910156,128.23155212402344,95.85176086425781,127.81111145019531,88.37105560302734,127.26596069335938,84.46054077148438,0.005772008094936609,3.370425224304199,0.011473051272332668,6.576423645019531,-0.013635767623782158,9.764280319213867,-0.06961984932422638,12.954155921936035
21547722080,0,127.71525573730469,116.70256042480469,127.74744415283203,96.16328430175781,127.34172821044922,88.60191345214844,126.85022735595703,84.65619659423828,-0.007527889683842659,3.3223817348480225,-0.012352421879768372,6.486480712890625,-0.046859510242938995,9.622941017150879,-0.10736417025327682,12.747709274291992
21572722081,0,127.01641082763672,116.10224914550781,126.88368225097656,95.98766326904297,126.50823974609375,88.51477813720703,126.09747314453125,84.583740234375,-0.026357464492321014,3.3730499744415283,-0.05499846115708351,6.536898612976074,-0.10675222426652908,9.675824165344238,-0.1786782592535019,12.823413848876953
21597722081,0,127.18643188476562,116.82567596435547,127.13392639160156,96.73255157470703,126.75454711914062,89.13484191894531,126.30548095703125,85.1070327758789,-0.021449526771903038,3.3121578693389893,-0.041384387761354446,6.327975273132324,-0.0859009325504303,9.31120777130127,-0.15278922021389008,12.295475006103516
21622722081,0,126.32059478759766,118.55347442626953,126.27851867675781,98.17726135253906,125.77002716064453,90.21753692626953,125.22418212890625,85.96774291992188,-0.04263380169868469,3.1743838787078857,-0.07771927863359451,5.956661701202393,-0.14466403424739838,8.73405647277832,-0.23486341536045074,11.513163566589355
21647722082,0,128.1046905517578,119.90059661865234,127.68202209472656,99.38043212890625,127.09642028808594,91.12773132324219,126.46973419189453,86.70816040039062,0.002582957036793232,3.0738604068756104,-0.013724839314818382,5.677332401275635,-0.05582820624113083,8.29941177368164,-0.12295866757631302,10.913447380065918
21672722082,0,130.08534240722656,118.84832763671875,128.91294860839844,98.94705200195312,128.07496643066406,90.94099426269531,127.25818634033203,86.64800262451172,0.05260584130883217,3.1518876552581787,0.04003923013806343,5.77507209777832,0.004677509889006615,8.385177612304688,-0.05985039845108986,10.95991039276123
21697722082,0,130.06532287597656,120.62539672851562,128.96815490722656,100.277099609375,127.88350677490234,91.88802337646484,126.8829574584961,87.36444091796875,0.05019673332571983,3.0220799446105957,0.040463242679834366,5.484620571136475,-0.0069224475882947445,7.966844081878662,-0.08592184633016586,10.43020248413086
21722722083,0,129.52740478515625,123.97276306152344,128.40061950683594,102.44438171386719,127.05282592773438,93.44406127929688,125.95021057128906,88.46417999267578,0.03473193570971489,2.8016767501831055,0.015551617369055748,5.065704345703125,-0.05220034718513489,7.3597235679626465,-0.14713627099990845,9.706789016723633
21747722083,0,131.27041625976562,126.7804946899414,128.9222869873047,103.86451721191406,126.97526550292969,94.28182983398438,125.6232681274414,88.95087432861328,0.07055498659610748,2.6375772953033447,0.034206558018922806,4.822109222412109,-0.054351452738046646,7.067968368530273,-0.16570618748664856,9.416603088378906
21772722084,0,130.7397003173828,126.10330200195312,128.0744171142578,103.80203247070312,126.05172729492188,94.52092742919922,124.65291595458984,89.3026351928711,0.05984528362751007,2.675597667694092,0.00276546785607934,4.832369804382324,-0.10223841667175293,6.988682746887207,-0.2286151498556137,9.217032432556152
21797722084,0,126.54026794433594,125.2957763671875,124.93190002441406,103.47968292236328,123.61106872558594,94.42755889892578,122.78641510009766,89.31131744384766,-0.03236912563443184,2.722198247909546,-0.11518337577581406,4.885948657989502,-0.2312743216753006,7.019442558288574,-0.35592374205589294,9.21220874786377
21822722084,0,125.06289672851562,123.81398010253906,123.87115478515625,102.56666564941406,123.10794830322266,93.7757797241211,122.70650482177734,88.84581756591797,-0.06699199974536896,2.811488389968872,-0.15963612496852875,5.0438385009765625,-0.26550209522247314,7.241517066955566,-0.37136510014533997,9.477823257446289
21847722085,0,124.5435562133789,124.37774658203125,123.8253173828125,102.31224060058594,123.48859405517578,93.38385772705078,123.44701385498047,88.4137191772461,-0.07798899710178375,2.776921510696411,-0.16276313364505768,5.089530944824219,-0.24933113157749176,7.381570339202881,-0.3278234004974365,9.737860679626465
21872722085,0,125.1433334350586,124.09243774414062,124.58922576904297,102.01069641113281,124.32160186767578,93.12748718261719,124.34148406982422,88.2098388671875,-0.06480903178453445,2.7943215370178223,-0.13431592285633087,5.144689083099365,-0.20576028525829315,7.4759955406188965,-0.2667330801486969,9.86536979675293
